20 1000 1 9
0000000000000000000
0000000000000000000
0010000000000000000
0010000000000000000
0010000000000000000
0010000000000000000
0010000000000000000
0010000000000000000
0010000000000000000
0000000000000000000
0000000000000000000
0000000000000000000
0000000000000000000
0000010000000000000
0000010000000000000
0000010000000000000
0000010000000000000
0000010000000000000
0000000000000000000
0000000000000000000
00000000000000000000
00000000000000000000
00000000000000000000
00000000000000000000
00000000000000000000
00000000000000000000
00000000000000000000
00000000000000000000
00000000000000000000
00000000000000000000
00000000000000000000
00000000000000000000
00000000000000000000
00000000000000000000
00000000000000111111
00000000000000000000
00000000000000000000
00000000000000000000
00000000000000000000
