20 1000 4 8
0001000100000000000
0000000100000000000
0000000100000000000
0000000100000000000
0000000100000000000
0000100100000000000
0000100000000000000
0000100000000000000
0000100000000000000
0000100000000000001
0000000000000000001
0000000000000000001
0000000000000000001
0000000000000000001
0000000000000000001
0000000000000000001
0000000000000000001
0000000000000000001
0000000000000000001
0000000000000000000
00000000000000000000
00000000000000000000
00000000000000000000
00000000000000000000
00000000000000000000
00000000000000000000
00000000000000000000
00000000000000000000
00000000000011111000
00000000000000000000
00000000000000000000
00000001111111111100
00000000000000000000
00000000000000000000
00000000000000000000
00000000000000000000
00000111111111111100
00000000000001111111
00000000000000000000
