20 1000 7 9
0000000110000000000
0000000110000000000
0000000110000000000
0000000100000001000
0000000100000001000
0000000100000001000
0000000100000001000
0000000100000001000
0000000100000001000
0000000000000001000
0000000000000001000
0000000000010001000
0100000000010001000
0100000000010001000
0100000000010000000
0100000000010000000
0100000000010000000
0100000000010000000
0000000000010000000
0000000000010000000
00000000000000000000
00000000000000000000
00000000000000000000
00000000000000000000
00000000000000000000
00000000000000000000
00000000000000000000
00011111111111111000
00000000000000000000
00000000000000000000
00000000000000000000
11111111100000000000
00000000000000000000
00000000000000000000
00000000000000000000
00000000000000000000
00000111111000011111
00000000000000000000
00000000000000000000
