20 1000 8 10
0000000011000000000
0000000011000000000
0000000011000000000
0000000001000000000
0000000000000000000
0000000000000000000
0000100000000000000
0000100000000000000
0000100000000000000
0000100000000000000
0000100000000000000
0000100000000000000
0000100100000000000
0000100100000000000
0000100100000000000
0000100100000000000
0000000100000000000
0000000100000000000
0000000100000000000
0000000100000000000
00000000000000000000
00000000000000000000
00000000000000000000
00000000000000000000
00000000000000000000
00000000000000000000
00000000000000000000
00000000000000000000
00000000000000000000
00000000000000000000
00000000000000000000
00000000000000000000
00000000000000000000
00000000000000000000
00011111100000000000
00000000000000000000
00000000000000000000
00000000000000000000
00000000000000000000
