20 1000 1 6
0000000000000000000
0000000000000100000
0000000000000100000
0000000000000100000
0000000000000100000
1000000000000100000
1000000000000100000
1000000000000100000
1001000000000100000
1001000000000100000
1001000000000100000
0001000000000100000
0001000000000100000
0001000000000100000
0001000000000000000
0001000000000000001
1001000000000000001
1001000000000000001
1001000000000000001
1001000000000000001
00000000000000000000
10000000000000000000
00000000000000000000
00000000000000000000
00000000000000000000
00000000000000000000
00000000000000000000
00000000000000000000
00000000000000000000
00000011111111111110
00000000000000000000
00000000000000011111
00000000000000000000
00000000000000000000
00000000111111111100
00000000000000000000
00000000111111111100
00000000000000000000
00000000000000000000
