20 1000 9 1
0000000000000000000
0000000000100001000
0000000000100001000
0000000000100001000
0000000000100001000
0000000000100001000
0000000000100001000
0000000000110001000
0000000000110000000
0000000000110001000
0000000000110001000
0000000000110001000
0000000000110001000
0000000000010001000
0000100000010001000
0000100000010001000
0000100000010101000
0000100000010101000
0000100000000101000
0000100000000101000
00000000000000000000
00000000000000001111
00000000000000000000
00000000000000000000
00000000000000000000
00000000000000000000
00000000000000000000
00000000000000000000
00000000000000000000
00000000000000000000
00000000000000000000
00000000000000000000
00000000000000000000
00000000000000000000
00000000000000000000
00000000000000000000
00000000000000000000
00000000000000000000
00000000000000000000
