20 1000 6 4
0000000000001000000
0000000000001000000
0010000000001000000
0010000000001000000
0010000000001000000
0010000000001000000
0010000000001000000
0010000000001000000
0010000000001000000
0010000000001000000
0010000000001000000
0010000000001000000
0010000000001000000
0010000000001000000
0010000000000000000
0010000000000000000
0010000000000000000
0000000000000000000
0000000000000000000
0000000000000000000
00000000000000000000
00000000000000000000
00000000000000000000
11111111000000000000
00000000000000000000
00000000000000000000
00000000000000000000
00000000000000000000
00000000000000000000
00000000000000000000
00000000000000000000
00000000000000000000
00000000000000000000
00000000000000000000
00000000000000000000
00000000000000000000
00000000000000000000
00111111110000000000
00000000000000000000
