20 1000 3 9
0000010000000000000
0000010000000000000
0000010000000000000
0000010000000000010
0000010000000000010
0000010000000000010
0000010000000000010
0000010000000000010
0000010000000000010
0000010000000000010
0010010000000000010
0010010000000000010
0010010000000000000
0010010000000000000
0010010000000000000
0010000000000000000
0000000000000000000
0000000000000000000
0000000000000000000
0000000000000000010
00000000000000000000
00000000000000000001
00000000000000000000
00000000000000000000
00000000000000000000
00000000000000000000
00000000000000000000
00000111111000000000
00000000000000000000
00000000000000000000
00000000000000000000
00000000000000000000
00000000000000000000
00000000000000000000
00000000000000000000
00011111111111110000
00000000000000000000
00000000000000000000
00000000000000000000
