20 1000 8 2
0000000000000101000
0000000000000101000
0000000000000100000
0000010000000100000
0000010000000100000
0000010000000100000
0000010000000100000
0000010000000100000
0000010000000100000
0000010000000100000
0000010000000100000
0000010000000100000
0000010000000000000
0000000000000000000
0000000000000000000
0000000000000000000
0000000000000000000
0000000000000000000
0000000000000000000
0000000000000000000
00011111111111100000
00000000000000000000
00001111100000000000
00000000000000000000
00000000000000000000
00000000000000000000
00000000000000000000
00000000000000000000
00000000001111111000
00000000000000000000
11000000000000000000
00000000000000000000
11111111111110000000
00000000000000000000
00000000000000000000
00000000000000000000
00000000000000000000
00000000000000000000
00000000000000000000
