20 1000 3 10
0000000010000000000
0000000010000000000
0000000010000000000
0000000010010000000
0000000000010000100
0000000000010000100
0000000000010000100
0000000000010000100
0000000000010000100
0000000000010000100
0000000100010000000
0000000100010000000
0000000100010000000
0000000100010000000
0000000100010010000
0000000100000010000
0000000100000110000
0000000100000110000
0000000100000110000
0000000000000110000
00000000000000000000
00000000000000000000
00000000000000000000
00000000001111111110
00000000000000000000
00000000000000000000
00000000000000000000
00000000000000000000
00000000000000000000
00000000000000000000
00000000000000000000
00000000000000000000
01111111000000000000
00000000000000000000
00000000000000000000
00000000000000000000
00000000000000000000
00000000000000000000
00000000000000000000
