20 1000 3 8
0000000001000000000
0000000001000000000
0000000001000000000
0000000001000000000
0000000001000000000
0000000001000001000
0000000000000001000
0000000000010001000
0000000000010001000
0000000000010001000
0000000000010001000
0000000000010001000
0000000001010001000
0000000001010001000
0000000001010001000
0000000001010001000
0000000001010000000
0000000001000001000
1000000001000001000
1000000001000001000
00000000000000000000
00000000000111111110
00000011111111111000
00000000000000000000
00000000000000000000
00000000000000000000
11111100000000000000
00000000000000000000
00000000000000000000
00000000000000000000
10000000000000000000
00000000000000000000
00000000000000000000
00000000000000000000
00000000000000000000
00000000000000000000
00000000000000000000
00000000000000000000
00000000000011111110
