20 1000 10 2
0000000000000000000
0000000000000000000
0000000100000000000
0000000100000000000
0000001100000000010
0000001100000000010
0000001100000000010
0000001100000000010
0000001100000000010
0000001100000000010
0000001100000000010
0000001100000000010
0000001100000000010
0000001100000000010
0000001000001000010
0000001000001000010
0000001000001000010
0000001000001000010
0000001000001000000
0000000000001000000
00000000000000000000
00000000000000000000
00000000000000000000
00000000000000000000
00000000000000000000
00000000000000000000
00000000000000000000
00000000000000000000
11100000000000000000
00000000000000000000
00000000000000000000
00000000000000000000
00000000000000000000
00000000000000000000
00000000000000000000
00000000000000000000
00000000000000000000
00000000000000000000
00000000000000000000
