20 1000 9 1
0000000100000000000
0000000100000000010
0000000100000000010
0000000100000000010
0000000000000000010
0000000000000000010
0000000000000000010
0000000000000000010
0000000000000000010
0000000000000000000
0000000000000000000
0000000000000000000
0000000000000000000
0000000000100000010
0000000000100000010
0000000000100000010
0000000000100000010
0000000000100000010
0000000000100000010
0000000000100000010
00000000001111111110
00000000000000000000
00000000000000000000
00000000000000001111
11111111111111000000
11110000000000000000
00000000000000000000
00000000000000000000
00000000000000000000
00000000000000000000
00000000000000000000
00000000000000000000
00000000000000000000
00000000000000000000
00000000000000000000
00000000000000000000
00000000000000000000
00000000000000000000
11111111000000000000
