20 1000 1 5
0000000000000000001
0000000000000000001
0000000000000000001
0000000000000000001
0000000010000000000
0000000010000000000
0000000010000000000
0000000010000000000
0000000010000000110
0000000010000000110
0000000010000000110
0000000010000000110
0000000010000000110
0000000010000000110
0000000010000000110
0000000010000000010
0000000010000000010
0000000010000000010
0000000000000000010
0000000000000000010
00000000000000000000
00000000000000000000
00000000000000000000
00111111110000000000
00000000000000000000
00000000000000000000
00000000000000000000
00000001111111000000
00000000000000000000
00000000000000000000
00000000000000000000
00000000000000000000
00000000000000000000
00000000000000000000
00000000000000000000
00000000000000000000
00000000000000000000
00000000000000000000
00000000000000000000
