20 1000 5 1
0000000000000000010
0000000000000000010
0000000000000000010
0000000000000000010
0000100000000000010
0000100000000000010
0000100000000000010
0000100000000000010
0000100000000000010
0000100000000000010
0000000000000000010
0000000000000000010
0000000000000000010
0000000000000000000
0000000000000000000
0000000000000000000
0000000000000000000
0000000000000000000
0000000000000000000
0000000000000000000
00000000000000000000
00000000000000000000
00000000000000000000
00000000000000000000
00000000000000000000
00000000000000000000
00000000000000000000
00000000000000000000
00000000000000000000
00000000000000000000
11111111111111111000
00000000000000000000
00000000000000000000
00000000000000000000
00011111110000000000
00000000000000000000
00000000000000000000
00000000000000000000
00000000000000011111
