20 1000 2 6
0000000000000010000
0000000000000010000
0000000000001010000
0000000000001000000
0010000000001000000
0010000000001000000
0010000000001000000
0010000000001000000
0010000000001000000
0010000000001000000
0010000000001000000
0010000000001000000
0010000000001000010
0010000000001000010
0000000000001000011
0000000000001000011
0000000000001000011
0000000000000000011
0000000000000000011
0000000000000000001
00000000000000000000
00000000000000000000
00000000000000000000
00000000000000000000
00000000000000000000
00000000000000000000
00000000000000000000
00000000000000000000
00000000000000000000
00000000000000000000
00000000000000000000
00000000000000000000
00000000001111111000
11111110000000000000
00000000000000000000
00000000000000000000
00000000000000000000
00000000000000000000
00000000000000000000
