20 1000 6 10
0000000000000000000
0000000000000000000
0000000000000000000
0100010000000000000
0100010000000000000
0100010000000000000
0100010000000000000
0100010000000000000
0100010000000000000
0100010000000000000
0100010000000000000
0100000000000000000
0100000000000000000
0000000000000000000
0000000000000000000
0000000000000000000
0000000000000000000
0000000000000000000
0000000000000000000
0000000000000000000
00000000000000000000
00000000000001111110
00000000000000000000
00000000000000000000
00000000000000000000
00000000001111111110
00000000000000000000
00000000000000000000
00000000000000000000
00000000000000000000
00000000000000000000
00000000000000000000
00000000000000000000
00000000000000000000
00000000000000000000
00000000000000000000
00000000000000000000
00000000000000000000
00000000000000000000
