20 1000 1 1
0000000000000000000
0000000000100000000
0000000000100000000
0000000000100000000
0000010000100000000
0000010000100000000
0000010000100000000
0000010000100000000
0000010000100000000
0000010000100000000
0000010000100000000
0000010000100000000
0000010000100000000
0000010000100000000
0000010000100000000
0000010000100000000
0000010000000000000
0000010000001000000
0000010000001000000
0000000000001000000
00000000000001111111
00000000000000000000
00000000000000000000
00000001111111111110
00000000000000000000
00000000000000001111
00000000000000000000
00000000000000000000
11111100000000000000
00000000000000000000
00000000000000000000
00000000000000000000
00000000000000000000
00000000000000000000
00000000000000000000
00000000000000000000
00000000000000000000
00000000000000000000
00000000000000000000
