20 1000 6 8
0000100000000000000
0000100000000000000
0000100000000000000
0000100100000000000
0000100100000000000
0000100100000000000
0000100100000000000
0000100100000000000
0000100100000000000
0000000100000000000
0000000100000000000
0000000100000000000
0000000100000000000
0000000100000000000
0000000100000000000
0000000100000000000
0000000100000000000
0000000000000000000
0000000000000000000
0000000000000000000
00000000000000000000
00000000000000000000
00000000000000000000
00000000000000000000
00000000000000000000
00000000000000000000
00000000000000000000
00000011111100000000
00000000000000000000
00000000000000000000
00000000000000000000
00000000000000000000
00000000000000000000
00000000000000000000
00000000000000000000
00000000000000000000
00000000000000000000
00000000000000001111
11110000000000000000
