20 1000 8 2
0010000000000000000
0000000000000000000
0000000000000000000
0000000000000000000
0000000000000000000
0000000000000000000
0000000000000000000
0000000000000000000
0000000000000000000
0000000000000000000
0000000000000000000
0000000000000000000
0000000000000000000
0000000000010000000
0000000000010000000
0000000000010000000
0000000000010001000
0000000000010001000
0000000000000001000
0000000000000001000
00000000000000001111
00000000000000000000
00000000000000000000
00000000000000000000
00000000000000000000
00000000000011111111
00000000000000000000
00000001111111111110
00000000000000000000
00000000000000000000
00000000000000000000
00000000000111111110
11111111100000000000
00000000000000000000
00000000000000000000
00000000000000000000
00000000000000000000
00000000000000000000
00000000000000000000
