20 1000 8 1
0000000000000000000
0000000000000000000
0000000000000000000
0000000000000000000
0000000000000000000
0000000000000000000
0000000000000000000
0000000000000000000
0000000000000000000
0000000000000001000
0000000000000001000
0000000000000001000
0000000000000001000
0000001000000001000
0000001000000001000
0000001000000001000
0000001000000001000
0000001000000001000
0000001000000001000
0000001000000001000
00000000000000000000
00000000000000000000
00000000000000000000
00000000000000000000
00000000000000000000
00000000000000000000
00000000000000000000
00000000000000000000
00000000000000000000
11100000000000000000
00000000000000000000
00000000000000000000
00000000000000000000
00000000000000000000
00000000000000000000
00000000000000000000
00000000000000000000
11110000000000000000
00000000000000000000
