20 1000 3 6
0000000000100000000
0000001000100000000
0000001000000000000
0000001000000000001
0000001000000000001
0000001000000000001
0000001000000000001
0000001000000000001
0000000000000001001
0010000000000001001
0010000000000001001
0010000000000001001
0010000000000001001
0010000000000001001
0010000000000001001
0010000000000000000
0010000000000000000
0010000000000000000
0010000000000000000
0010000000000000000
00000000000000000000
00000000000000000000
00000000000000000000
00000000000000000000
00000000000000000000
00000000000000000000
00000000000000000000
00000000000000000000
00000000000000000000
00000000000000000000
00000000000000000000
00000000111111110000
00000000000000000000
00000000000000000000
00000000000000000000
00000000000000000000
00000000000000000000
00000000000000000000
00000000000000000000
