20 1000 10 3
0000000000000000000
1000000000000000000
1000000000000000000
1000000000000000000
1001000000000000000
1001000000000000000
0001000010000000000
0001000010000000000
0001000010000000000
0000000010000000000
0000000010000000000
0000000010000000000
0000000010000000000
0001000010000000000
0001000010000000000
0001000010000000000
0001000010000000000
0001000010000000000
0001000000000000000
0000000000000000000
00000000000000000000
00000000000000000000
00000000000000000000
00000000000000000000
00001111111100000000
00000000000000000000
10000000000000000000
00000000000000000000
00000000000000000000
00000000000000000000
00000000000000000000
00000000000000000000
00000000111111000000
00000000000000000000
00000000000000000000
00000000000000111111
00000000000000000000
00000000000000000000
00000000000000000000
