20 1000 7 2
0000000010000000001
0000000010000000001
0000010010000000001
0000010010000000001
0000010010000000000
0000010011000000000
0000010011001000000
0000000011001000000
0000000011001000000
0000000011001000000
0000000001001000000
0000000001001000000
0000000001001000010
0000000001001000010
0000000001001000010
0000000001000000010
0000000000000000010
0000000000000000010
0000000000000000000
0000000000000000000
00000000000000000000
00000000000000000000
00000000000000000000
00000000000000000000
00000000000000000000
00000000000000000000
00000000000000000000
00000000000000000000
00000000000000000000
00000000000000000000
00000000000000000000
00000000000000000000
00000000000000000000
00000000000000000000
00000000000000000000
00000000000000000000
00111111111110000000
00000000000000000000
00000000000000000000
