20 1000 1 6
0000000000000000000
0000000000000000000
0000000000000000000
0000000000000000000
0000000000000000000
0000000000000000000
0000000000000000000
0000000000000000000
0000000000000000000
0000000000000000000
0000000000000001000
0000000000000001000
0000000000000001000
0000000000000001000
0000000000000001000
0000000000000001000
0000000000000001000
0000000000000001000
0000000000000001000
0000000000000000000
00000011111111000000
00000000000001111110
00000000000000000000
00000000000000000000
00000000000000000000
00000000000000011111
00000000000000000000
00000000000000000000
00000000000000000000
00000000000000000000
00000111111100000000
00000000000000000000
00000000000000000001
00000000000000000000
00000000000000000000
00000000000000000000
00000000000000000000
00000000000000000000
00000000000000000000
