20 1000 10 8
0100000000000100000
0100000000000100000
0100000000000000100
0100000000000000100
0100000000000000100
0000000000000000100
0000000000000000100
0000000000000000100
0000000000000000100
0000000000000000100
0000000000000000100
0000000000000000100
0000000000000000100
0000000000000000100
0001000000000000100
0001000000000000100
0001000000000000100
0001000000000000100
0001000000000000100
0001000000000000000
00000000000000000000
00000000000000000000
00000000000000000000
00000000000000000000
00000000000000000000
00000000000000000000
00000000000000000000
00000000000000001111
00000000000000000000
00000000000000000000
00000000000000000000
00000000000000000000
00000000000000000000
00000000000000000000
00000000000000000000
00000000000000000000
00000000000000000000
00000000000000000000
00000000000000000000
