20 1000 8 3
0100000000000000001
0100000000000000001
0100000000000000001
0100000000000000001
0100000000000000101
0100000000000000101
0100000000000000101
0100000000000000101
0100000000000000101
0100000000000000101
0100000000000000000
0000000000000000000
0000000000000000000
0000000000000000000
0000000000000000000
0000000000000000000
0000000000010000000
0000000000010000000
0000000000010000000
0000000000010000000
00000000000000000000
00000000000000000000
00000000000000000000
00000000000000000000
00000000000000000000
00000000000000000000
10000000000000000000
00000111111111111110
00000000000000000000
00000000000000000000
00000000000000000000
00000000000000000000
00000000000000000000
00000000111111111111
00000000000000000000
00000000000000000000
00000000000000000000
00000000000000000000
00000000000000000000
