20 1000 9 1
0000000000000000000
0000000000000000000
0100000000000000000
0100000000100000000
0100000000100000000
0100000000100000000
0100000000100000000
0100000000100000000
0100000000100000000
0100000000100000000
0100000000100000000
0101000000100000000
0101000000100000000
0101000000100000000
0101000000100000000
0001000000100010000
0001000000000010000
0001000000000010000
0001000000000010000
0000000000000010000
00000000000000111111
00000000000000000000
00000000000000000000
00000000000000000000
00000000000000000000
00000000000000000000
00000011111111111110
00000000000000011111
00000000000000000000
00000000000000000000
00000000000000000000
00000000000000000000
00000011111100000000
00000000000000000000
00000000000000000000
00000000000000000000
00000000000000000001
00000000000000000000
00000000000000000000
