20 1000 10 1
0000000000000000000
0000000000000000000
0000000001000000000
0000000001000000000
0000000001000000000
0000000001000000000
0000000001000000000
0000000001000000000
0000010001000000000
0000010001000000000
0000010001000000000
0000010001000000000
0000010001001000000
0000010001001000000
0000010001001000000
0000010001001000000
0000010001001000000
0000010000001000000
0000010000001000000
0000010000000000000
10000000000000000000
00000000000011111000
00000000000000000000
00000000000000000000
11111111100000000000
00000000000000000000
00000000000000000000
00000000000011111100
00000000000000000000
00000000000000000000
00000000000000000000
00000000000000000000
00000001111110000000
00000000000000000000
00000000000000000000
00000000000000000000
00000000000000000000
11000000000000000000
00000000000000000000
