20 1000 3 7
0000000000100000000
0000000000100000000
0000000000000000000
0010000000000000000
0010001000000000000
0010001000000000000
0010001000000000000
0010001000000000010
0010001000000000010
0010001000000000010
0010001000000000010
0010000000000000010
0010000000000000000
0010000000000000000
0010000000000000000
0010000000000000000
0000000000000000000
0000000000000000000
0000000000000000000
0000000000000000000
00000000000000000000
00000000000000000000
00000000000000000111
00000011111111111000
00000000000000000000
00000000000000000000
00000000000000000000
00000000000000000000
00000000000000000000
00000000000000111111
00000000000000000000
00000000000000000000
00000000000000000000
00000000000000000000
00000000000000000000
00000000000000000000
00000000000000000000
00000000000000000000
00000000000000000000
