20 1000 5 10
0000000000000000000
0000000000000000000
0000000000000000000
0000000000000000000
0000000000000000000
0000000000000000000
0000000000000000000
0000000000000000000
0000000000000000000
0000000000000000000
0000000000000000000
0000000000000000000
0000000000001000000
0000000000001000000
0000000000001000000
0000000000001000000
0000000000001000000
0000000000001000000
0000000000001000000
0000000000001000000
00000011111111111000
11111111100000000000
00000000000000000000
00000000000000000000
00000000000000000000
00000000000000000000
00000000000000000000
00000000000000000000
00000000000000000000
00000011111111110111
00000000000000000000
00000000000000000000
00000000000000000000
00000000000000000001
00000000000000000000
00000000000000000000
00000000000000000011
00000000000000000000
00000000000000000000
