20 1000 1 7
0000000100000100000
0000000000000100000
0000000000000000000
0000000000000000000
0110000000000000000
0110000000000000000
0110000000000000000
0110000000000000000
0110000000000000000
0110000000000000000
0110000000000000000
0110000000000000000
0110000000000000000
0100000000000000000
0100010000000000000
0000010000000000000
0000010000000000000
0000010000000000000
0000010000000000000
0000010000000000000
00000000000000000000
00000000000000000000
00000011111111110000
00000000000000000000
00000000000000000000
00000000000000000000
00000000011111100000
00000000000000000000
00000000000000000000
00000000000000000000
00000000000000000000
11110000000000000000
00000000000011111110
00000000000000000000
00000000000000000000
00000000000000000000
00000001111111111111
00000000000000000000
00000000000000000000
