20 1000 4 8
0100000000000000000
0100000000100000010
0100000000100000010
0100000000100000010
0100000001100000010
0100000001100000010
0100000001000000010
0100000001000000010
0101000001000000010
0101000001000000010
0001000001000000010
0001000001000000010
0001000001000000000
0001000000000000000
0001000000000000000
0000000000000000000
0000000000000000000
0000000000000000000
0000000000000000000
0000000000000000000
00000000000000000000
00000000000000000000
00000000000000000000
00000000000000000000
00000000000000000000
00000000000000000000
00000000000000000000
01111110000000000000
00000000000000000000
00000000000000000000
00000000000000000000
00000000000000000000
00000000000000000000
00000000000000000000
00000000000000000000
00000000000000000000
00000000000000000000
00000011111111110000
00000000011111111110
