20 1000 2 10
0000000000100000001
0000000000100000000
0000000100100000000
0000000100100000000
0000000100100000000
0000000100100000000
0000000100100000000
0000000100100000000
0000000100100000000
0000000100100000000
0000000100100000000
0000000100100000000
0000000100000000000
0000000100000000000
0000010100000000000
0000010000000000000
0000010000000000000
0000010000000000000
0001010000000000000
0001000000000000000
00000000000000000000
00000000000000000000
00000000000000000000
00000000000000000000
01111111111111100000
00000000000000000000
00000000000000000000
00000000000000000000
00000000000000000000
00000000000000000000
00000000000000000000
00000000000000000000
00000000000000000000
00000000000000000000
00000000000000000000
00000000000000000000
00000000000000000000
00000000000000000000
00000000011111110000
