20 1000 3 3
0000000000000000000
0000000000000000000
0000000000000000000
0000000000000000000
0100000000000000000
0100000000000000000
0100000000000000000
0100000000000000000
0100000000000000000
0100000000000000000
0100000000000000000
0100000000000000000
0000000000000000000
0000000000000000000
0000000000000000000
0000000000000000000
0000000000000000000
0001000000000000000
0001000000000000000
0001000000000000000
00000011111000000000
00000000000000000000
00000000000000000000
00000000000000000000
00000000000000000000
00011111111100000000
00000000000000000000
00000000000000000000
00000011111111111111
00000000000000000000
11111110000000000000
01111111111111000000
00000011111000000000
00000000000000000000
00000000000000000000
00000000000000000000
00000000000000000000
00000000000000000000
00000000000000000000
