20 1000 8 6
0000010000000010000
0000010000000010000
0000010000000010000
0000010000000010000
0000010000000010000
0000010000000010000
0000010000000000000
0000000000000100010
0000000000000100010
0000000000000100010
0000000000000100010
0000000000000100010
0000000000000000010
0000000000000000000
0000000000000000000
0000000000000000000
0000000000000000000
0000000000000000000
0000000000000000000
0000000000000000000
00000000000000000000
10000000000000000000
11110000000000000000
00000001111111110000
00000000000000000000
00000000000000000000
00000000000000000000
00000000000000000000
00000000000000000000
00000000000000000000
00000000000000000000
00000000000000000000
11111111111000000000
00000000000000000000
00000000000000000000
00000111111111111000
00000000000000000000
00000000000000000000
00000000000000000000
