20 1000 4 4
0000000000000000000
0000000000000000000
0000000000000000000
0000000000000000000
0000000000000000000
0000000000000000000
0000000000010000000
0000010000010000000
0000010000010000000
0000010000010000000
0000010000010000000
0000010000010000000
0000010000010000000
0000010000010000000
0000000000010000000
0000000000010000000
0000000000000000000
0000000000000000000
0000000000000000000
0000000000000000000
00000000000000000000
00000000000000000000
00000000000000000000
00000000000000000000
00000000000000000000
00000000000000000000
00000000000000000000
00000000111110000000
00000000000000000000
00000000000000000000
00000000000000000000
00000000000000000000
00000000000000000000
00000000001111111111
00000000000000000000
00000000000000000000
11110000000000000000
00000000000000000000
00000000000000000011
