20 1000 4 9
1000010000000000100
1000010000000000100
1000010000000000100
1000010000000000100
1000010000000000100
1000010000000000100
1000010000000000100
1000000000000000000
1000000000001000000
1000000000001000000
0000000000001000000
0000000000001000000
0000000000001000000
0000000000001000000
0000000000001000000
0000000000001000000
0000000000001000000
0000000000001000000
0000000000001000000
0000000000001000000
00000000000000000000
00000000000000000000
00000000000000000000
00000000000000000000
00000000000000000000
00000000000000000000
00000000000000000000
00000000000000000000
00000000000000000000
00000000000000000000
00000000000000000000
00000000000000000000
11111111110000000000
00000000000000000000
00000000000000000000
00000001111111110000
00000000000000000000
00000000000000000000
00000000000000000000
