20 1000 6 7
0000100000000000000
0000100000000000000
0000100000000000000
0000100000000000000
0000100000000000000
0000100000001000000
0000100000001000000
0000000000001000000
0000000000001000000
0000000000001000000
0000000000000000000
0000000000000000001
0000100000000000001
0000100000000000001
0000100000000000001
0000100000000100001
0000100000000100001
0000100000000100001
0000100000000100001
0000100000000100000
11000000000000000000
00000000000000000000
00000000000000000000
00000000000000000000
00000000000000000000
00000000000000000000
00000000000000000000
00000000000000000000
00000000000000000000
00000000000000000000
00000000000000000000
00000000000000000000
00000000000000000000
00011111111111110000
00000000000000000000
00000000000000000000
00000000000000000000
00000000000000000000
00000000000000000000
