20 1000 3 1
0000000000000000000
0000000000000000000
0000000000000000000
0000000000000000001
0000000000000000001
0000000000000000001
0000000000000000001
0000000000000000001
0000000000000000001
0000000001000000001
0000000001000000001
0000000001000000001
0000000001000000001
0000000001000000001
0000000001000000001
0000000001000000001
0000000000000000000
0000000000000000000
0000000000000000000
0000000000000000000
00000000000000000000
00000000000000000000
00000000000000000000
11110000000000000000
00000000000000000000
00000000000000000000
00000000000000000000
00000000000000000000
00000000000000000000
00000000000000000000
00000000000000000000
00000000000000000001
00000000000000000000
00000000000000000000
00000000000000000000
00000000000000000000
00000000000000000000
00000000000000000000
11110000000000000000
