20 1000 3 6
0000000000000010000
0000000000000000000
0000000000000000000
0000000000000010000
0000000000000010000
0000000000000010000
0000000000001010000
0000000000001010000
0000000000001010000
0000000000001010000
0000000000001010000
0000000010001010000
0000000010001010000
0000000010001010000
0000000010000010000
0000000010000010000
0000000010000000000
0000000010000000000
0000000010000000000
0000000000000000000
00000000000000000000
00000000000000000000
00000000001111111111
00000000000000000000
00000000000000000000
00000000000000000000
00000000000000000000
00000000000000000000
00000000000000000000
00000000000000000000
00000000000000000000
11110000000000000000
11111110000000000000
00000000000000000000
00000000000000000000
00000000000111111110
00000000000000000000
00000000000000000000
00000000000000000000
