20 1000 3 10
0001000100000000000
0001000100000000000
0001000100000000000
0001000000000000000
0001000000000000000
0001000000000000000
0001000000000000000
0001000100000000000
0001000100000000000
0000000100000000000
0000000100000000000
0000000100000000000
0000000100000000000
0000000100000000000
0000000100000000000
0000000100000000000
0000000100000000000
0000000100000000000
0000000100000000000
0000001100000000000
00000000000000000000
00000000000000000000
00000000000000000000
00000000000000000000
00000000000000000000
00000000000000000000
00000000000000000111
00000000000000000000
00000000000000000000
00000000000000000000
00000000000000000000
00000000000000000000
00000000000000000000
00000000000000000000
00000000000000000000
00000000111111110000
00000000000000000000
00000000000000000000
00000000000000000000
