20 1000 8 2
0000000000000000000
0000000000000000000
0000000000000000000
0000000000000000000
0000000000000000000
0000000000000000000
0000000000000000000
0000000000000000000
0000000000000000000
0000000000000000000
0000000000000000000
0000000000000000000
0000000000000000000
0000000000000000000
0000000000000000100
0000010000000000100
0000010000000000100
0000010000000000100
0000010000000000100
0000010000000000100
00000000000000000000
00000000000000000000
00000000000000000000
00000000000000000000
00000000000000000000
00000000000000000000
00000111111111110000
00000000000000000000
00000000000000000000
00000000000001111111
00000000000000000000
00000000000000000000
00000001111111111100
00000000000000000000
00011111110000000000
00000000000000000000
11110000000000000000
00000000000000000000
01111110000000000000
