20 1000 4 2
0000000001000000000
0000000000000000000
0000000001000000010
0000000001000000010
0000000001000000010
1000000001000000010
1000000001000000010
1000000001000000010
1000000001000000010
1000000001000000010
1000000001000000010
1000000001000000010
1000000000000000000
1000000000000000000
0000000000000000000
0000000000000000000
0000000000000000000
0000000000000000000
0000000000000000000
0000000000000000000
00000000000000000000
00000000000000000000
00001111111111100000
00000000000000000000
00111111111110000000
00000000000000000000
00000000011111111111
00000000000000000000
00000000000000000000
00000000000000000000
00000000000000000000
00000000000000000000
00000000000000000000
00000000000000000000
00000000000000000000
00000000000000000000
00000000000000000000
00000000000000111111
00000000000000001111
