20 1000 6 9
0000000000000000000
0000000000000000000
0000000000000000000
0000000000000000000
0000000000000000000
0000000000000000000
0000000000000000000
0000000000000000000
0000000000000000000
0000001000000000000
0000001000000000000
0000001000000000000
0000001000000001000
0000001000000001000
0000001000000001000
0000001000010001000
0000001000010001000
0000001000010000000
0000001000010000000
0000000000010000000
00000000000000000000
00000000000000000000
11111000000000000000
00000000000000000000
00000000000000000000
00000000000000000000
00000000001111111111
00000000000000000000
00000000000000000000
00000000000000000000
00000000000000000000
00000000000000000000
00000000000000000000
00000000000000000000
00000000000000000000
00000000000000000000
00000111111111110000
00000000000000000000
00000000000000000000
