20 1000 2 6
0000000000000000000
0000000000000001000
0000000000000001000
0000000000000001000
0000000000000001000
0000000000000001000
0000000000000001000
0000000000000001000
0000000000000001000
0000000000000001000
0000001000000001000
0000001000000001000
0000001000000001000
0000001000001001000
0000001000001001000
0000001000001001000
0000000000001001000
0000000000001001000
0000000000001001000
0000000000001001000
00000000000000000000
00000000000000000000
00000000000000000000
00000000000000000000
00000000000000000000
00000000000000000000
00000000000000000000
00000000000000000000
00000000000000000000
00000000000000000000
00000000000000000111
00111111111111111000
00000000000000000000
00000000000000000000
11111100000000000000
00000000000000000000
11111111111000000000
00000000000000000000
00011111111111000000
