20 1000 5 2
0000000010000000000
0000000010000000000
0000000010000000000
0000000010000000000
0000000010000000000
0000000000000000000
0000000000000000000
0000000000000000000
0000000000000000000
0000000000000000000
0000000000000000000
0000000000000000000
0000000000000000000
0000000000000000000
0000000000000000000
0000000000000000000
0000000000000000000
0000000000000000000
0000000001000000000
0000000001000000000
00111111111111111000
00000000000000000000
00001111100000000000
00000000000000000000
00000000000000000000
00000000000000000000
00000000000000000000
00000000000000000000
00000000000000000000
00000000000000000000
00000011111111111110
00000000000000000000
00000000000000000000
00000000000000000000
00000000000000000000
11111111111000000000
00000000000000000000
00000000000000000000
00111111000000000000
