20 1000 4 7
0000000000000000010
0000000000000000010
0000000000000000010
0000000000000000000
0000000001000000000
0000000001000000000
0000000001000000000
0000000001000000000
0000000001000000000
0100000001000100000
0100000001000100000
0100000001000100010
0100000001000100010
0100000001000100010
0100000001000000010
0000000000000000010
0000000000000000010
0000000000000000000
0000000000000000000
0000000000000000000
00000000000000000000
00000000000000000000
11110000000000000000
00000000000000000000
00000000000000000000
00000000000000000000
00000000000000000000
00000000000000000000
00000000000000000000
00000000000000000000
00000000000000000000
00000000000000000000
00000000000000000000
00000000000000000000
00000000000000000000
00000000000000000000
00000000000000000000
00000000000000000000
00000000000000000000
