20 1000 4 5
0000100000010000000
0000100000010000000
0000100000010000000
0000100000010000000
0000100000010000000
0000100000000000000
0000100000000000000
0000100000000000000
0010100000000000000
0010100000000000000
0010100000000000000
0010000000000000000
0010000000000000000
0010000010000000000
0010000010000000000
0010000010000000000
0010000010000000000
0010000010000000000
0010000010000000000
0010000010000000000
00000000000000000000
00000000000000000000
00000000000000111111
00000000000000000000
00000000000000000000
00011111000000000000
00000000000000000000
00000111111100000000
00000000000000000000
00000000000000000000
00000000000000000000
00000000000000000000
00000000000000000000
00000000000000000000
00000000000000000000
00000000000000000000
00000000000000000000
00000000000000000000
00000000000000000000
