20 1000 8 6
0000000000000000001
0000000000000000001
0000000000000000001
0000000000000000001
0000000000001000000
0000000000001000000
0000000000001000000
0000000000001000000
0000000000001000000
0000000000001010000
0000000000001010000
0000000000001010001
0000000000001010001
0000000000001010001
0000000000001010001
0000000000000010001
0000000000000010001
0000000000000010001
0000000000000010001
0000000000000010000
00000000000000000000
00000000000000000000
00000000000000000000
00000000000000000000
00000000000000000000
10000000000000000000
00000000011111111110
00000000000000000000
00000000000000000000
01111111111111000000
00000000000000000000
00111111111110000000
00000000000000000000
00000000000000000000
00000111111111111000
00000000000000000000
00000000000000000000
00000000000000000000
00000000000000000000
