20 1000 8 4
0000100100000000000
0010100100000000000
0010100100000000000
0010100100000000000
0010100100000000000
0010100100000000000
0010100100000000000
0010100100000000000
0010100100000000010
0010101100000000010
0010101000000000010
0010101000000000010
0010001000000000010
0010001000000000010
0011001000000000010
0001000000000000010
0001000000000000010
0001000000000000010
0001000000000000000
0001000000000000000
00000000000000000000
00000000000000000000
00000000000000000000
00000000000000000000
00000000000000000000
00000000000000000000
00000000000000000011
00000000000000000000
00000000000000000000
00000000000000000000
00000000011111111111
00001111111111111000
00000000000000000000
00000000000000000000
00000000000000000000
00000000000000000000
00000000000000000000
00000000000000000000
00000000000000000000
