20 1000 10 8
0000000000000000000
0000000000000000000
0000000000000000000
0000000000000000000
0000000000000100000
0000000000000100000
0000000000000100000
0000000000000100000
0000000000000110000
0100000000000010000
0100000000000010000
0100000000000010000
0100000000000010000
0100000000000010000
0000000000000010000
0000000000000010000
0000000000000010000
0000000000000000000
0000000000000000000
0000000000000000000
00000000000000000000
00000000000000000000
00000000000000000000
00000000000000000000
00000000000000000000
00000000000000000000
00000000000000000000
00111111111111000000
00000000000000000000
00000000000000000000
00000000000000000000
00000000000000000000
00000000000000000000
00000000000000000000
00000000000001111110
00000011111100000000
00000000000000000000
00000000000000000000
00000000000000000000
