20 1000 1 6
1000000000000000000
1000000000000000000
1000000000000000000
1000000000000000000
1000000000000000000
1100010000000000000
1100010000000000000
0100010000000000000
0100010000000000000
0100010000000000000
0100010000000000000
0100010000000000000
0000010000000000000
0000010000100000000
0000010000100000000
0000010000100000000
0000010000100000001
0000010000100000001
0000000000100000001
0000000000000000001
00000000000000000000
00000000000000000000
00000000000000000000
00000000011111111110
00000000000000000000
00000000000000000000
00000000000000000000
00001111111111111100
00000000000000000000
00000000000000000000
00000000000000000000
00000000000000000000
00000000000000000000
00000000000000000000
00000000000000000000
00000000000000000000
00000000000000000000
00000000000000000000
00000000000000000000
