20 1000 6 10
0010000000000000000
0010000001000000000
0010000001000000000
1000000001000000000
1000000001000000000
1000000001000000000
1000000001000000000
1000000001000000000
1000000001000001000
1000000001000001000
1000000001000001000
0000000000000001000
0000000000000001000
0000000000000001000
0000000000000001000
0000000000000001000
0000000000000001000
0001000000000001000
0001000000000011000
0001000000000011000
00000000000000000000
00000000000000000000
01111111111100000000
00000000000000000000
00000000000000000000
00000000000000000000
00000000000000000000
00000000000000000000
00000000000000000000
00000000000000000000
00000000000000000000
00000000000000000000
00000000000000000000
00000000000000000000
00000111111110000000
11111111111111000000
00000000000000000000
00000000000000000000
00111111111110000000
