20 1000 6 9
0000010000000000001
0000010000000000001
0100010000000000001
0100000000000000001
0100100000000000001
0100100000000000000
0100100000000000000
0100100000000000000
0100100000000100000
0100100001000100000
0100100001000100000
0100100001000100000
0100100001000100000
0000100001000100000
0000100000000000000
0000100000000000000
0000100000000000000
0000100000000000000
0000000000000000000
0000000000000000000
00000000000000000000
00000000000000000000
00000000000000000000
00000000000000000000
00000000001111111100
00000000000000000000
00000000000000000000
00000000000000000000
00000000000000000000
00000000000000000000
00000000000000000000
00000000000000000000
00000000000000000000
00000000000000000000
00001111111111100000
00000000000000000000
00000000000000000000
00000000000000000000
00000000000000000000
