20 1000 4 6
0000001000000000000
0000001000000000000
0000001000000000000
0000001000000000000
0000001000000000000
0000001000000000000
0000001000000000000
0000101000000000000
0000101000000000000
0000101000000000000
0001100000000010000
1001100000000010000
1001100000000010000
1001100000000010000
1001100000000010000
1001000000000010000
1001000000000010000
1001000000000010000
1001000000000010000
1000000000000000000
00000000000000000000
00000000000000000000
00000000000000000000
00000000000000000000
00000000000000000000
00000000000000000000
00000000000000000000
00000000000000000000
00000000000111111111
00000000000000000000
00000000000000000000
00000000000000111110
00000000000000000000
00000111111110000000
00000000000000000000
00000000000000000000
00000000001111111100
00000000000000000000
00000000000000000000
