20 1000 8 5
0000001001001000000
0000001001000000000
0000001001000000000
0000000000000000000
0000000000000000000
0000000000000000000
0000000000000000000
0000000000000000000
0000000000000010000
0000000000000010000
0000000000000010000
0000000000000010010
0000000000000010010
0000000000000010010
0000000000000010010
0000000000000010010
0000000000000000010
0000000000000000010
0000000000000000000
0000000000000000000
00000000000000000000
00000000000000000000
00000000000000000000
11100000000000000000
00000000000000000000
01111111110000000000
00000001111111110000
00000000000000000000
00000000000000000000
00000000000000000000
00000000000000000000
00000000000000000000
00000000000000000000
00000000000000000000
00000000000000000000
00000000000000000000
00000000000000000000
00000000011111111111
11111111111000000000
