20 1000 3 6
0010000000000000000
0010000000000000000
0010000000000000000
0010000000000000000
0010000000000000000
0010000000000000000
0010000000000000000
0010000000000000000
0010000000000000000
0010000000000000000
0010000000000000000
0000000000000000000
0000001000000000000
0000001000000000000
0000001000000000000
0010001000000000000
0010001000000000000
0010001000000000000
0010001000000100000
0010001000000100000
00000000000000000000
00000000000000000000
00111111111111000000
00111111000000000000
00000000000000000000
00000000000000000000
00000000000000000000
00000000000000000000
00000000000000000000
00000000000000000000
00000001111111111110
00000000000000000000
00000000000000000000
00000000000000000000
00000000000000000000
00000000000000000000
00000000111111111100
00000000000000000000
00000000011111000000
