20 1000 9 7
0000000000000010100
0000000000000010100
0000000000000011100
0000000000000011100
0000000000000011000
0000000000000011000
0000000000000011000
0000000000000011000
0000000000000011000
0000000000000011000
0000000000000001000
0000000000000000000
0000000000000000000
0000000000000000000
0000000000000000000
0000000000000000000
0000000000000000000
0000000000000000000
0000000000000000000
0000000000000000000
00000000000000000000
00000000000000000000
00000000000000000000
00000000000000000000
00000000000000000000
00000000000000000000
00000000000000000000
00000000000000000000
00000000000000000000
00000000000000000000
11111110000000000000
00000000000000000000
00000000000000000000
00000000000000000000
00000000000000000000
00000000000000111111
00000000000000000000
00111111111110000000
00000000000000000000
