20 1000 7 8
0000000000000000010
0000000000000000010
0000000000000000000
0000000000000000000
0000000000000000000
0000000000000000000
0000000000000000000
0000000000000000000
0000000000000010000
0000000000000010000
0000000000000010000
0000000000000010000
0000000100000010000
0000000100000010000
0000000100000000000
0000000100000000000
0000000100000000000
0000000100000000000
0000000100000000000
0000000100000000000
00000000000000000000
00000000000000000000
00000000000000000000
00000000000000000000
00000000000000000000
11111111100000000000
00000000000000000000
11111111111100000000
00000000000000000000
00000000000000000000
00000000000000000000
00000000000000000000
00000000000000000000
00000000000000000000
00111111111111111000
00000000000000000000
00000000000000000000
00000000000000000000
00000000000000000000
