20 1000 6 10
0000000000000000000
0000000000000000000
0000000000000000000
0000000000000000000
0000000000000000000
0100000010000000000
0100000010000000000
0100000010000000000
0100000010000000000
0100000010000000000
0100000010000000000
0100000010000000000
0100000000000000000
0100000000000000000
0000000000000000000
0000000000000000000
0010000000000000000
0010000000000000000
0010000000000000000
0010000000000000000
00000000000000000000
01111111111100000000
01111100000000000000
00000000000000000000
00000000000000000000
00000000000000000000
00000000000000000000
00000000000000000000
00000000000000000000
11111111111000000000
00000000000000000000
00000000000000000000
00000000000000001111
00000000000000000000
00000000000000000000
00000000000000000000
00000000000000000000
00000000000000000000
00000000000000000000
