20 1000 1 3
0000000000000000000
0000000000000000000
0000000000000000000
0000000000000000100
0000000000000000100
0000100000000000100
0000100000000000100
0000100000000000100
0000100000000000100
0000100000000000100
0000100000100000100
0000100000100000100
0000000000100000100
0000000000100000100
0000000000100000100
0000000000000000000
0000000000000000000
0000000000000000000
0000000000000000000
0000000000000000000
00000000000000000000
00000000000000000000
00000000000000001111
00000000000000000000
00000000000000000000
00000000000000000000
00000000000000000000
00000000000000000000
00000000000000000000
00001111111111111100
00000000000000000000
00000000000000000000
00000000000000000000
00000000000000000000
00000000000000000000
00000000111111111111
00000000000000000000
00011111111111110000
00000000000000000000
