20 1000 9 4
0000001000000000000
0000001000000000000
0000001000000000000
0000001000000000000
0000000000000000000
0000000000000000000
0000000000100010000
0000000000100010000
0000000000100010000
0000000000100010000
0000000000100010000
0000000000100010000
0000000000100010000
0000000000100010000
0000000000100010000
0000000000100000000
0000000000100000000
0000000000000000000
0000000000001000000
0000000000111000000
00000000000000000000
00000000000000000000
00000000000000000000
00000000000000000000
00000000000000000000
00000000000000000000
11111110000000000000
00000000000000000000
00000000000000000111
00000000000000000000
00000000000000000000
00000000000000000000
00000000000000000000
00000000000000000000
00000000000000000000
00000000000000000000
00000000000000000000
10000000000000000000
00000000000000000000
