20 1000 10 8
0000001000001000000
0000001000001000000
0000001000000000000
0000001000000000000
0000001000000000000
0000001000000000000
0000001000010000000
0000001000010000000
0000000000010000000
0000000000010000000
0000000000010000000
0000000000010000000
0000000000010000000
0000000000010000000
0000000000010000000
0000000000010000000
0000000000000000000
0000000000000000000
0000000001000000000
0000000001000000000
00000000000000000000
00000000000000000000
00000000000000000000
00000000000000000000
00000000000000000000
00000000000000000000
00000000000000000000
00000000000000000000
00000000000000000000
00000000000000000000
00000000000001111111
00000000000000000000
00000000000000000000
00000000000000000000
00000000000000000000
00000000000000000000
00000000000000000000
00000000000000000000
00000000000000000000
