20 1000 6 5
0000000000000000000
0000000000000000000
0000000000000000000
1000000000000000000
1000000000000000000
1000000000000000000
1000000000000000000
1000000000000000000
1000000000000000001
1000000000000000001
1000000000000000001
1000000000000000001
1100000001000000001
1100000001000000001
1100000001000000001
1100000001000000001
0100000001000000001
0100000001000000001
0100001001000000000
0000001001000000000
00000000000000000111
00000000000000000000
00000000000000000000
00000000000000000000
00000000000000000000
00000000000000000000
00000000000000000000
00000000000000000000
11111111100000000000
00000000000000000000
00000000000011111100
00000000000000000111
00000000000000000000
00000000000000000000
00000000000000000000
00000000000000000000
00000000000000000000
00000000000000000000
00000000000000000000
