20 1000 3 7
0000000000000000000
0000000000000000000
0000000000100000000
0000000000100000000
0000000000100000000
1000000000100000000
1000000000100000000
1000000000100000000
1000000000100000000
1000000000100000000
1000000000100000000
1000000000000000000
0000000000000000000
0000000000000000000
0000000000000000000
0000000000000000000
0000000000000000000
0000000000000000000
0000000000000000000
0000000000000000000
00000000000000000000
00111111111111111000
00000000000000000000
00000000000000000000
00000000000000000000
00000000000000000000
00000000000000000000
00000000000000000000
00000000000000000000
00000000000000000000
00000000000000000000
00000000000000000000
00000000000000000000
00000000000000000000
00000000000000000000
00000000000000000000
00000000000000000000
00000000000000000000
00000000000000000000
