20 1000 2 9
0000000010000000100
0000000010000010100
0000000010000010100
0000000010000010100
0100000010000010100
0100000010000010000
0100000010000010000
0100000010000010000
0100000010000010000
0100000010000010000
0100000010000010000
0100000010000000000
0100000000000000000
0100000000000000000
0100000000000000000
0100000000000000000
0100000000000000000
0100000000000000000
0000000001000000000
0000000001000000000
00000000000000000000
00000000000000000000
00000000000000000000
00000000000000000000
00000000000000000000
00000000000000000000
00000000000000000000
00000000000000000000
00000000000000000000
00000000000111111110
00000000000000000000
00000000000000000000
11111111100000000000
00000000000000000000
00011111111111100000
00111111111111111100
00000000000000000000
00000000000000000000
00000000000000000000
