20 1000 8 3
0100000000000000000
0100000000000000000
0100000000001000000
0100000000001000000
0100000000001000100
0100000000001000100
0100000000001000100
1100000000001000100
1000000000001000100
1000000000001000100
1000000000001000100
1000000000001000000
1000000000001000000
1000000000001000000
1000000000001000000
1000000000001001000
1000000000001001000
1000000000000001000
0000000000000001000
0000000000000001000
00000000000000000000
00000000000000000000
00000000000000000000
00000000000000000000
00000000000000000000
00000000000000000000
00000000000000000000
00000000000000000000
11111111111000000000
00000000000000000000
00000000000000000000
00000000000000000000
00000000000000000000
00000000000000000000
00000000000000000000
00000001111111111110
00000000000000000000
00000000000000000000
00000000000000000000
