20 1000 1 2
0000000000000001000
0000000000000001000
0000000010000001000
0000000010000001000
0000000010000000000
0000000010000000000
0000001010000000000
0000001010000000000
0000001000000000000
0000001000000000000
0000001000000000000
0000001000000000000
0000001000000000000
0000001000000000000
0000000000010000000
0000000000010000000
0000000000010000000
0000000000010100001
0000000000010100001
0000000000000100001
00000000000000000000
00000000000000000000
00000000000000000000
00000000000000000000
00000000000000000000
00000000000000000000
00000000000000000000
00000000000000000000
00000000000000000000
00000000000000000000
00000000000000000000
00000000000000000000
00000000000000000000
11111110000000000000
00000000000000000000
00000000000000000000
00000000000000000000
00000000000000000000
00000000000000000000
