20 1000 4 9
0000001000000000000
0000001000000000000
0000001000000000000
0000001000000000000
0000001000000000000
0000001000000000000
0000000000000000000
0000000000000000000
0000000000000000000
0000000000000000000
0000000000000000000
0000000000000000000
0000000000000000000
0000000000000000000
0000000000000000000
0000000000000000000
0000000000000000000
0000000000000000000
0000000000000000000
0000000000000000000
00000000000000000000
00000000000000000000
00000000000000000000
00000111111000000000
00000000000000000000
00000000000000000000
00000000000000000000
00000011111111110000
00000000000000000000
00000000000000000000
00000000000000000000
00000000000000000000
00000000000000000000
00000000000000000000
00000000000000000000
00000000000000000000
00000000000000000000
00000000000000000000
00000000000000000000
