20 1000 5 8
0100000000010000000
0100000000010000000
0100000000010000000
0100000000010000000
0100010000010000000
0100010000010000000
0100010000010000000
0000010000010000000
0000010000010000000
0000010000000000000
0000010000000000000
0000000000000000000
0000000000000000000
0000000000000000000
0000000000000000000
0100000000000000000
0100000000000000000
0100000000000000000
0100000000000000000
0100000000000000000
00000000000000000000
00000000000000000000
00000011111000000000
00000000000000000000
00000000000000000000
00000000000000000000
00000000000000000000
00000000000000000000
00000000000000000000
00000000000000000000
00000000000000000000
00000000000000000000
00000001111111111000
00000111111111110000
00000000000000000000
00000000000000000000
00111111000000000000
00000000111110000000
00000000000000000000
