20 1000 5 9
0000000000000000010
0000000000000000010
0000000000000100010
0000000000010100010
0000000000010100010
0000000000010100010
0000000000010100010
0000000000010100010
0000000000010000010
0000000000010000010
0000000000010000010
0000000000010000000
0000000000010000000
0000000000010000000
0000000000010000000
0000000000010000000
0000000000010000000
0000000000000000000
0000000000000000000
0000000000000000000
00000000000000000000
00001111111110000000
11111111111100000000
00000000000000000000
00000000000000000000
00000000000000000000
00000000000000000000
00000000000000000000
00000000000000000000
00000011111111100000
00000000000000000000
00000000000000000000
00000000000000000000
00000000000000000000
00000000000000000000
11000000000000000000
00000000000000000000
00000000000000000011
00000000000000000000
