20 1000 6 4
0000000000100000000
0000000000100000000
0000000000100000000
0000000000100000000
0000000000100000000
0000000000100000000
0000000000100000000
0000000000000000000
0000000000000000000
0000000000000000000
0000000000000000000
0000000000000000000
0000000000000000000
0000000000000000000
0000000000000000000
1000000000000000000
1000000000000000000
1000000000000000000
1000000000000000000
1000000000000000000
00000000000000000000
00000000000000000001
00011111111110000000
00000000000000000000
00000000000000000000
00000000000000000000
00000000000000000000
00000000000000000000
00000000000000000000
00000000000000000000
00000000000000000000
00000000000000000000
00000000000000000000
00000000000000000000
00000000000000000000
00000000000000000000
00000000000000000000
00000000000000000000
00000000000000000000
