20 1000 1 1000
0000000000001010000
1000000000001010000
1000000000000010000
1000000000000010000
1000000000000010000
1000000000000000000
1000000000000000000
1000000000000000000
1000000000000000000
1000000000000000000
0000000000000000000
0000000000000000000
0000000000000000000
0000000000000000000
0000000000000000000
0000000000000000000
0000000000000010000
0000000000000010000
0000000000000010000
0000000000000010000
00000000000000000000
01111111111100000000
00000000000000000000
00000000000000000000
00000000000000000000
00000000000000000000
00000000000000000000
00000000000000000000
00000000000111111111
00111110011111111111
00000000000000000000
00000000000000000000
00000000000000000000
00000000000000000000
00000000000000000000
00000000000000000000
00000000000000000000
00000000000000000000
00000000000000000000
