20 1000 1 1000
0000000000000000000
0000000000000000000
0000100000000000000
0000100000000000000
0000100000000000000
0000100000000000000
0100100000000000000
0100100000000000000
0100100000000000000
0100100000000000000
0100000000000000000
0100000000000000000
0100000000000000000
0100000000000000000
0000000000000000000
0000000000000000000
0000000000000000000
0000000000000000000
0000000000000000000
0000000000000000000
11111111111111110000
00000000000000000000
00000000000000000000
00000000000000000000
00000000000000000000
00000000000000000000
10000000000000000000
00000000000000000000
00000000000000000000
00000000000000000000
00000000000000000000
00000000000000000000
00000000000000000000
00000000000000000000
00000000000000000000
00001111111111111110
00000000000000000000
00000000000000000000
00000000000000000000
