20 1000 1 1000
0000000000000000010
0000000000000000010
0000000000000000010
0000000000000000010
0000000000000000000
0000000000000000000
0000000000000000000
0000000000000000000
0000000000000000000
0000000000000000000
0000000000000000000
0000000000000000000
0000000000000000000
0000000000000000000
0000000000000000000
0000000000000000000
0000000000000000000
0000000000000000000
0000000000000000000
0000000000000000000
00000000000000000000
00000000000000000000
00000000000000000000
00000000000000000000
00000000011111111000
00000000000000000000
00000000000000000000
00000000000000000000
00000000000000000000
00011111111111111100
00000000000000000000
00000000000000000000
11111111111111100000
00000000000000000000
00000000000000000000
00000000000000111111
00000000000000000000
00000000000001111111
00000000000000000000
