20 1000 1 1000
0000000000000000000
0000000000000000100
0000000000000000100
0000000000000000100
0000000000000000100
0000000000000000100
1000000000000000000
1000000000000000000
1000000000000000000
1000000100000000000
1000000100000000000
1000000100000000000
1000000100000000000
1000000100000000000
1000000100000000000
0000000100000000000
0000000100000000000
0000000100000000000
0000000100000000000
0000000100000000000
00000000000000000000
00001111100000000000
00111111110000000000
00000000000001111110
00000000000000000000
00000000000000000000
00000000000000000000
00000000001111111111
00011111111000000000
00000000000000000000
00000000000000000000
00000000000000000000
11111110000000000000
00000000000000000000
00000000000000000000
00000000000000000000
00000000000000000000
00000000000000000000
00000000000000000000
