20 1000 1 1000
0000000000000000000
0000000000000000000
0000000000000000000
0000000000000000000
0000000000000000000
0000000000000000000
0000000000000000000
0000000000000000000
0000000000000000000
0000000000000000000
0000000000000000000
0000000000000000000
0000000000000000000
1000000000000000000
1000000000000000000
1000000000000000000
1000000000000000000
1000000000000000000
1000000000000000000
1000000000000000000
00000011111111111110
00000000000000000000
00000000000000000000
00000000000000000000
00000000011111111111
00000000000000000000
00000000000000000000
00000011111111100000
00000000000000000000
00000000000000000000
00000000000000000000
00000000000000000000
00000000000000000000
00000000000000000000
00111111000000000000
00000000000000000000
00000000000000000000
00000000000000000000
00000000000000000000
