20 1000 1 1000
0000000000000000001
0000000000000000001
0000000000000000001
1000000000000000001
1000000000000000001
1000000000000000101
1000000000000000100
1000000000000000100
1000000000000000100
1000000000000000100
1000000000000000100
1000000000000000100
1000000000000000100
1000000000000000000
1000000000000000000
1000000000000000000
1000000000000000000
1000000000000000000
0000000000000000000
0000000000000000000
01111111111111100000
00000000000000000000
00000000000000000000
00000000000000000000
00000000000000000000
00000111111111000000
11000000000000000000
00000000000000000000
00000000000000000000
00000000000000000000
00000000000000000000
00000000000000000000
00000000000000000000
00000000000000000000
00000000000000000000
00000001111111111000
00000000000000000000
00000000000000000000
00000000000000000000
