20 1000 1 1000
0000000000000010000
0000000000000010000
0000000100000010000
0000000100000000000
0000000100000000000
0000000100000000000
0000000100000000000
0000000100000000000
0000000000000000000
0000000000000000100
0000000000000000100
0000000000000000100
0000000000000000100
0000000000000000100
0000000000000000100
0000000000000000100
0000000000000000100
0000000000000000000
0000000000000000000
0000000000000000000
00000000000000000000
00000000000000000000
01111111111100000000
00000000000000000000
00000000000000000000
00000000000000000000
11111110000000000000
00000000000000000000
00000000000000000000
00000000000000000000
00000000000000000000
00000000000000000000
00000000000000000000
00000000000000000000
00000000000000000000
00000000000000000000
00000000000011111111
11110000000000000000
00000000000000000000
