20 1000 1 1000
0000000000000000000
0000000000000000000
0000000000000000000
0000000000000000000
0010000000000000000
0010000000000000000
0010000000000000000
0010000000000000000
0010000000000000000
0010000000000000000
0010000000000000000
0010000000000000000
0010000000000000000
0000000000000000000
0000000000000000000
0000000000000000000
0000000000000000000
0000000000000000000
0000000000000000000
0000000000000000000
00000000000000000000
11111111111111100000
00000000000000000000
00000000000000000000
00000000000000000000
00000000000000000011
00000000000000000000
00000000000000000000
00000000000000000000
00000000000000000000
10000000000000000000
00000000000000000000
00000000000000000000
00000000000000000000
00000000000000000000
00000000000000000000
11111111000000000000
00000000000000000000
00000000000000000000
