20 1000 1 1000
0000000000000000000
0000000000100000000
0100000000100000000
0100000000100000000
0100000001100000000
0100000001100000000
0100000001000000000
0100000001000000000
0101000001000000000
0101000001000000000
0001000001000000000
0001000001000000000
0001000001000000000
0001000000000000000
0001000000000000000
0000000000000000000
0000000000000000000
0000000000000000000
0000000000000000000
0000000000000000000
00000000000000000000
00000000000000000011
00000000000000000000
00000000000000000000
00000000000000000000
00000000000000000000
00000000000000000000
01111110000000000000
00000000000000000000
00000000000000000000
00000000000000000000
11111111110000000000
00000000000000000000
00000000000000000000
00000000000000000000
00000000000000000000
00000000000000000000
11111110000000000000
00000000011111111110
