20 1000 1 1000
0000000000000000000
0000000000000000000
0000000000000000000
0000000000000000000
0000000000000000000
0000000000000000000
0000000000000000000
0000000000000000000
0000000000000000000
0000000000000000000
0000000000000000000
0000000000000000000
0000000000000000000
0000000000000000000
0000110000000000000
0000110000000000000
0000110000000000000
0000110000000000000
0000110000000000000
0000100000000000000
00000000000111111111
00000000000000000000
00000000000000000000
00000000000000000000
01111111111111100000
00000000000000000000
00000000000000000000
00000011111111111111
00000000000000000000
00000000000000000000
11111111111110000000
00000000000000000000
11110000000000000000
00000000000000000000
00000000000000000000
00000000000000000000
00000000000000000000
00000000000000000000
00000000011111110000
