20 1000 1 1000
0000000000000000000
0000000000000000000
0000000000000000000
0000000000000000100
0000000000000000100
0000000000000000100
0000000000000000100
0000000000000000100
0000000000000000100
0000000000000000100
0000000000010000100
0000000000010000100
0000000000010000100
0000000000010000000
0000000000010000000
0000000000010000000
0000000000010000000
0000000000010000000
0000000000010000000
0000000000010000000
00000000000000000000
00000000000000000000
00000000000000000000
00001111111111111000
00000000000000000000
00000000000000000000
00000000000000000000
00000000000000000000
00000000000000011111
00000000000000000000
00000000000000000000
00111111110000000000
00000000000000000000
00000111111111111000
00000000000000000000
00000000000000000000
00000000000000000000
00000000000000000000
00000000000000000000
