20 1000 1 1000
0000000000000001000
0000000000000001000
0000000000000001000
0000000000000001000
0000000000000001000
0000000000000001000
0000100000000001000
0000100000000001000
0000100000000001000
0000100000000000000
0000100000000000000
0000100000000000000
0000100000000000000
0000100000000000000
0000100000000000000
0000100000000000000
0000100000000000000
0000100000000000000
0000100000000000000
0000000000000000000
00000000000000000000
00000000000000000000
00000000000000000000
00000000000000000000
00000000000000000000
00000000000000000000
00000011111111111100
00000000000000000000
00000000000000000000
00000000000000000111
00000000000000000000
00000000000000000000
00000000000000000000
00000000000000000000
00000000000000000000
00000000000000000000
00000000000000000000
00000000000000000000
00000000000000000000
