20 1000 1 1000
0000000100000000000
0100000100000000000
0100000100000000000
0100000100000000000
0100000100000000000
0101000100000000000
0101000000000000000
0101000000000000000
0101100000000000000
0101100000000000000
0100100000000000000
0100100000000000000
0100100000000000001
0000100000000000001
0000100000000000001
0000100000000000001
0000100100000000001
0000100100000000001
0000100100000000001
0000100100000000001
00000000000000000000
00000000000000000000
00000000000000000000
00000000000000000000
00000000000000000000
00000000000000000000
00000000000111111111
00000000000000000000
00000000000000000000
00000000000000000000
00000000000000000111
00000000000000000000
00000000000000000000
00000000000000000000
00011111111110000000
00000000000000000000
00000000000000000000
00000000000000000000
00000000000000000000
