20 1000 1 1000
0000100000000000001
0000100000000000001
0000100000000000001
0000100000000000001
0000100000000000001
0000110000000000001
0000110000000000001
0000010000000000001
0000010000000000001
0000010000000000001
0000010000000000001
0000010000000000000
0000110000000000000
0000110000000000000
0000110000000000000
0000110000000100000
0000110000000100000
0000110000000100000
0000110000000100000
0000100000000100000
00000000000000000000
00000000000000000000
00000000000000000000
00000000000000000000
00000000000000000000
00000000000000000000
00000000000000000000
00000000000000000000
00000000000000000000
00000000000000000000
00000000000000000000
00000000000000000000
00011111000000000000
00000000000000000000
00000000000000000000
00000000000000000000
00000000000000000000
00000000000000000000
00000000000000000000
