20 1000 1 1000
0000000000001000000
0000000000000000000
0000000000000000000
0000000000000000000
0000000000000000000
0000000000000000000
0000000000000000000
0000010000000000000
0000010000000000000
0000010000000000000
0000010000000000000
0000010000000000000
0000010000000000000
0000010000000000000
0000010000000000000
0000010000010000000
0000010000010000000
0000010000010000000
1000000000010000000
1000000000010000000
11111110000000000000
00000000000000000000
00000000000000000000
00000000000000000000
00000111110000000000
00000000000000000000
00000000000000000000
00000000000000000000
00000000000000000000
00000000000000000000
11000000000000000000
00000000111111111000
00000000000000000000
00000000000000000000
00000000000000000000
00000000000000000000
00000000000000000000
00000000000000000000
00000000000000000000
