20 1000 1 1000
0000000000000010000
0000000000000000000
0000000000000010000
0001000000000010000
0001000000000010000
0001000000000010000
0001000000001010000
0001000000001010000
0001000000001000000
0000000000001000000
0000000000001000000
0000000010001000000
0000000010001000000
0000000010001000000
0000000010000000000
0000000010000000000
0000000010000000000
0000000010000000000
0000000010000000000
0000000000000000000
00000000000000000000
00000000000000000000
00000000000000000000
00000000000000000000
00000000000000000000
00000000000000000000
00000000000000000000
00000000000000000000
00000000000000000000
00000000000000000000
00000000000000000000
00000000000000000000
00000000000000000000
00000000000000000000
11111111100000000000
00000000000111111110
00000000000000000000
00000000000000000000
00000000000000000000
