20 1000 1 1000
0000000000001000000
0000000000001000000
0000000000001000010
0000000000001000010
0000000000001000010
0000000000001000010
0000000000001000010
0000000000000000010
0000000000000000010
0000000100000000010
0000000100000000010
0000000100000000010
0000000100000000000
0000000100000000000
0000000100000000000
0000000100000000000
0000000100000000000
0000000100000000000
0000000100000000000
0000000100000000000
11000000000000000000
00000000000000000000
00000000000000000000
00000000000000000000
00000000000000000000
00000000000000000000
00000000000000000000
00000011111111111111
00000000000000000000
00000000000111111000
00000000000000000000
00000000000000000000
00000000000000000000
00000111111111000000
00000000000000000000
00000000000000000000
11111000000000000000
00000000000000111111
00000000000000000000
