20 1000 1 1000
0000000010000000000
0000000010000000000
0000100010000000000
0000100000000000000
0000100000000000000
0000100000000000000
0000100000000000000
0000100000000000000
0000100000000000000
0000100000000000000
0000100000000000000
0000100000000000000
0000100000000000000
0000100000000000000
0000000000000000000
0000000000000000000
0000000000000000000
0000000000000000000
0000000000000010000
0000000000000010000
00111111111111111000
00000000000000000000
00000000000000000000
00000000000000000000
00000000000000000000
00000000000000000000
00000000000000000000
00000000000000000000
00000000000000000000
00000000000000000000
00000011111111111110
00000000000000000000
00000000000000000000
00000000000000000000
00000000000000000000
11111111111000000000
00000000000000000000
00000000000000000000
00000000000000000000
