20 1000 1 1000
0000000000000000000
0000000000000000000
0000000000000100000
0000000000000100000
0000000000000100000
0000000000000100000
0000000000000100000
0000000000000100000
0000000000000100000
0000000000000100000
0000000000000100000
0000000000000100000
0000000000000100000
0000000000000000000
0000000000000000000
0000000000000000000
0000000000000000000
0000000000000000000
0000000000000000000
0000000000010000000
00000000000000000000
00000000000000000000
00000000000000000000
00000000000000000000
00000000000000000000
00000000000000000000
00000000000000000000
11000000000000000000
00000000000000000000
00000000000000000000
00000000000000000000
11111100001111111111
00000000000000000000
00000000111111111110
00000000000000000000
00000000011111111111
00000000000000000000
00000000000000000000
00000000000000000000
