20 1000 1 1000
0000001001000000010
0000101001000000000
0000101001000000000
0000101001000000000
0000101001000000000
0000101001000010000
0000101001000010000
0000101011000010000
0000001010000010000
0000000010000010000
0000000010000010000
0000000010000010000
0000000010000010000
0000000010000010000
0000000010000010000
0000000000000010000
0000000000000010000
0000000000000000000
0000000000000000000
0000000000000000000
10000000000000000000
00000000000000000000
00000000000000000000
00000000000000000000
00000000000000000000
00000000000000000000
00000000000000000000
00000000000000000000
00000000000000000000
00011111100000011111
00000000000000000000
00111111111111000000
00000000000000000000
00000000000000000000
00000000000000000000
00000000000000000000
00000000000000000000
00000000000000000000
00000000000000000000
