20 1000 1 1000
0000000000000000000
0000000000000000000
0000000000000000000
0000000001000000000
0000000101000000000
0000000101000000000
0000000101000000000
0000000101000001000
0000000101000001000
0000000100000001000
0000000100000001000
0000000100000001000
0000000100000000000
0000000100000000000
0000000100000000000
0000000000000000000
0000000000000000000
0000000000000000000
0000000000000000000
0000000000000000000
00000000000000000000
00000000000000000000
00000000000000000000
00000000000000000000
00000000000000000000
00000000000000000000
00000000000000000000
00000000000000000000
00000000000000000000
00000000000001111111
00000000000000000000
00000000000000000000
00000000000000000000
01111111111000000000
00000000000000000000
00000000000000000000
00000000000000000000
11111100000000000000
00000000000000000000
