20 1000 1 1000
0000000100000000000
0000000100000000000
0000000100000000000
0000000100100000000
0000000000100000000
0000000000100000000
0000000000100000000
0000000000100000000
0000000000100000010
0000000000100000010
0000000000100000010
0000000000100000010
0000000000100000010
0000000000100000010
0000000000100000000
0000000000100000000
0000000000000000000
0000000000000000000
0000000000000000000
0000000000000000000
00000000000000000000
00011111111100000000
00000000000000000000
00000000000000000000
00000000000000000000
00000000000000000000
01111100000000000000
11100000000000000000
00000000000000000000
00000000000000000000
00000000000000000000
00000000000000000000
00000000000000000000
00111111111111000000
00000000000000000000
00000000000000000000
00000000000000000000
00000000000000000000
00000000000000000000
