20 1000 1 1000
0000000010000000000
0000000010000000000
0000000010000000000
0000000010000000000
0000000010000000000
0000000010000000000
0000000010000000000
0000000010010000000
0000000000010000000
0000000000010000000
0000000000010000000
0000000000010000000
0000000000010000000
0000000000010000000
0000000010010000000
0000000010000000010
0000000010000000010
0000000010000000010
0000000010000000010
0000000000000000010
00000000000000000000
11111111000000000000
00000000000000000000
00000000000000000000
00000011111110000000
00000000000000000000
00000000000000000000
00000000011111110000
00000000000000000000
00000000000000000000
00000000000000000000
00000000000000000000
00000000000001111111
00000000000000000000
00000000000000000000
00000000000000000000
00000000000000000000
00000000000000000000
00000000000000000000
