20 1000 1 1000
0000000000010000000
0000000000010000000
0000000000010000000
0000000000010000000
0000000000010000000
0000000000010000000
0001000000010000000
0001000000010000000
0001000000010000000
0001000000010000000
0001000000000000000
0000000000000000000
0010000000000000000
0010000000000000000
0010000000000000000
0010000000000000000
0010000000000000000
0000000000000000000
0000000000000000000
0000000000000000000
00000000000000111111
11111111000000000000
00000000000000000000
00000000000000000000
00000000000000000000
00000000000000000000
00000000000000000000
00000000000000000000
00000000000000000000
00000000000000000000
00000000000000000000
00000000000000000000
00000000000000000000
00000011111111111110
00000000000000000000
00000000000000000000
00000000000000000000
00000000000000000000
00000000000000000000
