20 1000 1 1000
0000000000000100000
0000000000000100000
0001000000000100000
0001000000000100000
0001000010000100000
0001000010000100000
0001000010000100000
0001000010000100000
0001000010000100000
0001000010000100000
0001000010000100000
0001000010000100000
0001000010000100000
0001000010000100000
0001000010000000000
0000000010000000000
0000000010000000000
0000000010000001000
0000000000000001000
0000000000000001000
00000000000000000001
00000000000000000000
00111111111111000000
00000000000000000000
00000000000000000000
00000000000000000000
00000000000000000000
00000000000000000000
00000000000000000000
00000000000000000000
00000000000000000000
00000000000000000000
00000000000000000000
00000000000000000000
00000000000000000000
00000000000000000000
00000000000000000000
00000000000000000000
00000000000000000000
