20 1000 1 1000
0000000000000000000
0000000000000000000
0000000000000000000
0000000000000000000
0000000000000000000
0000000000000000000
0000000000000000000
0000000000000000000
0000000000000000000
0000000010000000000
0000000110000000000
0000000110000000000
0000000110000000000
0000000110000000000
0000000100000000000
0000000100000000000
0000000000000000000
0000000000000000000
0000000000000000000
0000000000000000000
00000000000000000000
00000000000000000000
00001111111111111110
00011111111100000000
00000111110000000000
00000000000000000000
00000000111111000000
00000000000000000000
00000000000000000000
00000000000000000000
00000000000000000000
00000000000000000000
00000000000000000000
00000000011111111111
00000000000000000000
00000000000000000000
00000001111111110000
00000000000000000000
00000000000000000000
