20 1000 1 1000
0000000000100000010
0000000000100000010
0000000000000000000
0000000000000000000
0000000000000000000
0000000000000000000
0000000000000000000
0000000000000000000
0000000000000010000
0000000100000010000
0000000100000010000
0000000100000010000
0000000100000010000
0000000100000010000
0000000100000000000
0000000100000000000
0000000100000000000
0000000100000000000
0000000100000000000
0000000100000000000
00000000000000000000
01111111111111000000
00000000000000000000
00000000000000000000
00000000000000000000
00000000111111000000
00000000000000000000
00000000000000000000
00000000000000000000
00000000000000000000
00011111111111111100
00000000000000000000
00000000000000000000
00000000000000000000
00000000000000000000
00000000000000000000
00000000000000000000
00000000000000000000
00000000000000000000
