20 1000 1 1000
0000000000000000010
0000000000000000010
0000000000000000010
0000000000000000010
0000000000000000000
0000000000000000000
0000000000000000000
0000000000000000100
0000000000000000100
0000000000000000100
0000000000000000100
1000000000000000100
1000000000000000100
1000000000000000100
1000000000000000100
1000000000000000100
1000000000000000100
0000000000000000100
0000000000010000000
0000000000010000000
00000000000000000000
00000000111111000000
00000000000000000000
00000000000000000000
00000000000000000000
00000000000000000000
00011111111100000000
11000000000001111100
00000000000000000000
11111000000000000000
00000000000000000000
00000000000000000000
00000000000000000000
00000000000000000000
00000000000000000000
00000000000000000000
00000000000000000000
00000000000000000000
00111110000000000000
