20 1000 1 1000
0000000000000001000
0010000000000000000
0010000000000000000
0010000000000000000
0010000000000000000
0010000000000110000
0010000000000110000
0010000000000110000
0010000000000110000
0010000000000110000
0010000000000110000
0010000000000110000
0000000000000110000
0000000000000110000
0000000000000000000
0000000000000000000
0000000000000000000
0000000000000000000
0000000000000000000
0000000000000000000
00111111111100000000
00000000000000000000
00000000000000000000
00000000000000000000
11111111100000000000
00000000000000000000
00000000000000000000
00000000000000000000
00000000000000000000
00000000000000000000
00000000000000000000
00000000000000000000
00000000000000000000
00000000000000000000
00000000000000000000
00000000000000000000
00000000000000000000
00000000000000000000
00000000000001111111
