20 1000 1 1000
0000000000000000000
0000000000000000000
0000000000000000000
0000000000000000000
0000000000000000000
0000000000000000000
0000000000000000000
0000000000000000000
0000000000000000000
0000000000000010000
0000000000000010000
0000000000000010000
0000000000000010000
0000000000000010000
0000000000000010000
0000000000000010000
0000000000000010000
0000000000000010000
0000000000000000000
0000000000000000000
00000000000000000000
00000000000000000000
00000000000000000000
00000000000000000000
00000000000000000000
00000000000000000000
00000000000000000000
00000000000000000000
00000000000000000000
00000000000000000000
00000000000000000000
00000000000000000000
00000000000000000000
00000000000000000000
00000000000000000000
00000000000000000000
00000000000000000000
00011111111111100000
00000000000000000000
