20 1000 1 1000
0100000000000000000
0100010000000000000
0100010000000000000
0100010000100000000
0100010000100000000
0100010000100000000
0100010000100000000
0000010000100000000
0000010000100000000
0000000000100000000
0000000000100000000
0000000000100000000
0000000000100000000
0000000000000000000
0000000000000000000
0000000000000000000
0000000000000000000
0000000000000000000
0000010000000000000
0000010000000000000
00000000000000000000
00000000000111111000
00000000000000000000
00000000000000000000
00000000000000000000
00000000000000000000
00000000000000000011
00000000111111111110
00000000000000000000
00000000000000000000
00000000000000000000
00000000000000000000
01111111111000000000
00000000000000000000
00000000000000000000
00000000011111000000
00000000000000000000
00000000000000000000
00000000000000000000
