20 1000 1 1000
0000000100000000000
0000000100000000000
0000000100000000000
0000000100000000000
0000000100000000000
0000000100000000100
0000000100000000100
0000000100000000100
0000000100000000100
0000000100000000100
0000000000000000100
0000000000000000100
0000000000000000100
0000000000000000100
0000000000000000100
0000000000000000100
0000000000000000100
0000000000000000100
0000000000000000000
0000000000000000000
00000000000000000000
00000000000000000000
00000000000000000000
00000000000000000000
00000000000000000000
00000000000000000000
00000000000000000000
00000000000000000000
00000000000000000000
00000000000000000000
00000000000000000000
00000000000000000000
00000000000000000000
00000000000000000000
00000000000000000000
00000000000000000000
00111111111111111000
00000000000000000000
00000000000000000000
