20 1000 1 1000
0000000000000000100
0000000010000000000
0000000010000000000
0000000010000000000
0000000010000000000
0000000010000000000
0000000010000000000
0000000010000000000
0000000010000000000
0000000000000000000
0000000000000000000
0000000000000000000
0000000000000000000
0000000000000000000
0000000000000000000
0000000000000000000
0000000000000000000
0000000000000000000
0000000000000000000
0000000000000000000
00000000000000000000
00000000000000000000
00000000000000000000
00000000000000000000
00000000000000000000
00000000000011111100
00000000000000000000
00000000000000000000
00000000000000000000
00000000000000000000
00011111111100000000
00000000000000000000
00000000000000000000
00000000000000000000
00000000000000000000
00000000000000000000
00000000000000000000
00000000000000000000
00000000000000000000
