20 1000 1 1000
0000000000000000000
0000000000000000000
0000000000000000000
0000000000000000000
0000000000000000000
0000000000000000000
0000000000000000000
0000000000000000000
0000000000000000000
0000000000000000000
0000000000000000000
0000000000000000000
0000000000000000000
0000000000000100000
0000000000000100000
0000000000000100000
0000000000000100000
0000000000000100000
0000000000000100000
0000000000000100000
00000000000000000000
00000111111111111000
00000000000000000000
00000000111111111111
00000000000000000111
00000000000000000000
00000000000000000000
11111111111000000000
00000000000000000000
00000000000000000000
00000000000000000000
00000000000000000000
00000000000000000000
00000000000000000000
00000000000000000000
00001111111111111110
00000000000000000000
00000000000000000000
00000000000000000000
