20 1000 1 1000
0000000000000000000
0000000000000100001
1000000000000100001
1000000000000100001
1000000000000100001
1000000000000100001
1000000000000100001
0000000000000100001
0000000000000100001
0000000000000100001
0000000000000100001
0000000000000100001
0000000000000100001
0010000000000100001
0010000000000100101
0010000000000100101
0010000000000100100
0010000000000100100
0010000000000100100
0000000000000100100
11111111111000000000
00000000000000000000
00000000000000000000
00000000000000000000
00000000000000000000
00000000000000000000
00000000000000000000
00000000000000000000
00000000000000000000
00000000000000000000
11111100000000000000
00000000000000000000
00000000000000000000
00000000000000000000
00111111111111100000
00000000000000000000
00000000000000000000
00000000000000000000
00000000000000000000
