10 4 100 3
1237 744 1034 759 1036 717 1121 1136 1029 899
914 1241 873 1066 958 836 746 1247 930 1307
1134 756 912 1052 1037 1347 809 875 1056 763
1081 1181 828 1251 1098 1003 1116 1152 777 1154
1049 1132 722 1140 779 1187 851 743 1062 896
1167 1081 1235 1031 1070 755 979 688 1025 936
814 884 897 944 714 731 1212 1147 943 1082
1162 1308 901 1344 971 849 744 1151 1130 951
1162 939 773 1154 1091 719 1295 1182 1197 951
900 886 1299 826 907 708 1299 788 960 1345
6 1
3 3
3 5
5 8
0.5086661224519154 0.5629180509415468 0.3336595470917714 0.8958235057087645 0.3116096341396525
0.46305088315863674 0.7904047238455751 0.6288903427583317 0.967992107479765 0.34453440239533095
0.4629688548121732 0.5222612339798536 0.3174320025694598 0.5702628838447594 0.22203869928493383
0.854731295319898 0.8605828632502583
0.17134206018403653 0.2837474299593994
0.2754822066593148 0.5272518716411163
0.26727535896140275 0.09961715398625914
0.8381899012256708 0.7024742903889947
0.2985891971431025 0.24277677432353117
0.8596948366227635 0.8835038556887982
0.42535803410218453 0.33754701080675
0.44903973751177273 0.9665206885403812
0.07142213602735437 0.7100707167209148
0.6933497910118047 0.629671348525386
0.6935048473354448 0.947947909871198
0.753403863741485 0.9169633840290781
0.10306903685093749 0.6311007136130613
0.8179560764680214 0.030621708226849398
0.26159430382303417 0.00705747739409901
0.8911450524232101 0.49343075205792064
0.9900714670516526 0.35224224600133947
0.04902071688221721 0.9473208619294307
0.8442992872673336 0.8538070840758005
0.3438887949604943 0.8042468814337025
0.2558442815858062 0.7441343387720478
0.09576650457136648 0.9507977406187254
0.21871771975463195 0.39645426612582635
0.4459616621809952 0.9077138200568138
0.4215115466433059 0.046229122662734934
0.23834261719234684 0.3703879046763572
0.5668357674340976 0.317298049738328
0.3514217925544416 0.822323690174684
0.24651156285020948 0.6240438710313785
0.7375925517726096 0.44827654606201306
0.039835421975450425 0.9069598841587301
0.6179347119437002 0.5061808136512385
0.6818166041115865 0.6558222280388211
0.6610402731196705 0.3933555840898866
0.709705787948691 0.18353355685049233
0.6961483225752929 0.8987613280623512
0.8530203793594717 0.9595608280116013
0.7452367997721172 0.25946220071321346
0.012941137001956315 0.9606803022283017
0.543186677563281 0.14111749719713096
0.7276220865159346 0.28270687822605844
0.8153736612125309 0.19648908806005605
0.5056502981888953 0.0031945699476412237
0.062070455433779204 0.7335888576096186
0.3249052110015287 0.9296464567416027
0.7551303511862499 0.8980606171374232
0.7795761228654206 0.15533485174189132
0.8538807041133658 0.19530118740856506
0.40162506754942706 0.6595664744604091
0.08441513678679957 0.6771435907308148
0.6437910942888652 0.12915812887590028
0.31347942654991146 0.6478540791259932
0.4802975593532004 0.8329755992968237
0.3038403869530264 0.688999863142836
0.7212963991839565 0.5997955670802739
0.5977052230889472 0.33289908524889245
0.9317660006302473 0.5925510511354783
0.6529022630078936 0.3272000296681865
0.5822004090955077 0.06531402476386883
0.6157624096295826 0.1135892148603368
0.2298537216601817 0.6452112333985132
0.8587766135393353 0.43214788092082235
0.16047733743877934 0.6844419065198473
0.01444024749507844 0.7645911214704233
0.26141300942253554 0.7443932594823663
0.5563279203381923 0.21911402554206383
0.729115237526972 0.0991839017506635
0.5244219985524781 0.7710321563267881
0.19695525102773725 0.7255641238305701
0.7298463380420759 0.04232390517924434
0.6214572869923549 0.3403065232999707
0.04749695993452052 0.5530631179777461
0.49311674759144264 0.2041002029908301
0.3564374420524812 0.9032569945138671
0.33826836884934597 0.4162359563696725
0.3636798220270778 0.361457015890323
0.5841419187989796 0.9669724481986552
0.4109313134492343 0.5499778111474491
0.07102798844342906 0.6792352149697236
0.4769952229410481 0.05341317147184754
0.18686202916850725 0.4534430863841741
0.29578560381440777 0.08928690822250962
0.05374951290706398 0.2657320418492175
0.449880315175764 0.7347431559839159
0.6296231862408981 0.01895038479561606
0.754606000355871 0.21298118717606096
0.10624570758775032 0.8905071525755268
0.12522072382292526 0.5866878852953883
0.6525143443812094 0.1350006524143208
0.9425704703406301 0.6941592200149798
0.3587669399940192 0.6590341861930431
0.04974667648855169 0.24976215747737207
0.38347080922856724 0.8951041011376841
0.6589754857970751 0.31428385024759464
0.9808731826530601 0.03687242906639043
0.052475228127615736 0.7849619565372254
0.10570863344592851 0.5696533943007043
0.3965577238509346 0.2852569315606335
0.6356818576764522 0.1687300084945622
0.8111207508005107 0.9568374702904865
0.8619469146373486 0.5978058612700101
0.7531534106334792 0.3575997341703965
0.44164830918043796 0.6710790536449496
0.8693973063358407 0.8385613889540215
0.8722135870618191 0.8737467577975606
0.695505701170583 0.59002240210805
0.002643450630165134 0.5879278999615987
0.0760270422247622 0.26269282499673197
0.6791666802392102 0.6762409364462729
0.6058366897578384 0.7458051744746115
0.8459576816152703 0.8446962632031587
0.675504663527764 0.6383440907265157
0.5115466970843756 0.5729255946222269
0.5001644082631367 0.5034465284460654
0.9290808229349472 0.0615938653232635
0.039321070271694625 0.7374209904507771
0.14347389248696651 0.7268147647155987
0.40442350908060387 0.7506622123292144
0.5086923524380211 0.6943288482078294
0.4686032342245945 0.721351948632208
0.8066570161510163 0.734008885262502
0.29907699803207954 0.5021934518768567
0.9094453033699403 0.20031085207211663
0.061553027715522735 0.5311037632511069
0.05407336145508079 0.4702296949381177
0.5975870570407591 0.7912445689836733
0.24554272499173124 0.05119266272039669
0.9152447948037259 0.8858072475837822
0.34278607306129816 0.43052446604824235
0.7673387558275129 0.9750185703345711
0.009486207526172574 0.124667537881882
0.9234297366955695 0.5790337908777277
0.5959740446842117 0.04126184610440764
0.08965426655541497 0.48672324963351654
0.9137012726846225 0.09248778601848939
0.5990564590579934 0.44349834671983523
0.2702219589373873 0.07689048250494412
0.07136870622433289 0.026618415709899423
0.6341101881331752 0.9891647877229128
0.5984698247542015 0.6022446846803975
0.6569969247412968 0.8114980532679097
0.36678041543716366 0.41856286696842404
0.2895708746468486 0.39460453597957823
0.2484076191637734 0.05272931727224539
0.786467376130378 0.9218688423332109
0.44985426564358466 0.6002273281607258
0.8520209061932564 0.6141637717149258
0.7122045187765913 0.153501517731651
0.0944466522754448 0.5531286507043942
0.428235101178396 0.4813008287474152
0.4694959069523188 0.5895942451591565
0.5503234603300478 0.4556701989079066
0.3652584924596258 0.05881441734965298
0.784048848565976 0.5341863683540098
0.21013249337494733 0.14721226550219213
0.8921793275886531 0.13273122962398087
0.7037040187891428 0.10767718719590569
0.7000863453245192 0.413144298317234
0.12671442894287188 0.41238146544136267
0.3905583124112397 0.910621113591259
0.9393660062922788 0.9556534933698453
0.6728162541238407 0.9060840974385851
0.85140224376932 0.8950549386966082
0.18512350533341215 0.957183527416692
0.5522749250975152 0.7201688600269192
0.164562159830973 0.08824289223961812
0.13623898730401707 0.2980055525601506
0.6285828461235698 0.04228393855720536
0.5158680232927051 0.049859003887075426
0.4607944185233317 0.2345714913706658
0.4697982423861087 0.6487285980324857
0.642428322815896 0.8601048394413644
0.6000872048205745 0.6709520387423755
0.1978583437638124 0.8257992110774455
0.3262910268720052 0.5104158915994752
0.8886917847408611 0.10396873408845986
0.840795392133465 0.24589987617468
0.7222407804348474 0.7516821093613484
0.6447667129088555 0.5501349006199201
0.6132436835151844 0.30678804097022216
0.840520195924316 0.6177129492419517
0.3613705417151285 0.8451575721081692
0.6305349243256271 0.06894760241157383
0.7390151485390866 0.8561553558370427
0.9321395340329748 0.29768781380635323
0.08568036057432926 0.5978680470834874
0.41340806472291347 0.9925080815142524
0.17083058331582746 0.00503420338799776
0.5442756545110943 0.3284069760944923
0.8356178420607845 0.3895406241751458
0.0371860874788037 0.6787725573544054
0.013345070766435319 0.4995748665213877
0.839809912792105 0.5871747303693349
0.8398817355033432 0.8163943162053695
0.3506914012142053 0.008666900571182357
0.5939106069503974 0.13168430701283773
0.592109276344829 0.43856127043661064
0.7964769428355412 0.918229703260178
0.9369917936923775 0.8748339562619736
0.8507588231227614 0.7875180832599462
0.563386681775363 0.031610148234411106
0.650079074779901 0.28966794379611116
0.8179926026770701 0.09757018649151261
0.4939676729714302 0.8702796746053434
0.7715845094038363 0.9141777555738504
0.5942489457316689 0.9138655064871726
0.7809651744385662 0.16724236743045107
0.1359603334787085 0.3523416235112702
0.7946658584792083 0.19187267619892245
0.8534284633767593 0.87839693827983
0.10672968089166979 0.13437471621265673
0.5730881202364939 0.08026628305328387
0.6852667242319626 0.4148101021367516
0.09525920923206521 0.8780883984263212
0.988784722992319 0.9828228037462916
0.933960975121874 0.5192732613287869
0.9938004861119489 0.6810075225169983
0.46998466290467555 0.9600239685527474
0.22524076845481233 0.8068641628768596
0.5389170160861885 0.8458490683521582
0.462157393524395 0.25000639471650277
0.06321591148807615 0.25253988576045283
0.4269449779252632 0.41699663894892613
0.29060976869297805 0.5471318536111183
0.1836005137175143 0.7666810799777795
0.3396326582476361 0.9762831466539308
0.5065918210277125 0.5448158112998605
0.25462755959822414 0.20850512313721659
0.5717447144813943 0.493479505449931
0.29037323702610585 0.8936356669236227
0.405382622145263 0.41330622229180847
0.2398345587166646 0.718375466087253
0.2162070806608809 0.22188784772545245
0.022368069651382827 0.3953178650358702
0.17918805544364713 0.8885651476624021
0.9194877293029302 0.5939155901374333
0.3863272115154506 0.28703030006382924
0.48119512682269727 0.8534766189968441
0.4996240603989701 0.6703873544127372
0.9205057693654728 0.08423707538876779
0.4904186673245734 0.5794549684818575
0.7727133919620821 0.7605979174186681
0.8543022876376223 0.6357101210176301
0.8401785428266602 0.26398366001660856
0.8552153116253041 0.4231395064655803
0.14262102561673018 0.311516727520446
0.021676107819473822 0.579551180124553
0.009435799868250827 0.961969703226099
0.3094962085525579 0.5615321176682662
0.34332400146770325 0.03616529223386222
0.4169735230981997 0.5324176309938755
0.3239609549847473 0.1612548168561012
0.9243526073884523 0.5417393716311223
0.761748203435862 0.4008729602432186
0.923489339045231 0.3542528491585488
0.8047853938816354 0.12086660732057597
0.42225208943637216 0.580261483594682
0.9866724084886167 0.3309735239544034
0.20394677862494492 0.3515651646219722
0.26611943353478695 0.5725407540013978
0.2998554578129011 0.6421671121360044
0.6085030979072321 0.20981220444228366
0.7744272740899543 0.98772905250439
0.29899435440593414 0.4160672896319775
0.6878007727768436 0.41704276770773085
0.09030749634682245 0.36337567699480355
0.9394209511286136 0.8902665402205343
0.7482185546644293 0.13583635818589768
0.2959058243276589 0.8684156163853465
0.6973094207190778 0.0640602951762308
0.1300896599476582 0.053791907939238826
0.9519358978239374 0.2693825993701249
0.5046965234324445 0.8713355736306794
0.44220307612334553 0.2035299042823666
0.03423583675461228 0.766588481723502
0.9020052741474625 0.5565560852358591
0.6865379370525773 0.7722828157056996
0.7548311408946653 0.39779688715852535
0.3741659029297002 0.4539346726650366
0.6045809081859397 0.9051013186830468
0.32823654348571374 0.11824750552658236
0.6730573797866723 0.21336891218206855
0.6623531355906973 0.6406577028672971
0.08107340511881955 0.797688464445679
0.753367763501269 0.015163874323791848
0.4274053065584036 0.04113230021089587
0.32847453372327307 0.1713531206926786
0.3068335288807651 0.9093722216794706
0.6942800896080503 0.774076678126002
0.9971506593763733 0.4737203095768341
0.672169728885998 0.07490963997716604
0.7512821536027079 0.10903301011905797
0.7905573454604291 0.4081114407912394
0.9122024639575836 0.0835819786494858
0.05387502924988952 0.5256550285163277
0.955803833407771 0.4248172787255169
0.47638499685352986 0.7150775901399338
0.10696757300780657 0.7843011046998396
0.2186864326540865 0.9883139443471884
