10 4 100 4
942 1528 882 1169 803 952 1149 781 1154 1090
1375 740 874 870 752 1433 1119 893 921 1616
564 1267 1174 769 665 1322 1029 1149 1231 872
586 1448 842 1479 1275 1083 944 1545 616 803
771 761 1231 555 1159 1609 621 1496 707 1069
1606 895 873 1226 671 534 889 1078 1062 949
937 985 571 1225 576 1537 1579 1190 724 536
1376 989 832 1200 643 596 888 727 1539 829
1520 1037 1120 730 1048 738 1452 1365 666 567
703 980 750 735 679 684 685 1628 1088 878
2 1
9 2
2 2
3 5
0.8866422290669975 0.3097372382446442 0.34495555905443903 0.5433468273847604 0.22719800344367844
0.3032237084591454 0.3727285859896849 0.6880514723330731 0.8940021992074849 0.4302173693136092
0.38569907172769824 0.7080170096341618 0.8042504205446797 0.6422587799353261 0.29528291212671576
0.1752847530510202 0.6520188842732604
0.9570575383536193 0.06278502885308646
0.3300331554739808 0.11838603228459865
0.5455615303832997 0.8906526336417653
0.1516061237869717 0.4518963756254015
0.38924611421631594 0.9487937871280803
0.11205274520268738 0.6571872188010917
0.6025122396031684 0.08302613657311753
0.7405663429048404 0.3720295897565875
0.294485332225362 0.6581301425866908
0.27587597260902497 0.43837268137844765
0.06384028295052357 0.20379683516607283
0.9902941247653345 0.8199612911977532
0.6660908210837997 0.8160255330602004
0.7424157484774692 0.0572943652686102
0.8851442374432021 0.528544613674562
0.39733162238220143 0.3716782311624309
0.7381532882540753 0.08893195563261092
0.5468172458996459 0.5303315927190513
0.1652719608456581 0.6034531172634592
0.8897979364397388 0.3567623683230925
0.6133310371308989 0.982848991257198
0.17750825008463478 0.5312846771547037
0.6943805229244833 0.04073537248477188
0.48998574962241803 0.03244790049796298
0.8693617153849256 0.5539595233452581
0.7404265625975359 0.10232499139491957
0.5482000931195514 0.31497038993119664
0.04225608189258545 0.8592998692991067
0.880694947681504 0.16083247338590412
0.31639482898242965 0.6288831551307401
0.34693669551014095 0.6341554185336822
0.3109314789547446 0.99525814066421
0.39545534650159797 0.8444705379855397
0.7009004368939946 0.6539686391831216
0.7061257231303011 0.0023846000382750088
0.6528136137830387 0.07692268086068554
0.6205220976011565 0.8836380217853599
0.5827321901744902 0.46425616130412073
0.7873608051832088 0.06698894983023629
0.07632166721103295 0.8547703695932758
0.029829952910107815 0.254070139408618
0.3176226008074883 0.7735594175685716
0.4482336238576141 0.4645436775343006
0.5883317809606148 0.6232229525575463
0.07512845878750718 0.3802608724088705
0.8489799802140332 0.8044711875951136
0.6242218774613424 0.42358639304727275
0.369828991198091 0.8363156610279097
0.6050628640357307 0.7786080972552412
0.3629358345404825 0.6824321321951345
0.9578688078309769 0.7384042910842858
0.45800900812094025 0.36048375893393625
0.005790388171463379 0.7888750592484746
0.3545445623930983 0.21627094436929384
0.7347241017311605 0.49550049592142065
0.18151888803587113 0.4625242219017607
0.9425477474701394 0.9629075258452329
0.7660703764577379 0.7212661884245402
0.0342629174283926 0.9301230275637982
0.8608596912178279 0.009108904333880563
0.6532265279869081 0.0033040522304343956
0.7295954114746734 0.787381476363074
0.8369833203351444 0.5337023425695349
0.9853401041227849 0.7338449509492235
0.9106627701935939 0.7768640902463417
0.6246225442143991 0.5535665790466426
0.08466781917122379 0.8512118122307863
0.08941950051482905 0.4994593297041292
0.08256688935110823 0.7428364288829534
0.02795940414107867 0.4683253171061488
0.30080035213713474 0.8664474344151967
0.7976182290840974 0.09491263272402906
0.9487004393780281 0.8548489511943291
0.8472026956149383 0.29434069788340445
0.7141649294065202 0.4502102154069809
0.8849989932866189 0.6145451316595187
0.2328858478611846 0.616655015431856
0.7665242607811675 0.20573853412063325
0.5814981728711577 0.26336672464837085
0.3683649856711242 0.23979574291658867
0.7176471295570221 0.9954424145586447
0.5725019984235129 0.3461093012797556
0.9998835044282604 0.6022620097945501
0.6794738074922797 0.26463751324249807
0.11613465953294999 0.28337940761046854
0.903324423441624 0.7011316430134913
0.6966358661436145 0.031157216132725152
0.9085923624358134 0.5934634233232046
0.08648908801528021 0.3885898531273917
0.3649601641627962 0.7981887921636095
0.4844576834241159 0.4989140657371829
0.6327336052060271 0.253462106873118
0.6152668494972231 0.8329292636378618
0.458487343993105 0.6918992523833978
0.573156562875428 0.45606059561688195
0.5012698744237809 0.9355717896184166
0.7319315450794743 0.7911957878536626
0.8878974119569425 0.158153149918985
0.7512606523097174 0.6436991730119936
0.18902843187324203 0.3284488581301295
0.6238943480818226 0.7657056774396367
0.2446595545640171 0.7496320724364787
0.7468451137506589 0.9614081718522782
0.07949471498575567 0.9057991423039287
0.9962074226762185 0.18791663641373502
0.8908189633409216 0.1482213274765014
0.46950239020110907 0.9718151025602355
0.70348543377556 0.629712353547788
0.3782861470240344 0.7344177681880011
0.5749979736586839 0.21543495515291666
0.33127119453070764 0.1851155971813674
0.4543014207376248 0.5452447566868317
0.3703709601333416 0.18751413481526824
0.6527149198860152 0.2945045061519791
0.6121861756219888 0.04241548238021431
0.16491663784694244 0.43991039936755594
0.5296841292511489 0.3665962465893948
0.2587687611544571 0.20349443980808601
0.021294451814025006 0.9480722310493919
0.6124135557226025 0.8153723887562196
0.33503740910655 0.978227798160028
0.16935583607429816 0.7792200225268651
0.9112440525438443 0.4403573298039791
0.4035162505887069 0.29932015558950065
0.9305318479894187 0.3140270029209238
0.6129661438437315 0.5684102523737105
0.8800174251627522 0.7552806167833472
0.00727361724356923 0.755391667336325
0.34549819515037306 0.8411199934284836
0.6574155961999881 0.7849062416945563
0.22459419054354712 0.15098375191340052
0.29894463115739245 0.9613532277935788
0.2135441373964051 0.9854781859924402
0.5706668471260361 0.7751120115825425
0.03168277655526297 0.5699894230568285
0.5066901813420595 0.7646157592639728
0.666815558160617 0.4355898148425865
0.990398404865173 0.25998381259883785
0.9530827072328485 0.9721604399895949
0.9907803540331657 0.46292648961733596
0.19598404440021988 0.8250104578028405
0.10382691167922564 0.8758747630786965
0.5917318662857673 0.6907240011713913
0.6018536881976513 0.6608344733486922
0.31879493410473647 0.13311687948752948
0.15750266105335853 0.9474417239623381
0.36785627132640464 0.4011872080819514
0.09645430605729666 0.10554113929166764
0.9507077641752739 0.29935581172788317
0.6065005838079971 0.8525663086226956
0.02804179303257559 0.7947922575004573
0.33344723373125507 0.4611729372009987
0.6405462271021101 0.8514411075441506
0.2903622306446969 0.9419166177487468
0.6453364017696506 0.8782470072462218
0.025696529964776227 0.741176915543998
0.1884879998307769 0.4192523025742183
0.7370593324681705 0.5893241211402238
0.5954122160141266 0.896753747052284
0.4985065236338768 0.50802936156077
0.899121635223531 0.69662728845974
0.20806602077610958 0.5557282281705713
0.9963266710171166 0.04814955923831987
0.7335608704737782 0.22455332706061104
0.5321425956395094 0.7089503200398974
0.1270242341520582 0.4121287955230988
0.7169611789985408 0.7533625092184215
0.3912297255054793 0.47929415853340407
0.6182100307263065 0.8510528378617674
0.9336371210890164 0.048873744047491785
0.44580059375720893 0.7922313610716734
0.41567473544914146 0.7689309491057092
0.4729119216411226 0.6891361199916042
0.14468881877132977 0.5814743823847026
0.9178300731922153 0.06948582650019763
0.15052488931341745 0.8799984531844947
0.590437936895452 0.40482526221995463
0.20705450173671824 0.8914804553828402
0.5882108068417689 0.612680462371284
0.3192578901037084 0.9143314230101314
0.2419669395646744 0.018907497741551094
0.4630763942345917 0.548422730706533
0.3107948542068164 0.3663040444636214
0.21849717834653126 0.7122543642736641
0.6161644535182624 0.3469160235734676
0.25617683975238514 0.055949723449947086
0.07520166074311874 0.5666983904906293
0.5116244712900533 0.09633026811961232
0.3881300343697336 0.923307315451994
0.7663592800470096 0.18501938958304098
0.5065142231875612 0.7850101467264738
0.03114127487320073 0.31116584300094363
0.09357029455468235 0.6316044292786975
0.8183323784365999 0.8136188138244704
0.05346857602328581 0.30162821204623813
0.6389463426791759 0.6105443046215098
0.6634660680848248 0.4271936392284472
0.435238838325662 0.5054309542852222
0.401685110995853 0.44867946921725865
0.5526271089960166 0.8099448295299423
0.09583409362040962 0.4231539022704056
0.01943224094136453 0.7772921547116833
0.4649229651458284 0.9801770527095066
0.40986357436039866 0.8474017608190574
0.29443049550369826 0.6837407908332829
0.7711336091940337 0.42140871027710913
0.430080881660313 0.5421936867247426
0.7742830338228301 0.9515457582304117
0.6313813100652921 0.7917186719551927
0.13163843280816656 0.26846788110706044
0.240545133363526 0.8750984423131076
0.17643328501395494 0.04376690900385238
0.3650368579481358 0.6704268663148196
0.005477443117896996 0.6426070229272776
0.08292490270661501 0.8824210881711718
0.33318340411752456 0.2432242946802139
0.3299421238646092 0.537397248961542
0.7140900602109808 0.4358358611219648
0.32560888470100613 0.170214299590155
0.4701372372803827 0.07453558481663736
0.708121581830019 0.7136076935518543
0.022205367047388513 0.8573419379507208
0.17965213757835463 0.2723190358269254
0.8502047238844574 0.3276582102451766
0.04304767638285889 0.39358860957211816
0.5921700605217677 0.41910591779258555
0.52382112849839 0.6056286570792913
0.7682729041015908 0.23231875320505835
0.5001063325124107 0.9898110053164957
0.5518205325599896 0.557546610242438
0.4496095004575178 0.10272172916061773
0.3199523234091479 0.5299099818607462
0.4854165709847882 0.12714778471922972
0.33278326297024874 0.2802533978024717
0.06772444471006667 0.528612521505341
0.7641236741881916 0.21503283849017696
0.2722799407755683 0.24726452156233814
0.3693059799096665 0.43536128800426654
0.963519095279185 0.520551581782597
0.4924908174304772 0.5598982564910968
0.16139307813389703 0.6622346102831569
0.8873614442745237 0.09766700619390645
0.536889772117437 0.9064093172173766
0.06922204809525101 0.9995210807437227
0.8484633908664336 0.8038136957144093
0.2434628924209281 0.18998741841605105
0.03220820989316775 0.50309799469451
0.31618538183426725 0.9806349745530547
0.27879930925259755 0.19524097803563412
0.8780218563805369 0.16643018701196666
0.2182484934293829 0.8218443701071303
0.6758797144451292 0.9290142408062514
0.22654976887031952 0.6489736456476727
0.3673488999867305 0.22781766644852297
0.891923854128791 0.29995404059514374
0.22917652723235515 0.9290750893133546
0.8740117308006081 0.5656161559602388
0.2863353479622468 0.45183367696730836
0.4908555947426543 0.831103031594383
0.9497820653248292 0.6738886911799691
0.3828767822708026 0.20110943543800275
0.3554673556017789 0.4041545176973538
0.3362275331016833 0.9814907106229738
0.08763200474246524 0.7622161545279147
0.305400400413683 0.007399422626277685
0.2833236006519584 0.8965356619531333
0.7909042288941355 0.677815356294269
0.6315680958832708 0.8642100599100275
0.074532177916794 0.7600588158474184
0.46826693275476616 0.4188580637567587
0.23970272090830225 0.9829938231154871
0.73749948758059 0.24214985851867454
0.5317340934613379 0.14486922920216094
0.8375121845272506 0.24680908319874661
0.7190219558930784 0.6707095372557006
0.3007801676883679 0.94302528421532
0.052008168733504556 0.9231261561226574
0.15566528779360334 0.9811793941662548
0.7602474477568815 0.390941075073614
0.4976951648409662 0.17802661849640522
0.5354099901357552 0.17755915117419807
0.7129349377929641 0.8371796909134421
0.5264145345793287 0.09052283147156404
0.8272871460707079 0.12006844168219266
0.8682884474610559 0.971224465989847
0.2862637811001014 0.6665668352305414
0.962470473688942 0.5739780751799879
0.6492919945842459 0.015810384938010458
0.4815665671671161 0.022466947162496975
0.4295099091647203 0.7690259461287285
0.35808880462591475 0.9951495783040092
0.724616640147457 0.6738703884639601
0.47430422562828567 0.5205756325783437
0.28032845364531944 0.7982725814972977
0.40941343662715957 0.6636214458228888
0.1768954972534651 0.8458684793931137
0.8008878612043118 0.38346027595502186
0.05433050600371003 0.5986269025660704
0.3959123447869033 0.12842176555251683
