10 4 100 1
471 1146 1189 516 528 1057 1798 1689 1202 1987
1140 986 545 669 640 995 557 1241 1157 2032
820 472 1000 740 1243 424 774 671 1358 997
884 679 1168 1206 689 581 635 504 587 1304
700 1256 733 537 635 1290 903 569 1641 1285
837 742 475 549 833 1037 1070 1225 1281 1450
915 1253 1082 952 1033 841 1482 1078 1516 1229
1072 492 878 490 933 1103 1458 1812 1238 909
498 454 1146 959 1210 789 1760 1666 1269 1249
524 1233 835 612 586 1057 863 1472 1079 1644
5 0
2 1
0 0
5 5
0.917544938195489 0.3909660247471466 0.7686685420790675 0.935800839170964 0.39608278090213545
0.6037893387630999 0.5564125976311418 0.5504883302755791 0.9177007023309864 0.4172293128354022
0.8337704627115612 0.7294186236254212 0.3661252778620023 0.6610254017637975 0.4657036015755385
0.9615769743058582 0.07293994017998351
0.227715055447272 0.4553528802695965
0.5165457207621496 0.1875319237741917
0.4816774725644941 0.393956677189224
0.27116072684017456 0.08786217748954317
0.5360113433992231 0.9952015533618053
0.637682920078696 0.4941853051096181
0.9935791966321152 0.20333813962566993
0.7013970213774896 0.0655472814838538
0.6551252007664099 0.34307480867688933
0.17397976232469348 0.5128733093246822
0.043949037835586235 0.08093118790972098
0.7539569524537741 0.6660803286493855
0.817288885296567 0.011114318621131547
0.9526478226744239 0.495044780285709
0.8018165421345969 0.9082552710904737
0.8886069136367649 0.9514065160060796
0.3950977805738356 0.8857678463797993
0.554910445675834 0.6576742684666064
0.23313403104408126 0.3214176456823401
0.24325160708565785 0.7479523507218993
0.35415145053164143 0.8046579174134685
0.2637893572487262 0.757917238561294
0.9006894520327435 0.37353966143739736
0.03439256374994648 0.27767965922347293
0.8075337898087978 0.2000315076423469
0.5810068744610128 0.3639790224463737
0.5250850076189211 0.4531053492621966
0.8738847577361712 0.5655804222114238
0.9670908229623258 0.9713731331587792
0.1362985051567962 0.02418288118564038
0.49183831290969815 0.4993603410703933
0.4261912504382892 0.7680524423134893
0.2837056336351613 0.06693638130047797
0.554388820051235 0.7149121440095147
0.3433162371581093 0.9045545104329298
0.4992262250887216 0.9202582200969243
0.14419836561246813 0.35697980014829866
0.5007865399657268 0.283095787933876
0.3918326422835896 0.6497183548405749
0.37789137813214646 0.3874256098167437
0.6713563753948983 0.3952554918285711
0.5394014939213561 0.3752862547818647
0.6074638739149458 0.3464766492716904
0.12111782094372159 0.8113117022065699
0.045143225374606244 0.7748960735635935
0.10285659296941985 0.6136126773849149
0.25450430956420234 0.6808939117242585
0.38609862317146804 0.908810494526513
0.24558444753770337 0.5607790705623348
0.09344094415240356 0.8870199427539844
0.6326124948026235 0.8190285009468061
0.3304288538646012 0.5176511102781682
0.2664926954357032 0.30466933982765365
0.5420824758745537 0.9747471301110957
0.11654992368854544 0.1959717265186467
0.16548453415913844 0.7680182031514968
0.41397072825623216 0.0825960989083756
0.9444791881652279 0.8725313752950976
0.16638337847867657 0.4981712740771542
0.5134161421913237 0.8752716087319237
0.38063197650982206 0.20286721893472737
0.4894138034885487 0.32025129170197997
0.5411293613229102 0.975209349532395
0.6700234372279676 0.13710877931997345
0.06275473778921081 0.02365664605034934
0.16992058859403825 0.5107135400037521
0.34190377653461446 0.7718076478395257
0.4083168384122844 0.7781721636097261
0.3147107334700494 0.9240780056166691
0.057755505952697295 0.06246307722029698
0.9895632744378251 0.8943492357990848
0.20023686567786503 0.9584820164712289
0.9307676587120435 0.6379286861379658
0.5690867458125526 0.5312838824274895
0.9739075479423278 0.03186539380502573
0.8144252597772355 0.2839912736992376
0.43376569032175993 0.2759684694249849
0.48861301983287686 0.9751070608168986
0.44885942446416816 0.06352205350286955
0.7651079523133346 0.49072215110550466
0.6769565220928888 0.22158756539674118
0.0711573509136525 0.27614453858875554
0.33783427476712924 0.8149733087055566
0.3793488357610768 0.8264456562854496
0.42931471498649953 0.9082225705795135
0.31907317500303756 0.052949764622126194
0.04237703582951702 0.5341884492668119
0.2015067735732805 0.5326074494720288
0.8233564958994368 0.20346620097212553
0.33406208111152647 0.36881951220885223
0.8435043554558406 0.2259264016679483
0.6776113091225544 0.4708208841872521
0.5286985650397951 0.7826659181548379
0.7760506348594551 0.14708179362705942
0.1726790504171174 0.1901820059483068
0.7080472632525916 0.09374696958562967
0.09769179669695416 0.721440696522774
0.8759007048082335 0.9186490294197243
0.778179845276616 0.6079549843993088
0.23911220573358483 0.513594505407456
0.6894766427685814 0.835340697461179
0.4084234661699586 0.33215420388174133
0.14787605219187627 0.34537045065473215
0.11224224585812292 0.6838152434134688
0.9783248935445927 0.39951911748211955
0.19915323890214154 0.37813380900532567
0.839107285409211 0.18095960328914873
0.5247596289795426 0.23115894660599912
0.41897476862043703 0.8698631951086571
0.694600764312491 0.39401044786339723
0.52252310306218 0.930426166708126
0.8257936254170004 0.11472829315654387
0.81566169486164 0.8273671077956137
0.7255836467583392 0.3825298179862253
0.6385771866898711 0.4590224929945155
0.7317512757819304 0.03786970034046244
0.8640528871075592 0.9339948106167268
0.6229961489574973 0.3318965479444276
0.2545255272981146 0.7890162748452847
0.3270292334535274 0.053873840061049894
0.024658502600657828 0.39527852465142255
0.5539329534088937 0.7064231411365984
0.9262673073411614 0.2071707672171066
0.25610639787803247 0.9517309436425097
0.6265891359075704 0.9441937949222841
0.4866221032368674 0.3124238526416465
0.7183978446359307 0.6772317641148529
0.9484333807185108 0.49979282238528433
0.22004968266112002 0.2708484013339343
0.22084024693919835 0.2119252971776424
0.4354467555691248 0.4869269302955235
0.8887326927830306 0.31299883342602963
0.7610090888998322 0.16343821689442906
0.23784805529959474 0.2470702714095867
0.3633391901224883 0.3485301920238879
0.897485377510854 0.538337319909779
0.8380820062418346 0.45552803438037626
0.9392381088661594 0.724480344475821
0.601702790540573 0.816479917870985
0.2580053970667946 0.11742299609104667
0.8761442342559667 0.5127212982617906
0.45860428117817054 0.014094897736362855
0.9786740767536535 0.41826279416822953
0.004300116016446198 0.9550956058031841
0.19871138843128322 0.3336911020986224
0.03595451106731318 0.8587728227049174
0.6978177069295293 0.7736096015485521
0.8330680533341208 0.1848215321939053
0.16813877853753167 0.52184737907174
0.34874250059387957 0.38888993325926413
0.17042610396713087 0.12699753220061671
0.9521411475771426 0.5242599828285857
0.6218409164130221 0.1257321380842098
0.17145296974381452 0.6572244736817807
0.48641189967709164 0.7672447096202231
0.2159088078634308 0.38492597544145624
0.2825605493154999 0.683062568710125
0.720994089468642 0.14352682141914963
0.6551071867217957 0.6529284460762161
0.4720144218049527 0.1275055993025287
0.5269453012479675 0.0007791511176555854
0.24129746541853359 0.6658172281346084
0.6575303991520309 0.45367530143921275
0.04963312532070807 0.1590159323857947
0.937673943323085 0.13107687721450456
0.09710016153993961 0.12501919505745285
0.8245227783350315 0.8616366618135531
0.6198180542641862 0.9174144956070771
0.4143477870183865 0.7967965450307759
0.8688045253324699 0.5688980642870372
0.7384022674049315 0.6968890680574662
0.1821366096873469 0.25448236843707583
0.34392254434555825 0.8397317750021447
0.39898321271015824 0.8175789343120987
0.7229947056436699 0.32274348599410163
0.2684432216525878 0.20661112598274523
0.6124648670402804 0.4174862921770748
0.6083345700570935 0.21037735864835105
0.6554307613455275 0.31888492676966607
0.2427745672615489 0.13033969592524586
0.8930444436262692 0.7104800751388505
0.2880063449705781 0.34948797104532936
0.8080577147958641 0.735947552432302
0.697904653674168 0.9841321238968042
0.7741750829796572 0.21885466671109732
0.853403183133248 0.6833465959169436
0.9421581471819875 0.4430220894539687
0.6127945523011089 0.5981650738560016
0.4709404640238659 0.8218903964703457
0.38250851494309535 0.6410766109489268
0.48926414919065664 0.937829257994464
0.7443154341677349 0.06277184914581158
0.24555820025360808 0.739459988273665
0.21975989032205812 0.6809690899538607
0.2446358049190731 0.03538659009077527
0.35785642207274715 0.3856725957833713
0.8306883532278457 0.41264547901690296
0.3568506269210461 0.3242338209404376
0.04505223982347739 0.49743308817663
0.7590465620249518 0.595420396220429
0.6386895582334262 0.6804175358005693
0.6706138524343426 0.6079134101449666
0.8838689106204942 0.2628943975478726
0.27460091715164814 0.6275299483697139
0.06978864131840345 0.5150896142322399
0.57468861669668 0.5375080281523694
0.9811802080415435 0.7101893896669222
0.27872174099190716 0.926890821444381
0.7542198912184483 0.03722928354161903
0.16978736945681838 0.26444857645996667
0.6998245113309611 0.3587845387580184
0.5006360363669862 0.5991716780624616
0.11126373249503274 0.34209817091056594
0.25091138949410596 0.44334575724108816
0.47109472613279624 0.5384891238629637
0.8850036200814102 0.677315665652025
0.5661471613989 0.7874965066008726
0.6196282898100878 0.8107930977123115
0.4858733917624414 0.8263531876661094
0.0773058430036524 0.7684511403211955
0.766768502438447 0.16450945864324984
0.6345625402501889 0.8782732072487895
0.7338673401608466 0.5238337062231009
0.7040517572494316 0.03039562161304432
0.03267970106815543 0.06456645745003509
0.6539292829110726 0.21518393035955397
0.05791625181191362 0.32363010858484675
0.6754367299630075 0.1516447456677057
0.07493435959665895 0.5309698815979602
0.2891697823860362 0.09188510886152934
0.5672258660485299 0.49735926071326975
0.8310382192241186 0.3112053541565558
0.4831493783617511 0.17326220744859056
0.588864117858866 0.8764195235477898
0.019983652942832997 0.19414343257218736
0.17879061700204768 0.38756776782068436
0.19639087224877527 0.1649295067852834
0.8365098370071975 0.4450349464507881
0.3261451798542645 0.4174344303545967
0.804084817719684 0.18844680273933268
0.20666395034864604 0.06046734138954979
0.7419399224057754 0.4738642061127214
0.5662184680920999 0.36470256226250286
0.5786808083470387 0.9862913531487156
0.6597153294526756 0.49202986770971613
0.9135870825672741 0.4557869754524404
0.5274482304063415 0.6407892099916817
0.4737294128314098 0.8875976799357366
0.3351747571838122 0.33755809458154684
0.3069925829294162 0.7409406237070137
0.26663579419030037 0.30132913562419517
0.013458506496713207 0.6283676343415607
0.3791619217666602 0.5073742630424989
0.1316700887330804 0.24245326796868238
0.5765876411418558 0.9201120859654035
0.41527242893519656 0.07230632624575772
0.8065265438444604 0.6311132700378623
0.7376072969910807 0.20332338253750226
0.21256287764194437 0.8732002238691547
0.8264076680619974 0.39746164140371354
0.8330858918632922 0.051481017612742486
0.3304026767127395 0.7303056609458909
0.8424613307700033 0.2256486030707301
0.256381956340306 0.05210400657777026
0.9502880402107228 0.2835629420825989
0.734620712852732 0.031822429837338184
0.39034332089234836 0.10523547674432665
0.4271788042678746 0.11838535695881958
0.4068448127862574 0.860905978067154
0.7306442851014303 0.17966979433982577
0.6301122193088484 0.7456998344104797
0.4436491449039581 0.6472652741933005
0.14158305032940488 0.851723728446993
0.39093403996667164 0.8295673260747596
0.3256078079906646 0.571930874598984
0.9022318615901586 0.08955314829673489
0.34227112322036657 0.9710531600161112
0.02717986591888244 0.8419407914489838
0.1640673717959733 0.2678893197995409
0.12926146276625938 0.06149858964757682
0.01757666828706328 0.8148583052626677
0.8056864000781985 0.9809164301099407
0.3512678050263649 0.4716069458727872
0.9109441234124986 0.21078931709816762
0.34358888935627374 0.9422999466854773
0.25071114759878466 0.2188734463990898
0.23894687161566397 0.21360421355300385
0.5920641783099736 0.9708902216666198
0.829647551778258 0.9615704616405198
0.9263542617722684 0.33772344746514094
0.9476071441114773 0.16901934468428026
0.724462947451104 0.9536389832639771
0.40303087059972076 0.8277103520242839
0.6801735468120957 0.9557311777184492
0.5779247393701055 0.5374913384444018
0.9303717084266117 0.7491995175894153
0.742567425467352 0.07684767764335199
0.02543674449007627 0.777252794207627
0.9321081907158637 0.0033086198372089815
