10 6 100 4
336 267 461 561 501 709 651 701 839 698
383 389 456 594 738 848 920 974 1079 1038
434 354 607 691 900 1105 1332 1302 1442 1183
351 440 547 920 1161 1439 1599 1643 1733 1486
474 495 748 841 1286 1511 1862 1966 1859 1742
314 413 663 1009 1247 1544 1811 1927 2005 1690
481 486 737 1005 1160 1554 1786 1882 1964 1701
350 403 653 862 1072 1405 1623 1767 1701 1494
355 343 567 705 958 1038 1205 1445 1389 1231
293 334 482 602 775 863 997 1005 1056 1052
5 0
9 8
5 6
9 5
9 3
1 1
0.5700305299225166 0.49174179305463583 0.6579467457993564 0.42531268139420675 0.4801206689365347
0.4648628917284059 0.4238908079012104 0.35321814100726207 0.4495663251113303 0.1327717464161661
0.750059877986019 0.872607432729811 0.760411547582283 0.5514950732219961 0.25588901662387264
0.9486611249403976 0.3486961635530395 0.6918646749810134 0.7284761290653758 0.10240744944942569
0.8848136321946618 0.9183335195332629 0.6729364490320164 0.3655827429398338 0.3832321384476357
0.5469598844764503 0.6820815423125905
0.25399008104386356 0.01541249198635919
0.5778818004554263 0.9980114211703899
0.4702216346355539 0.5391035953679051
0.7931540095472698 0.3088103646494538
0.5441394558079187 0.4085668551721715
0.8736062140276837 0.6178756018520266
0.3434723515227902 0.3810637864678974
0.14117464953262626 0.6608380268940022
0.8462841490737174 0.5350834260842734
0.7541501980000667 0.7857563344715239
0.4781930228393707 0.07447228494552172
0.40034107453597634 0.14104747215608238
0.5047804516537795 0.14480510494566823
0.14274885947459381 0.687431647594428
0.002996007292759284 0.648785151046471
0.008611945271280508 0.5458576770200094
0.9407596790363828 0.41871967240096075
0.8201771875788475 0.9941011108665916
0.828706555161473 0.2930388206621848
0.6497034520658216 0.6652325239758603
0.5191662431360184 0.1056901071137899
0.3652515573355246 0.009628568114840697
0.35220654282801833 0.06334786208546106
0.0699174329236627 0.28881583434463876
0.25494721432879897 0.5937693996885933
0.2600087830609792 0.03211341065048945
0.2882409766445173 0.9627304575992199
0.48169527040047955 0.9720693950611641
0.7039374757982373 0.9935975757055973
0.8373928076339816 0.7634136978759152
0.07128564100070145 0.5101540499978299
0.8750916419748749 0.1543438452161947
0.7576840657994561 0.36725114835938544
0.7423726164426736 0.5956222387959209
0.4700398620070745 0.05933446204897597
0.1464571563245356 0.9730721818014239
0.6211739640548899 0.08677410481341141
0.8654102134404635 0.7467533614573139
0.7961772378966401 0.4643523903926843
0.7586029515084369 0.08387971806506189
0.9829955035078028 0.9071380427270275
0.9398447768305804 0.005671159684957461
0.08545371839391747 0.8056495571934699
0.3121669463143939 0.831936861162254
0.2029459847315569 0.7715219443794057
0.5864138112208184 0.8709444091098233
0.2564870281834517 0.12889947310213712
0.8523349048734428 0.08529186318889881
0.005304882183686077 0.7700955613555363
0.7198828042532837 0.4041110689897729
0.927902813746283 0.3184416176256164
0.6593015773707964 0.6221374749739024
0.12942610125588816 0.7576819593614135
0.13757746479264332 0.7992845574282916
0.9919242519788374 0.21107223180213697
0.9356583995332413 0.15008579037671832
0.234247286264623 0.9701849267440388
0.5182396371672906 0.6847771932629707
0.29624815386380865 0.059197665434193025
0.24580948806891456 0.5039352291747048
0.46933437063273376 0.7664214694779827
0.1420938330196484 0.9797697652086326
0.2956148350226442 0.6295283219221157
0.9825546035769177 0.7948029390575371
0.22605001654959622 0.5221518227825204
0.3940924081196877 0.23572359597583903
0.7386196204139377 0.5312412103680944
0.7794014215810443 0.13960989795069945
0.7144946412390787 0.29115744216530026
0.8413913269502198 0.0161633711168514
0.688238832794049 0.9508256121233332
0.46855874042268186 0.01611943021386586
0.8056019186326151 0.5134513453737213
0.9144561950665548 0.40475583320514286
0.8053568179105741 0.046633514219013295
0.6940332395063193 0.5461160732295784
0.7928864687259083 0.964788165867491
0.48541367462478435 0.3665520126139934
0.4745523611288036 0.8090989815104639
0.8268520401137096 0.648783289022882
0.11859415759902792 0.4401967554886901
0.0824263505745324 0.01928019837777839
0.08116131180657349 0.15325510816590793
0.6894201875984849 0.8106852288882747
0.40586203807812504 0.6563816081254186
0.6339855092713271 0.23558933655349557
0.13500212027030933 0.011669753819661288
0.6999272725270986 0.9414333226518399
0.0784440969550293 0.1815080893841352
0.015342285253765908 0.09610496336298491
0.5943317860518544 0.24289033819648997
0.5114366844993687 0.29794588198173866
0.7549863382638862 0.5554417807047647
0.13388785341411635 0.4921838091504753
0.32326147801730243 0.8777740592977104
0.0633558330644417 0.5679449802356893
0.5477898791761535 0.866642796848597
0.7326354570029041 0.6710609000441132
0.39087326207795026 0.2562366894546324
0.1509435422824883 0.98680193424955
0.7537088354597516 0.21421386940830467
0.31028196048745116 0.4220790494223814
0.7952542683366899 0.13442157479093342
0.014188954335255799 0.004830969253052375
0.4983557497342781 0.3286857966416181
0.16073633919605435 0.4847520535651555
0.985382673277071 0.5641073311637796
0.8633256139804104 0.39769396259889445
0.8759213505655326 0.8031349992475252
0.7022441066210725 0.942784318671797
0.23326477986397087 0.07037177217402468
0.18164038198647825 0.4740838498751847
0.595563065897248 0.5295262843493511
0.47593106389750717 0.013321205782633516
0.5508585551474143 0.9347194573096367
0.32266893235850547 0.5556658603926434
0.43155877657793296 0.0929542330962112
0.6156183243264002 0.5061261213480632
0.08335455616561815 0.9568482084572207
0.9097581349704067 0.8450676696626278
0.6558292403890698 0.09066900784516085
0.41204320790281446 0.6747608162270577
0.12548705488455036 0.5258889310823163
0.911285722601098 0.5262915846496308
0.42288085079827176 0.14720328154776308
0.00041335059650005057 0.050691712947122936
0.789213704843915 0.41153241362433124
0.5374246087664003 0.16069821047027366
0.9879346458118756 0.012344855185545622
0.35709676122469647 0.38877148097671177
0.22246022411789412 0.37706845969816594
0.06357525622337601 0.7138884602787676
0.28226739209027585 0.9031413653886593
0.465289708902898 0.07161967484377474
0.63630422400148 0.8466432616678876
0.5656885144613022 0.4668169908198345
0.4272216118034753 0.10932768013209038
0.4159355851343567 0.6786901395812797
0.2974964452895339 0.06778005961656941
0.7044587823945163 0.8579530457398856
0.8240977911490222 0.12568774596706622
0.8593637179774856 0.807878023114232
0.4969559344700394 0.5908340782875698
0.5408689932297721 0.3254288440940032
0.34448106278356216 0.46299548839282534
0.26761382475695905 0.887952863579998
0.5307692351124689 0.8391800894466845
0.18475352686897795 0.11798119317156797
0.32922763761364404 0.18443750411530324
0.8170361597252891 0.8886229937021339
0.4024730641299905 0.4707717004621672
0.6836754212625742 0.7791495313551218
0.6589068178501762 0.48236784851893266
0.7932826538131059 0.9361641137786123
0.8293918078126996 0.8915031389857637
0.2077301288590896 0.19252097944026825
0.26832390039430165 0.9046012123291576
0.957157577638091 0.25153706782135976
0.6318989874452008 0.6863419502988883
0.8713152644815831 0.5078822026852898
0.5744665321246119 0.6157449452658854
0.36085280528511454 0.4678085731085193
0.3883368084144976 0.6506673155829312
0.458505080553147 0.5623267888015673
0.6302063271025051 0.8379078865965293
0.7614572770991641 0.15695461191800164
0.1727168705588633 0.8802731064234661
0.6991978053713284 0.31038267852940193
0.9120616968804489 0.7255719846469415
0.8320692403814856 0.8257911812361667
0.18889546986558536 0.4560028536770251
0.6012559583866199 0.744267846281977
0.9597932901406725 0.5947742738146515
0.3038057026038079 0.8378397881332631
0.16368697668284193 0.948768337212823
0.8786103985037872 0.16195432017333844
0.7559152348900595 0.9407535874729411
0.8313415609029278 0.056124675773162824
0.11051170643209507 0.283168656838118
0.39072951078371143 0.7005250601942219
0.43486491064816235 0.05400802443678021
0.2754396703566737 0.3949460788091983
0.7734020036648146 0.37515936699571695
0.6089121330545189 0.286387171867281
0.11693973244320421 0.6302145044460692
0.037093516090034306 0.4414171239137108
0.2960442319570613 0.9335038653275232
0.7276063023276063 0.7167254001410381
0.31104214046008827 0.2525974963283184
0.8532826980740535 0.09428482358674817
0.4999198221672989 0.9826859486319595
0.2606298776340239 0.2395492221508726
0.9469539622529237 0.10063884014158986
0.5721207098890597 0.43526064013972987
0.5242134578825437 0.8560404356987084
0.7341747940868806 0.18572156482294067
0.11002651706859612 0.8034271219592373
0.6799519681712887 0.977836506680714
0.7362581014160361 0.848704253877969
0.6260806327450983 0.4294203748765202
0.9633877998311362 0.3290871973637184
0.7068069183338301 0.22701271735159545
0.26107532049954374 0.10337450602563125
0.32425308540354547 0.8651745210922626
0.3427046629566879 0.15536853515345728
0.678533948419028 0.25811421163106996
0.7074322565725526 0.26213215396717504
0.25888830542680363 0.638907010819872
0.5332404334869569 0.19145869987963016
0.6190406897475618 0.683953478457852
0.4903822259568096 0.5962637613617849
0.45906849640806846 0.3969097837134785
0.4721032902165254 0.8544110266619651
0.5226544534285866 0.8211394826952514
0.9088124008258884 0.7082029043784699
0.8326227556976686 0.015128877387591055
0.3698956290141939 0.7496563120032713
0.5549603451604377 0.44659548073683775
0.7783108311290472 0.601220056954265
0.4429628285042737 0.5339709629499438
0.1560422760987059 0.12826012408242415
0.4620201033458542 0.5669250402911745
0.07120852098574804 0.21751562671577895
0.7232162452785387 0.17668925115204392
0.1267607341392598 0.15594459381775216
0.7156670850624289 0.765057902029253
0.9292588175673364 0.24235717917118826
0.2833204341702633 0.5601186028566982
0.9756246519094427 0.9967482391987836
0.9974748107979539 0.7611635790852707
0.48112479116852636 0.9042727473125887
0.5860408414040563 0.32777223510708
0.864985215519106 0.8931703426807425
0.587329459128527 0.47046540707335693
0.4551367144222098 0.9670696585332594
0.8602856072818037 0.9997590550537523
0.4056821958216028 0.007404044505956886
0.8329309327860304 0.6216326890314017
0.659311319178983 0.670870096696383
0.12962792601401008 0.1716852029253888
0.8008959590300917 0.3311960792124584
0.02524763867654034 0.6066277185650462
0.17259129021008945 0.14232977544379377
0.29172446655746853 0.931922264492167
0.9547600640114335 0.41660696145470877
0.6881276657046087 0.4800549023979712
0.9998929742548561 0.7454810130776568
0.4000349863216399 0.08336960920576741
0.33685384903417614 0.03634886823129291
0.7242746035213712 0.8694376763352578
0.9174394015946661 0.49675992822361414
0.2932303227568669 0.2591881223225809
0.4401728436262249 0.7505971423717526
0.8913496252052497 0.2561421189955084
0.18916962747786426 0.1763898824041168
0.1779827430552252 0.1165698466873859
0.2514825513574641 0.9491223748075124
0.749686920123469 0.12355395623641208
0.041590085568753654 0.5403007078179103
0.1552886275378964 0.9640680542874156
0.6223512710970076 0.4527823901225112
0.009280928992136728 0.5555663240444206
0.7951855097936129 0.06710778823010255
0.24223915789836847 0.471315997893919
0.8635912068376328 0.8769518670725196
0.13101115465594937 0.057194508935281885
0.026975469746663316 0.6858675229648907
0.3460983741926247 0.24223764020108352
0.7904433633108108 0.8294818117254028
0.09520780169188714 0.10894432091930217
0.10216387554349304 0.3304776351218297
0.7596176238258672 0.6546727623978852
0.7813720297202145 0.35821021737983627
0.20106331693983748 0.05243881395376171
0.9253244271868017 0.8808487222503691
0.44499014750701193 0.8134930625772077
0.18902537939815445 0.1831946731057299
0.3505231447976307 0.23882138573158151
0.3864852270482766 0.3330196914721455
0.3389855381875684 0.47074939747584676
0.5281241516202184 0.7318192316226815
0.0927232451383515 0.7168001524674661
0.5637737962145188 0.40461498907950477
0.11253938503894467 0.5127096045321713
0.01542646355920918 0.858536611169066
0.9049523375294717 0.5499685519115238
0.06465841846544262 0.24668183370115315
0.779016826172362 0.9998942957801542
0.5539183262769563 0.6435028572302606
0.6055987312419917 0.4701401912614669
0.410071976881913 0.6943748468332607
0.11773292297648652 0.16467007199715256
0.07258856417705384 0.600857139236799
0.4064407757481172 0.13502259538940042
0.7425737544080353 0.6027005774942102
0.16711899880162084 0.5297724073990167
0.5186073122243355 0.9872275989677222
0.6123969893550216 0.303594693783092
0.7027123707718101 0.7748560522403718
0.2112804904555643 0.25732210463197824
0.8833297966748976 0.4618070518085955
0.7642346039898575 0.4206829039792812
0.4723001286926163 0.11768996680291077
0.13725202039776296 0.04522158055345882
0.07922803283542956 0.20776973973045187
0.9582357928724528 0.10566228969109237
0.9115564674670684 0.09497639628772436
0.35604597116126 0.251499414047744
0.27674023459214325 0.1776606434199275
0.047751060330366135 0.5020023305892649
0.45528693702350487 0.0478873805543214
0.015197930445801644 0.04483373741336383
0.3416564951528369 0.6941575762781229
0.42354286370683036 0.7712929019599644
0.29315492814699384 0.41140437525156903
0.952063676570585 0.46975877172512037
0.20958914919113814 0.829246926807732
0.6955173165404569 0.5125402640251371
0.475592395856812 0.8969389851520486
0.41495864405263916 0.4463916906350147
0.4138112285622546 0.6792632653807196
0.5654387120087914 0.21286968538392848
0.3790312123046795 0.9204520779980863
0.44300773740672206 0.1853034426860234
0.12175803850957201 0.41588898248996653
0.5111702752009419 0.4868371707641652
0.5603494405956595 0.36834756636636223
0.6313598698939653 0.48159327555535203
0.204947320041454 0.6420055863154104
0.9980492060709321 0.5842179211410012
0.5670896338625291 0.07924914428619467
0.8478829168918187 0.9296609472124526
0.29401964571613237 0.16901024114754581
0.38459395754810655 0.11178059812571628
0.23193352021747948 0.4019917579535579
0.11118886862032529 0.7958310235151971
0.6899769268080476 0.8812265239863026
0.6479982961933912 0.9622145534324114
0.5471625627333696 0.42046145153658476
0.7871582481768531 0.05363274916243976
0.20437405945578924 0.8132078217561496
0.8191747126784632 0.03584280016542918
0.9956180277121915 0.6091134292472926
0.5789665661131342 0.38304898906052287
0.37270776253790805 0.046604649800427334
0.2342410915800779 0.655730377804336
0.6059827198082239 0.9615302973137829
0.7603458325800236 0.9876710205701587
0.40212469184637634 0.9771481593178248
0.06522689745734533 0.7193860233530918
0.43987669551040054 0.24481112446369635
0.17421283796190612 0.6687322006874898
0.3016324921860942 0.6286349993982847
0.3698833442190119 0.16466594587208894
0.6143427502043184 0.3246701398815208
0.9146702550309165 0.8719295864183869
0.47581061560852644 0.3492999071894032
0.6399466341618418 0.3192899894159973
0.4392322792884129 0.28957526726395244
0.9533577390648609 0.31871039337108065
0.17973064768511038 0.7759758214273145
0.9043121358395221 0.19531565748234336
0.4630408489798856 0.21811378120489655
0.528575076197277 0.2426505210764942
0.4547092068723435 0.42887329020164033
0.38508029733843174 0.0805729758494047
0.6835043964685841 0.9786915433440204
0.34846747946291146 0.4833484105025079
0.7222771319970254 0.24628025074165905
0.4209337543159466 0.5036351383875655
0.7574799697355752 0.42436892278336
0.07134383973101932 0.3876310764938746
0.2205029449878717 0.45780177851267934
0.6997009297951156 0.4957845010821489
0.32177205296236466 0.10413832729295058
0.1866269294298406 0.4827580383120138
0.11907303345606657 0.35375266205512634
0.1480314792889137 0.34860714781191415
0.5932707506652253 0.8259165764578247
0.7702350178798738 0.7466727439347673
0.4892931531295037 0.7179491388120562
0.03310527963500132 0.259546439339851
0.9807608254113513 0.4292741991307749
0.3196142088355347 0.17560037764259628
0.31600180152029456 0.2468949623270562
0.6581198132268129 0.6558463104794245
0.3611105972970532 0.8146714915617841
0.5720984147634598 0.011354295793321034
0.9554681794808491 0.4016865833766008
0.688918956044946 0.028072028393199666
0.7839607608238361 0.2621924848826511
0.937979599125857 0.2919355803053556
0.9811518845682676 0.9688375837157657
0.36782737862990333 0.0121395817296861
0.887621554237451 0.5690864330932903
0.26331285886477307 0.14863974909452327
0.7131603056504372 0.7889098034285011
0.6165751575138119 0.9058784922083511
0.853454578216366 0.7409325721892945
0.6717290161223937 0.5277272828542239
0.1937921413570487 0.8493612744376016
0.12175602361848781 0.9881489918659199
0.17136749868107093 0.6422364531765126
0.9833488044310323 0.9730826714277931
0.12146228002184212 0.6160896370565487
0.4866558223125257 0.25419988092965795
0.000012963464199433616 0.3689535721467765
0.7338285032674257 0.9937722193620859
0.8228679940290289 0.9117019053212874
0.4228680901059192 0.3125735325368866
0.27889588255234155 0.8413083244955475
0.12780005031730268 0.39714617719773027
0.18455223253061148 0.3698312209838157
0.22528837883468622 0.5939418919985033
0.8677810498254201 0.8950906177530664
0.8426650635880681 0.9246712955887524
0.9209180104443944 0.4947102340327918
0.9477821179388166 0.2914752999831629
0.18940937581618766 0.25203720301890864
0.0018189238961550114 0.9059618772488343
0.6885366345325881 0.022408820308686073
0.9038354437874856 0.8907547919749494
0.21809562629968382 0.7264015994455972
0.09559410953269865 0.8148110134070765
0.08452765041639498 0.22395552049613832
0.745491936060295 0.9241868124314554
0.8464549590699693 0.9796101045474175
0.6007941497177356 0.11099690203833812
0.6842033753382832 0.6123483548617721
0.010098483931016311 0.6215269458808665
0.9251174896361418 0.8076205883900369
0.5779365161511987 0.09100842104314344
0.512757909030154 0.38079612071433333
0.6843117520112261 0.8207482659307006
0.727944275599776 0.7284188266769855
0.44080422427626775 0.34258629501806337
0.9639024132438359 0.8247441522419119
0.8345786512102971 0.18533099960473476
0.7512202255693339 0.7757714347695932
0.8530171081939877 0.49128266340760085
0.5968536698468472 0.5338776851388749
0.84891430772793 0.4640652226143389
0.847200078636005 0.7846197640079722
0.5616642564120258 0.9228951907010676
0.9271824371931408 0.31632792829958056
0.9290112458994186 0.048914225226404096
0.33807286268358716 0.7189455359632551
0.9546613879249504 0.3766895378966606
0.3981174777164147 0.5989361885852558
0.04169226968293782 0.8068262201766978
0.32903156988099536 0.6773469389839308
0.5372948697110942 0.05593230097266799
0.3519574341385201 0.9795840185861764
0.965992717042333 0.8545384766872128
0.45494757457310864 0.5933903950900239
0.21058936779277815 0.913932329893747
0.5392978093250267 0.1288069337949982
0.32204960493793133 0.8127334907951074
0.7141372745350572 0.8605367626585516
0.49526310146800734 0.13761728517325578
0.958420662798525 0.940102015974285
0.6945621699510725 0.5354866120415622
0.10829150545196553 0.8461621375208339
0.4504851679687789 0.7016747448193812
0.6302640399292476 0.7668639744010697
0.8780468465096478 0.9247757980308562
0.02849080374393087 0.49224509129467875
0.6822570733858979 0.00154763285090187
0.321194075505149 0.793266905227999
0.915808583140219 0.7658485302920528
0.6347874106761051 0.8174623627743105
0.9237549059622139 0.9994897599979387
0.5993198892551985 0.0033661306991106255
0.33204674674171475 0.9189524522755417
0.9401738527453067 0.2628439240987015
0.36894296741695 0.33340465538961306
0.44726519283847543 0.43422573760758154
0.8154423111458455 0.5046942102839782
0.940483172843418 0.8891908608605616
0.506238417445009 0.27974231642300795
0.21020915394365702 0.9962413268790464
0.09044804062652734 0.14940842018398337
0.09590036533090851 0.9819938265458326
0.3971282491267947 0.6452302443897948
0.38796405537067646 0.3588595969812076
0.9848568354859617 0.7483200573146394
0.2344900708440869 0.9622402342603633
0.30605574565749505 0.5702474747073729
0.18280852976115525 0.7056015909997968
0.9326427606407794 0.1578865614892555
0.4874726571631416 0.7563250533907384
0.5580536180068723 0.5267601033806477
0.2715557480762696 0.7275669601153085
0.0018361184531632269 0.640575174663705
0.02392317669970412 0.3888000011621946
0.5297540580301503 0.9334985975583372
0.023233309972447103 0.29390872609357555
0.4006551353220642 0.8137403375605661
0.5695760816577549 0.025775668380036754
