10 5 100 4
2418 1921 1401 1435 1214 1221 1085 823 807 703
1976 1740 1621 1437 1061 934 876 795 890 836
1483 1437 1440 1147 1032 931 884 894 941 864
1344 1301 1342 1150 1038 968 817 996 817 922
1248 1103 1206 963 1160 1006 815 1017 950 685
1157 1002 1189 1145 889 917 788 752 685 696
1026 1010 1079 960 995 872 738 854 737 751
961 851 851 894 955 876 713 886 711 681
929 787 820 991 982 692 722 793 763 669
971 913 761 732 935 868 830 626 849 651
2 3
6 5
1 1
1 7
2 7
0.9932553729116822 0.8678794850830256 0.48538175680664636 0.7474932895873473 0.26857620166800866
0.9554361576833512 0.5916075466999736 0.4059683250005938 0.4726642762432857 0.10418344527354631
0.4162505412892876 0.8410909508751292 0.6493325108299375 0.5118018410573452 0.38233377560421733
0.4791809202141509 0.5710710789208224 0.3060617787489153 0.41906625414799303 0.3024478295909425
0.3939487331035749 0.7964581890449378
0.461979799108994 0.353290111323157
0.05076123776648167 0.22193872162659822
0.5308737027872032 0.9362758738667452
0.790140786405509 0.1649395565688343
0.794274034908828 0.7559623876630368
0.4145817513055412 0.6354081101806404
0.13316614399921578 0.20697293711217868
0.3632159039002454 0.1292999854888901
0.0480152150298323 0.5219507252890931
0.5617687943475078 0.9254799708121357
0.17051231712706993 0.11902471854600094
0.9750003030244083 0.3236537886412545
0.4366338769328353 0.40707497265981707
0.06320824135223102 0.7603269968613411
0.7126754913997531 0.7396711387166284
0.7505272182788021 0.8634631373148745
0.6909159436358234 0.6202544481641885
0.15776244389754623 0.7712778876129436
0.48676158567127437 0.4208447142708336
0.7097828086198195 0.9293223939906712
0.10719820193039498 0.19500469573971246
0.44356134541442716 0.8321861246565354
0.6283836610103359 0.6868196218044214
0.3900701665263262 0.028538149756988762
0.08149694645305439 0.74633465307983
0.5127787789750591 0.6683151574835597
0.4488760762513131 0.6002411480343424
0.2635351302217894 0.9530169048743937
0.021890496706402196 0.8070175251293779
0.17839318021028738 0.08398129700988921
0.7126613006171982 0.40637382785317233
0.5999501748519696 0.6799918756355245
0.6390670801793719 0.14017896962100873
0.20227179580487342 0.33455905159524435
0.09747492918109679 0.31978423079808893
0.42923723414736825 0.4742163372188344
0.7195106211513438 0.5501037233756216
0.38321344720444617 0.9005662832845305
0.5103201212586643 0.1592924136998064
0.13725724382463667 0.8688341940672333
0.039118389198791625 0.8748437689389634
0.027057005485698005 0.8523180218922883
0.04968484526760997 0.22382311559063317
0.9157115498234418 0.9465316871264509
0.13735548169647216 0.8063957177791725
0.11079543685241822 0.4537827668324468
0.024123503060899942 0.11475613304816346
0.8431846341749116 0.30517034831409706
0.7044237586253548 0.1968897221494057
0.6759746621369342 0.9490658772882392
0.08399494349925396 0.8590853710977453
0.8003624667235085 0.7313161271853517
0.11839120538697578 0.8140312978211248
0.4771155339145281 0.04424295670652301
0.40450345239561925 0.9529733034025918
0.4027847802355431 0.8412017766461577
0.08544587549582028 0.07600664951253133
0.9352166941802571 0.5136292030800866
0.8625267162715378 0.2753634753053962
0.489648335006567 0.8687634531503186
0.14023958291604366 0.35187926507738054
0.7395611578394321 0.7507106225567148
0.4605668372457663 0.16028428405078632
0.8399803479485686 0.744867891448667
0.8663528515362906 0.18452283084640886
0.06153629801569438 0.16116033568643284
0.224480995717786 0.12626609916406206
0.8324534983891865 0.7682481738296227
0.8154220202387035 0.8184129148771264
0.9541317954175739 0.7327201435264867
0.9358786141390447 0.6002276586497821
0.2467420461955292 0.7596980375218885
0.21189198984409807 0.09982190273694247
0.03875298421777451 0.4955165325392261
0.5027984826296388 0.7841869280669702
0.5767165409902857 0.9255807098253359
0.9044581311570674 0.15398289496741224
0.8028190002588547 0.897077698161278
0.7045172350080691 0.8331261613000824
0.8309546203974842 0.5143604667202992
0.5215135822707806 0.006744239660816831
0.6903760802609045 0.3884848041755491
0.015725692891207954 0.2736262386848636
0.9772876290227677 0.918585234111992
0.2829918224423933 0.7983163076581101
0.840926417904295 0.06649163443367412
0.2717580725125468 0.014409511037932754
0.31826432592775045 0.6646678033911828
0.469863426800339 0.5460427307359901
0.5970382958054905 0.6927966306699951
0.4442905108685187 0.8677129738965725
0.8833306385276727 0.15568858218218473
0.38328837478266653 0.29437593844216803
0.7658814102723599 0.42181338548643876
0.7392087854804679 0.1717186127086896
0.3302307913785154 0.5269756794495526
0.14697266573093448 0.031308251106054064
0.43214254348301906 0.27226130693854356
0.3993157412630548 0.9209580637527377
0.7417561253304106 0.7255331809270138
0.9681811333075367 0.5332498379654624
0.9408059272759515 0.14096449448222237
0.8732538679668105 0.7002073793788566
0.8382436804640494 0.2996179024116161
0.34729032634619794 0.9955376802679499
0.6066958238336533 0.16632852319568903
0.44368018067952675 0.9498557397108898
0.18212495226771064 0.8188483415927357
0.7175727613255036 0.5913134070835036
0.8663693799640424 0.4280994046350084
0.4336380411065164 0.9142408761423231
0.3282745995372107 0.0028508831420406278
0.9478455738089926 0.21578543091590086
0.9543799029663698 0.8863952028957867
0.746314895570068 0.29461253630954154
0.7021239145529459 0.4902430275830174
0.6824224059995303 0.9792240259372673
0.2107077128322392 0.9641208810884863
0.34608869064719583 0.752836296392732
0.41283807444515785 0.5608332065559014
0.03962121675270058 0.7073531960501465
0.15654338690994152 0.13554666527564074
0.8883516617229235 0.6404295681451466
0.26702720611197983 0.3501069499863727
0.3435080275199718 0.44657419941359233
0.08807589740994892 0.9543274572621512
0.7554958261550289 0.052698636844040525
0.062343245154641735 0.7879635963071006
0.8937238460326926 0.25326827738707935
0.4616391846584713 0.4044709628266938
0.2816974925947342 0.22075893619955855
0.8777990939733344 0.3524151678219798
0.4108113348826674 0.215223509274294
0.742360087325806 0.00432263592444837
0.43550309968723044 0.36819372765815217
0.990180079284555 0.34383495952155374
0.022102067052012675 0.24122172019423638
0.37086210719884893 0.20736970758907103
0.8546309894743866 0.2949379154246794
0.16711064532008435 0.30791272466798003
0.5873358610487562 0.708897870140593
0.8174026829399936 0.5871600845923233
0.12765772349137916 0.43490702809320547
0.05051632622872626 0.6176237864415905
0.9172656704680215 0.6670696837462076
0.1044596623315901 0.5546589961136184
0.49587047108962956 0.9843378250980026
0.3993109078228294 0.7470197457012531
0.4679543618288531 0.9713146742675474
0.8861273184629057 0.45079352881235346
0.8182574411118324 0.00479771805671958
0.541273245722449 0.21667560887338455
0.3651323078857498 0.7860931342519006
0.3085243597136289 0.19372359920215176
0.6025651156409357 0.5767448741547978
0.05862109566180784 0.32020231003702526
0.497881858165923 0.2863266649687648
0.12460135092504565 0.3378910642128954
0.3922635262390528 0.9306912446928906
0.30592570124430796 0.6288789314398409
0.8525056602315919 0.32692773124335006
0.532581845147813 0.3264045027206903
0.929933825809627 0.2261736329177333
0.4454057533532363 0.717198598196571
0.9489593794665878 0.8573622561301077
0.3197303020917237 0.3217050837665909
0.853227373462969 0.658771807074287
0.11167298550449445 0.7250978468920608
0.42189851287440017 0.2838427115513187
0.20593608803869912 0.14623608091111984
0.9531556888868395 0.01586847192306373
0.8681499027804187 0.6450305896323121
0.37116392459888137 0.5864888187329771
0.6554320134577087 0.6056261165721655
0.7406776335513992 0.7236290673325472
0.2681202893673127 0.6365952080562103
0.9073343222133017 0.22625163331911136
0.3332631899776626 0.290987047104766
0.006993652922419713 0.7586737354444733
0.8747159731333656 0.4976987085494706
0.8853717484243908 0.316962651091379
0.7299848474620518 0.47983237080693986
0.7510407719430956 0.667059696420504
0.025992413198679287 0.9692250698121367
0.16371021743430592 0.6859011218630531
0.16393761474257618 0.3646515029837487
0.3736356877404192 0.5813446740790964
0.02477339615058205 0.18310702764997444
0.5276378138364197 0.9820186498386043
0.6754857689395442 0.7563715217237752
0.8808825278418064 0.3325092479107632
0.5325101154018526 0.137946040605615
0.33001021447385526 0.9990735592521429
0.062200867127423676 0.5574535607636772
0.3219218222694915 0.5530451095910385
0.7319744207866437 0.6554409871428744
0.8002715732969676 0.6191989467072199
0.9264806110706076 0.3048597066589773
0.7232752861954101 0.612050888882534
0.9826019380836475 0.5529094650696966
0.8823191902514507 0.7229734514854897
0.1791328916410857 0.9629672071918556
0.15570721125678721 0.4866622814373254
0.7122769990555609 0.7547276379276247
0.791128095542249 0.7681774690766594
0.5533001746394952 0.358441183225398
0.7257009221333386 0.8684406289888578
0.1662549929010071 0.12600161504781093
0.14457814817511094 0.4543694220160237
0.06417114640195787 0.8366970984283899
0.8889080313088882 0.20173321057720095
0.9514168337131017 0.1024117663110764
0.19261505661436673 0.5206123594510863
0.06202325694503008 0.005829752589365134
0.3717131871623933 0.5690130276689815
0.8459420257769554 0.8320772459421131
0.8032472822341212 0.10539863200336863
0.5012592200639814 0.5517171165842463
0.7337490373393976 0.043628147483701474
0.9286469867617804 0.792993324790428
0.9601114276741012 0.41325810653826744
0.3774203315638842 0.5616519707725109
0.4393884912906274 0.2523620948901695
0.5899246734672052 0.8489165175322679
0.32582577130097223 0.07578425490091312
0.12775366789869014 0.07594469635092982
0.45722700662158355 0.9649405139481644
0.17649169094381412 0.385812835192781
0.07089210639977495 0.17734458250268736
0.629664779988069 0.7871353878370628
0.13337770597283294 0.05328297493803902
0.19913506661689473 0.3940956122118717
0.9520415457815872 0.9507354090614704
0.28237655238704784 0.9789184114701515
0.3268303162964832 0.5172540394578438
0.9259818216393894 0.6983127488547394
0.8656972711735018 0.22706991783479236
0.8118528129513409 0.9445481431240939
0.9989599540188665 0.14417278435357095
0.8106832394705208 0.356594652018843
0.07009209684904194 0.20926716179281502
0.009000086876621793 0.6526187062713193
0.8137229166896853 0.9884068519288922
0.15949711639996456 0.5031130344255401
0.12152473933496433 0.5835538211184015
0.5369322611606906 0.0785930920260598
0.8881345976131867 0.6768900521178298
0.3508815102474472 0.5352295813439207
0.5888585349389708 0.6798424461558581
0.34026629610675463 0.48667201831578244
0.16509817190212828 0.07425569361217432
0.22412428636452764 0.9436231444016485
0.6558959266042039 0.6165540121746149
0.48993883828716434 0.4880683238676202
0.14127064646364174 0.6308860422174787
0.24081300587148124 0.2640098326906333
0.8907997127146021 0.14528219498074857
0.41059134553450916 0.20225921989027285
0.8792371096993015 0.36260606454160893
0.20230370219726157 0.6437138982754509
0.045552048148391755 0.7386679619516747
0.26603102936164813 0.11983353879045455
0.06653174692048269 0.7198802793823349
0.1884053709001301 0.41242550537472256
0.7823235926651095 0.8134931541208161
0.9789021277707892 0.49024157209419794
0.07929935998694537 0.7263041397236345
0.6428322288849582 0.8971531580179117
0.9830204115178358 0.8580364805079366
0.37859130631156956 0.5717818471943452
0.48817548652017173 0.12462594087644696
0.5956857590262481 0.019902918280189752
0.32905839551532856 0.24869565190699383
0.3499386096439894 0.8529958215572457
0.7104771460565529 0.6685053430419046
0.31871048642289823 0.37590818167206685
0.831936229910996 0.26408996069523005
0.9452703778881446 0.23232116625782995
0.5271399677138571 0.37800120043721974
0.5481352702888207 0.6874217495466237
0.8208990329002479 0.9477634012380123
0.47191933325238633 0.2531461702494262
0.5455504497867965 0.7141863161601103
0.6285107003803059 0.5661889856803404
0.8961391385473594 0.393196209033736
0.4369529309350173 0.9635423941358274
0.1332764905766768 0.5445869562084438
0.9682462458585046 0.7136688851470936
0.4664377949731786 0.4535338139925402
0.8077463672589911 0.825551869425843
0.23818714201587698 0.3630949166504511
0.7760496497069507 0.9519054567861167
0.8034448246685246 0.4884724257064015
0.9643898834351359 0.5835814776981334
0.9247386404596434 0.638938957275498
0.39777630915769224 0.6366976844469021
0.29143672399610443 0.505972402905311
0.0852891025774778 0.26471214733012327
0.21198915479968528 0.007851833156953258
0.27100597880299593 0.4827630783867225
0.4365885896116988 0.16940402680334166
0.8676581110095758 0.8906964593081637
0.7179905024453654 0.7312188050180268
0.506372341085759 0.5641060287260238
0.7354641945008329 0.05081684405729603
0.4826943136460844 0.8276317051641684
0.8795548067830083 0.7124912272248636
0.9834951318611449 0.7680663886603418
0.23617558476632694 0.9530518527642273
0.2256099404104932 0.07735426784245969
0.008230521535141033 0.8709820520672702
0.9595596588737394 0.9074027562678364
0.003449079938420807 0.1619128767015452
0.9330969536804072 0.1022356277157026
0.8380934044259896 0.5453081250306953
0.02743389231054505 0.9990637508889519
0.7512425590415879 0.14157085752787357
0.3654614473410407 0.04134276246855717
0.8240813433647383 0.8583167747139457
0.544843359793769 0.3252970612476771
0.6029330305003007 0.7648847153045972
0.4592871746602294 0.5599350697215173
0.04014018589173696 0.9305163801653382
0.6419062892468859 0.4942167431358373
0.21906485503753825 0.4214578155852553
0.9791952985070316 0.009918425028381694
0.8652792737723785 0.3357934565775531
0.9098479483624229 0.6216375321535192
0.455565153686867 0.5791150277268426
0.2831043433821461 0.9294661689690185
0.6640289736766098 0.1597257929035536
0.8235634089049539 0.09583326117090385
0.8163234219499826 0.3921588015905104
0.5821562280756529 0.04967426312993295
0.8165834403483228 0.4635041176029082
0.958760837730094 0.7821584951511629
0.6661716342924511 0.03341753105703771
0.7321027872046815 0.6169885424362667
0.05705461367090936 0.2664709819927147
0.879099387888409 0.5873617744217079
0.20589088947527423 0.14410309835081758
0.6052684928433523 0.6840372981995029
0.12750251078184638 0.9924629807132483
0.6726644800428798 0.6047206085288481
0.012896917935735441 0.6383367588856526
0.9863159283533207 0.9651640540826509
0.6211915292579713 0.9417997596078276
0.5331628838540381 0.8017521141542066
0.024903784279806773 0.8125267832861629
0.08229590218234462 0.8412927063338296
0.7695893285496254 0.9360443888411025
0.8458344949779746 0.018446878630681285
0.08657017602923034 0.5040614466277495
0.8781611121926098 0.8833503646357175
0.6886180086644553 0.34109894596654167
0.8186270301437586 0.6692763261287626
0.8263996847193609 0.2780158066812979
0.14590367951500394 0.8573996678448406
0.807995907436454 0.6486670258183618
0.8485794790856138 0.13417380142219892
0.1325579730462927 0.630126136256624
0.271051294229117 0.5233413460297018
0.8816020706867158 0.1019728642625295
0.930156250739101 0.2460770600715223
0.12162507418004664 0.16326325806348296
0.4060242589814509 0.9736060509285815
0.4049731333330753 0.9148005693662085
0.5318931714943287 0.5529574212799482
0.9122690234158708 0.23298359084725306
0.244586001117719 0.8563691411928105
0.554172481833596 0.918071085803164
0.9265798135646324 0.9916343165768196
0.9600152001779698 0.8880027126862755
0.13779070929306614 0.6828824037090582
0.257480658322609 0.1617803086447127
0.022737692679018817 0.6859137903119288
0.616467420640922 0.5652822063960026
0.2612722781277912 0.023056811315901093
0.7365779674804975 0.5809823920773611
0.3253911444601143 0.6593190973889251
0.20624600326930476 0.283154485167759
0.8820300345623364 0.14553637662535368
0.16874996217708893 0.28035862458043637
0.9785098316429617 0.6404296907973532
0.4203958382460218 0.5508321229397335
0.3958732744129019 0.0015657676552325306
0.6054093883022815 0.6889094976514656
0.6633461181486484 0.255674176714326
0.6568950820294677 0.317675916761073
0.5881395647643011 0.39291454774942314
0.24652574297575036 0.9205167415819373
0.6812283437553306 0.3282796119376241
0.8056654034113819 0.0058369644251157204
0.2007835764566488 0.5287761771512243
0.8879370638038337 0.4786001722800146
0.27019824673304504 0.8975240400285651
0.8424270410657599 0.8799479216163137
0.7792644798360551 0.5563877174127767
0.1101596673856784 0.8405577058087828
