10 6 100 4
1228 1232 1295 1271 1100 1080 927 906 919 887
1249 1382 1576 1355 1197 1062 990 870 912 764
1271 1498 2019 1399 1373 1145 926 997 880 725
1334 1473 1618 1317 1137 987 956 913 873 705
1219 1324 1258 1119 1043 1061 1051 1007 756 916
1068 1141 1222 1010 962 1028 987 813 749 862
1058 1088 904 897 1040 911 836 833 720 846
809 903 835 956 1004 956 898 782 764 842
802 872 849 876 879 868 750 834 738 759
802 745 838 735 817 738 758 667 824 623
2 7
9 7
5 6
2 6
8 4
8 6
0.3392955928029615 0.6779313758247363 0.6661599564471709 0.5059014348804842 0.1084858474777259
0.6922469271972529 0.6815080625435295 0.6242998087498772 0.48291544106198814 0.25310072950048534
0.3467176038473013 0.658794558239105 0.5156618208407326 0.6344688227701962 0.38890924043819497
0.975956615903806 0.4948228088630714 0.7654356129646014 0.33503543173360334 0.24873002447088277
0.5465469472695179 0.714064010651255 0.6477018946008994 0.8970450354334132 0.41229588510739734
0.028770447704260516 0.5431580991923579
0.8889570663041908 0.7715644277539822
0.8333040387008928 0.15467860445592718
0.8492830261258237 0.3849267403887404
0.15318718927623998 0.8849565634758245
0.522585669383044 0.037897162220154046
0.5654509519724205 0.8850220904418851
0.6510124341083954 0.09412886323096115
0.7178886902647501 0.09842110974927776
0.13685236835535375 0.9583388665500914
0.6627307517720742 0.6408884877264913
0.7091649096455783 0.41974511733372344
0.9096851461216091 0.32902035498042537
0.5257644253170779 0.7618357675418075
0.1817144744513377 0.3127103546374326
0.5242112324463348 0.43599575520091327
0.820708941258899 0.7672500627085348
0.17879583090684936 0.044186405491559944
0.8273254414040829 0.6688117361112125
0.622866515508222 0.32289105407650065
0.25957998044516617 0.10572212567390182
0.39267214998796107 0.6125097743989563
0.795303746565176 0.3250134912236067
0.6223267569859465 0.7909807523710939
0.07270861745337287 0.5999512078879459
0.19812644852384276 0.7438632366492337
0.2728630596268029 0.6859010232329672
0.9997755410626026 0.0158302072744525
0.6899389555100901 0.31925463094289896
0.12178060592115592 0.6221199095540921
0.9252183319339031 0.30246075334658284
0.6183655455974209 0.24996160476005524
0.7025689907169201 0.43882218354991664
0.8555775760467057 0.8540421707636696
0.5249835144079871 0.6069381190605587
0.6625391571666106 0.03686667957840051
0.08862029957147 0.7766932237928794
0.32383361346687023 0.5842052812776679
0.5869266423817958 0.42554023479565806
0.5500575699831431 0.6575734042206092
0.7131358606413862 0.6363957808865872
0.17723410925875727 0.07846345803220034
0.8280871081134593 0.033774868465569874
0.9990286961293635 0.676295769951252
0.31728697765504643 0.2571846491076464
0.9855390139806262 0.20442789379917103
0.0980784803582071 0.7585061014539409
0.9295954195356682 0.9976746049353369
0.08666285195753654 0.011057495675569795
0.22666020605893555 0.9077315325979489
0.7703541077533782 0.5688052620643183
0.24475154970931245 0.4775642066167567
0.8247063973727702 0.7151813316174618
0.03464407233729716 0.4683390719892957
0.026149086188457682 0.578102870340157
0.36391949133491064 0.1671056669652624
0.23310136001642223 0.7572064722587442
0.8230740246759769 0.0378298798401564
0.8019327916943733 0.6121253992892368
0.895977710875838 0.44637990686701845
0.5781675549205725 0.1408415819757618
0.6413087517930312 0.16071186059886888
0.5427361941342428 0.9285350614541501
0.26728105933915214 0.43031771438107635
0.659830427797292 0.6404778378934846
0.8065334018350838 0.010723122352365388
0.5134097057635776 0.5932975146232273
0.9275641655555764 0.4042686585520616
0.9302336630703347 0.5533946888210821
0.3582914775688195 0.36233900201094715
0.836667690103521 0.7815308476186356
0.26351786321460735 0.719452142490822
0.5391225987610635 0.36372301715101685
0.5628113563560873 0.290610190240995
0.9322776329735865 0.8632981991127939
0.04068218031647319 0.8880223021573446
0.30457599631013155 0.6105794331777759
0.11990595993458819 0.0653913853908783
0.9628356684768424 0.9663254470943254
0.05886702719143466 0.4728382348065234
0.482078436372374 0.5674633553529169
0.006288646471552584 0.19785263253707308
0.35818992728928856 0.5653682976358749
0.1799905708651055 0.22738599609469556
0.8968846090224654 0.4224052811131367
0.319397008233248 0.9686364571707551
0.9576831708525055 0.40616231472484277
0.6453273961272097 0.30062549751351697
0.9429383339203952 0.9333282709079733
0.6543867102476708 0.3384051838265181
0.43515490696857784 0.5417505971782903
0.7036717067290099 0.18740640320477575
0.7109393472146439 0.2721686428349024
0.06826587387945637 0.7969569185437304
0.33675396075339004 0.3587222678983908
0.5710543009272331 0.9272012313170055
0.2070030232788338 0.3737014455932721
0.2874194240705912 0.10478501237264126
0.6973333636558656 0.04152842348884289
0.671741460171714 0.38330161313564615
0.10230373763682676 0.2007789181964732
0.22937662830768923 0.44036946842216573
0.3180171582150009 0.9773642226462111
0.2143833504726267 0.40128059504895175
0.7816223506431452 0.9380309310278194
0.7028869348253572 0.6403690203223042
0.22762374491849036 0.4455131407124324
0.07340013595423223 0.4178933398317859
0.04247247503863161 0.7376939706024102
0.683838416378939 0.575470544237874
0.021120690145084886 0.7403596466736482
0.3159051986195276 0.07871614458191178
0.509410285035039 0.5031050996975839
0.7673036771250452 0.6363257201443597
0.001080918362364569 0.5914483057697744
0.7060515805546954 0.04767524205336793
0.5332479998554422 0.6111903787039379
0.613430214177513 0.40841344616143926
0.5810600746135772 0.7451845207018561
0.33680524081226126 0.9476756593681317
0.6705784883480965 0.6830090418207617
0.12779531342570483 0.2921258034871428
0.8158826586436634 0.8618957508938132
0.8127448115824396 0.4567884824163233
0.7960164343167042 0.7829553443692456
0.0655358357124114 0.507291928086022
0.6621977108781962 0.47033651620749417
0.9374917872097235 0.6050269267561339
0.9058481177169566 0.8868395557480426
0.679722095980192 0.23764551201969897
0.5534927834345151 0.9761398905341361
0.8738496234444924 0.6615115169817058
0.20279382857414108 0.2641057312733308
0.47712161467693837 0.5597222727963675
0.9862649964037067 0.9593324015158671
0.562106519207664 0.9401623027315935
0.23231088725489246 0.5208563486140643
0.9078919357510744 0.7060166313465761
0.811245821167994 0.06640152922955544
0.03910218333967386 0.20352339020942845
0.3896215888022012 0.12870586841791298
0.547815435179879 0.732308064448963
0.21763139710752633 0.6562232249646196
0.860354693323022 0.829676640567951
0.35575465129804607 0.5218988428365936
0.9992548105926153 0.14167123503223378
0.7912267851903916 0.9289726931304805
0.1862364936096348 0.04706362327203739
0.8546129453107334 0.6912150820498664
0.46410734354739835 0.5113900522210568
0.11076734330069726 0.01143207154729553
0.6026256059166721 0.10407663767576913
0.5306160865604905 0.5347780377634925
0.8125330758652953 0.8651554533990637
0.025687828264619572 0.5870552963894602
0.6523172065072198 0.851618016092188
0.6407860165979891 0.5008364673027002
0.8920461520094707 0.6671243805322915
0.1506727002588475 0.5924679846050813
0.07568823462691987 0.9648467923134607
0.8153239801813268 0.1663065008152944
0.5008749815955567 0.04444674212410171
0.9779885922566143 0.3739538619743721
0.1585860429630681 0.14590203815770142
0.2898690599854228 0.3153877546050161
0.47872175727423527 0.33931041278347984
0.9011193309947441 0.8812888099956488
0.9221259794559875 0.29477414030547866
0.16698438636006063 0.536452103313104
0.6000822281107503 0.23205281016177337
0.21684688831847576 0.37355280880662267
0.9268034639557954 0.050578480330719655
0.21373786681626838 0.8911008420627387
0.4843223860000172 0.7127261989803322
0.8747180656843352 0.6353857448447433
0.3393679569481127 0.620241299057809
0.1999795786646319 0.6287580931197121
0.06874231437117606 0.1097288506701839
0.4283795964066841 0.8714123460965157
0.9064196683853503 0.7693847335408286
0.1455279167668233 0.0677894802902792
0.4880379920946525 0.9544526183778193
0.9326481546728405 0.4947631693128862
0.0043090330855590775 0.9807543876678766
0.23554470580487208 0.00641711209278939
0.3872347955280182 0.4140800320498339
0.7123252934388797 0.6281430193597168
0.9224378645355835 0.5350842890353384
0.6756199289491884 0.44777943287437627
0.07767157828543114 0.9384528607410489
0.6737125191339837 0.9310352633227095
0.7981747754536126 0.20930133054789524
0.09964173885950545 0.5477996734013442
0.21978239514607245 0.47558232872564044
0.8853445515798024 0.19280970405356168
0.8363473242157888 0.0806079073839916
0.7773255895339186 0.8941208116311798
0.4613440314434605 0.6804597380853157
0.5391004129127341 0.15891406994465362
0.06543850522433514 0.5786621295859287
0.8471765672119409 0.1871446360671054
0.10013892723777018 0.6339682661667843
0.1540190745476342 0.8230128744967165
0.07008018538400718 0.5460643019360363
0.930507446347201 0.5611343367536452
0.927880631022981 0.8175005319991471
0.6672736743639842 0.9701649633467602
0.6368695005023421 0.9212274257410067
0.9858281565579603 0.9180635978366611
0.7913953008719679 0.3727774286658678
0.48859079381328296 0.7505034522257954
0.5603082381803222 0.9566902371606918
0.6149257217260011 0.3526308309353423
0.5582047005154247 0.5275824667669053
0.4177259332241452 0.7065809964279419
0.08893053083822755 0.4240349745571985
0.7901531153837991 0.7766641469868465
0.5525691138579572 0.41421702601511545
0.16586223482621332 0.8083340192457695
0.12055207762770981 0.8810223631128424
0.13648158340949457 0.4626042336770808
0.8145937483523511 0.39783404742368456
0.7193548815896949 0.8973836310688579
0.1409363523433953 0.09225626668298426
0.9884468176323205 0.7421378888997092
0.6729088712601694 0.5603338182560349
0.9725566520435709 0.13430160996686835
0.8152224138943958 0.7798931309054773
0.5223932174586423 0.10793236377083315
0.08853616412929655 0.992799227454719
0.48176092521232583 0.22353558605620716
0.3802029960276172 0.05631651717649655
0.16123023922302804 0.08442583609788712
0.07576839791360745 0.3834139772666645
0.15920465302831222 0.9898438604226771
0.5879486115139718 0.9408972745513697
0.22377398308865248 0.6812359193638162
0.09051809709528147 0.9664608506174366
0.06223304060728729 0.0348900254123945
0.6020739680182963 0.5084230563383498
0.7290312880312784 0.09388255788786481
0.8499963725609345 0.43321249454024513
0.9334638166412184 0.5751557973636425
0.647124086307665 0.15741955199938218
0.1257692253961884 0.8033738694102657
0.310057498750149 0.9603732633794522
0.11470540407922125 0.63330331131627
0.8544732144970593 0.7381263621376661
0.1814298577158997 0.9080474068643196
0.5946295470300951 0.7050046508506502
0.4009577253200012 0.6100692010160156
0.12577475438129904 0.06506008012001718
0.668078870002081 0.36666530998345714
0.5060819902531177 0.9643471875480729
0.5890293921705865 0.7590260408038878
0.10349624354994802 0.8774100232364257
0.5202218212166565 0.9538155333681462
0.9220284167095965 0.8891126682141317
0.6306236600798591 0.4351907641350461
0.40516575238062913 0.10304161505240894
0.43736017182591436 0.8392587946333727
0.9352757098634066 0.9347653451561952
0.7398372362824521 0.1713301317140874
0.9965917683079721 0.7542328691766726
0.22774794743298266 0.35467011429139195
0.12301331786001057 0.6052032389356987
0.6624832763662167 0.10350268030675203
0.9485070494412815 0.5825360291328079
0.33615668222874273 0.8151116456955296
0.5101464805594329 0.3144371653016649
0.9837254843895089 0.9672714076641982
0.41495991801330123 0.6443130186135699
0.350596224712159 0.10719814420262241
0.49844946324786243 0.6459530177472774
0.9927733839573225 0.10935643427070718
0.23394146337731203 0.08655302213667215
0.32650115916097877 0.5335496664385799
0.08214796026444993 0.17584016321196683
0.4046286223100226 0.1702370971016467
0.7279203598202235 0.7461698749199523
0.3373131871988919 0.22888004377556692
0.30875454451213047 0.5086030362562428
0.8244197518664298 0.4189203508390791
0.27117911924597937 0.7741147590014179
0.23297508927761013 0.35332001712548555
0.8864688434018326 0.04917368133138811
0.06964011953709814 0.8638912493209514
0.8905755088517466 0.3429842103107703
0.7599665449890791 0.24039756636618947
0.9393649303174896 0.9097915928251035
0.523941286447777 0.643568879057943
0.10773700337010195 0.061615365816935386
0.47216368009120524 0.1659916399949679
0.8072905842462659 0.6303914716828745
0.8593049479393338 0.23719946336128483
0.787783236897895 0.4904195504524249
0.929143247391649 0.27460754881572447
0.7496786658262169 0.8195540745143599
0.2601190761712404 0.6908538455210291
0.9918252310691993 0.14323748476386244
0.08070488072419946 0.5528568697590954
0.8726480076286856 0.5874116946630354
0.9451395688709772 0.5954053507510826
0.7286448006522732 0.19347600392745923
0.8070572562589426 0.34015312451201174
0.5713968762172859 0.38807387715368047
0.5289445882796147 0.17746307363615954
0.07673181378731497 0.19538895319979788
0.13213857387885808 0.24308672975926715
0.11715449978573811 0.7305511250801162
0.7287474037028938 0.35717444065471593
0.007918324475138627 0.5658326582234794
0.6973095197784405 0.081046653583148
0.16806264510320434 0.24502294219301146
0.021478345287013978 0.3669708384527741
0.47458943007532306 0.6235339119698533
0.28736256423282014 0.07610976088401045
0.3873023325345619 0.8703075372070839
0.6632560662640348 0.614827408904487
0.7484771342621819 0.6674434251444319
0.5881457970227655 0.618759443526578
0.5882593328409582 0.860700518104047
0.326700682657187 0.0309979990060687
0.6413172704190289 0.16390828326775386
0.6872364859586337 0.5841800400359509
0.5908076678290533 0.3952684452148929
0.9844423623966119 0.755991438977553
0.015572339387155631 0.7750621310983161
0.141941014557031 0.9421256509089291
0.8677263098653936 0.6281689181074197
0.27453602006961253 0.95392726997822
0.6679544396430479 0.36706062666081674
0.967608499767493 0.372845476567514
0.04475684085306342 0.6978504706432154
0.20207041340358933 0.8765814019981841
0.7272441016888294 0.38496858843343706
0.16811289910514948 0.12078179138176437
0.3316045134786376 0.96289270345989
0.7145367769050879 0.17104298827227216
0.20330630709470454 0.1175164088630265
0.4581999962797294 0.5538561529699022
0.2532246056765357 0.6428155497688959
0.8555269266403078 0.6931051743202234
0.3502616233568465 0.11819173954529738
0.36257167696652504 0.3717068919332094
0.02839250314898001 0.48565685731405295
0.45679662837973 0.6153812920509469
0.2371909000374801 0.7971936963799708
0.9044441428575336 0.7488432772392675
0.24176673289063766 0.5915853135247293
0.7182034433308515 0.3718788010249492
0.29777104322546566 0.5035931383269758
0.3382066843237699 0.4092438878227229
0.8651989878555952 0.33237472144329105
0.3267792079808254 0.45004703430829274
0.36757808723913143 0.6168410864669098
0.8316957651918768 0.5954755929692304
0.9723254869828999 0.03471267668303213
0.4973005767398173 0.02853836443095359
0.9442380187372557 0.03416563907954506
0.7348676775419007 0.08502559368308904
0.554269801953827 0.9036833844862537
0.6569848653142423 0.9578057469063781
0.2615788631221416 0.10523507886488948
0.4283557046968083 0.29187816858238125
0.4512334223294636 0.3876892530059395
0.7458618879595935 0.7664087871461616
0.7031034050386338 0.6733563552834425
0.9966259955410972 0.29123741193824104
0.07499812441309395 0.4432345987612878
0.5821673159538512 0.9629566109323784
0.10532805917715082 0.9015957039835523
0.8500327266265719 0.6190895090264601
0.2969393043923556 0.9277714767205836
0.4249272994766724 0.8632455717965062
0.39958725446531385 0.1046549588968233
0.997642995669755 0.5234482038206127
0.7836457695168795 0.40115225397528165
0.644645271856572 0.9986301433427498
0.22103421306135962 0.3017108346917199
0.28793223262988654 0.4205490667616496
0.5888364253761427 0.7794756792870354
0.2090008755442334 0.5946404851006675
0.4544089851284083 0.6768562305340597
0.9111577185742328 0.013568560406949981
0.3292409186670302 0.5607252232607352
0.5543735906433762 0.24705414935554693
0.8821061347406625 0.06039601161135377
0.904810794022733 0.36757686491971087
0.2079723579527779 0.33676474661314115
0.3437919905953073 0.2646234573843995
0.4032334207311046 0.6371078187617081
0.6461385535638167 0.17260390517365654
0.6579425087150679 0.8681977097081028
0.7765995692439089 0.922448413935864
0.9565236387733405 0.1559620912935713
0.7657003165373475 0.898973654114529
0.9250587829716206 0.8397398699788048
0.8883470255370576 0.25504191746716875
0.17794781881877597 0.6267887506470908
0.20630585014918879 0.9236880648452706
0.771717294829831 0.0005282025901065523
0.9978799482138907 0.4181801808467469
0.28134900051524037 0.049674292397399844
0.6601541253666268 0.75843281318752
0.24118145037655303 0.2858298711973277
0.21803618787084567 0.20832259928162067
0.9895568230066947 0.9073366521986403
0.5697491413524398 0.9050224969980525
0.45989895123847835 0.6156516252722821
0.574079870832231 0.4623228836469315
0.6351560333969464 0.5552203680129995
0.13825398231841257 0.8419902698253436
0.07040875195420604 0.5004819330411674
0.18315953901888649 0.3655651655141179
0.8782938160225611 0.7658493479278248
0.6095089903201938 0.8469782756361097
0.18250363342414966 0.5355509941926411
0.16307605140354875 0.07980734869627693
0.2379461304272954 0.9971146047916837
0.6851002811809705 0.9959430492580021
0.5864063555683827 0.7040923651350108
0.24497866949776315 0.42758075265731543
0.26158035524814927 0.10219808546210452
0.08074335035079683 0.31125670499513225
0.663526445344234 0.6568186379411602
0.15513041348642065 0.5783499137197214
0.03934635789834151 0.6095684530436305
0.42913635079197987 0.7248421124196303
0.6017056169869135 0.1616753925190988
0.2243043147910151 0.42481035032862957
0.6270819366497111 0.16708014201224586
0.33466079678163396 0.6333275897007162
0.2584016752443692 0.024701932125446024
0.3209814203179382 0.4750824561220337
0.3818534957145554 0.7036458218804627
0.9812505002495964 0.6465198145058224
0.12268800540141656 0.41174942381978075
0.38661710868713284 0.10718311938533609
0.38043831020655494 0.657021188000164
0.11043532220243146 0.022847908562099395
0.46339154914462055 0.4204800414250769
0.40680176321118844 0.9453562057094207
0.2922872223179658 0.006179055280186807
0.6757591259453282 0.04925559914925692
0.663142968651224 0.4134581207337473
0.25593649009113606 0.7644782549880735
0.0342755754447428 0.6132717304487556
0.3043711487554597 0.37990616208611216
0.10555822647375734 0.9712357066570034
0.5949621662019489 0.7776159831096574
0.018483476416230937 0.2150661925339039
0.9104474605133359 0.3007990883576319
0.6144474064170262 0.905953189780909
0.8166939979612888 0.890527300102818
0.02658663351572388 0.3847084482147356
0.16721184098769282 0.1176100663679398
0.8741284857529481 0.6198507729855363
0.5539151199740464 0.6649864868012678
0.8659103673980357 0.4149637461187625
0.5563741636255239 0.3095784433705604
0.27965430565892535 0.9158401176103859
0.8749153406877781 0.574943755838603
0.4847835529480431 0.23870803363006932
0.2709060975974704 0.1536071203947409
0.9497245734665611 0.09404962440410669
0.906066504682628 0.9035933576484827
0.3610389028174297 0.14644437625837048
0.016901556649836502 0.6703912235645397
0.1820466493862707 0.3852968808580506
0.25791406882999524 0.610118392864798
0.3779979010964165 0.8127334874540537
0.8284222608643941 0.9622741537577844
0.5029250972374903 0.4207168442234448
0.17810706475136984 0.8809630470479979
0.17453292390062103 0.372282658199776
0.4765069562445321 0.5135379823100186
0.3511409142482371 0.38166995979795604
0.08394973429145236 0.34213922033870015
0.5733545934900701 0.7695821161453198
0.770234568123259 0.9193859181405437
0.4798016417549036 0.3909901920143226
0.2642528735430847 0.8724987835424489
0.007544732156173906 0.3241271612882739
0.32413490258530264 0.8083037242218947
0.7266701734644592 0.892306173886378
0.8326883466994097 0.5415201959023901
0.2325936580025918 0.8739063302525252
0.5144275070371238 0.9981702120089293
0.928706428781839 0.20997104286663082
0.30609664121906 0.7234607390812342
0.7601097185740995 0.3533460696331898
0.5604631033735374 0.9437908290139339
0.9700775436561215 0.3945067739838626
0.22420479541516825 0.2935619173170567
0.5395167995856154 0.570087947956734
0.8155156105251797 0.7654836104681759
0.753913856168736 0.6767343211141621
0.9294041139206202 0.012253923055483007
0.8404625189919992 0.11609346277647759
