10 2 100 3
944 832 885 968 796 900 728 824 861 693
726 831 1273 1192 927 833 671 995 806 892
966 980 978 1235 1108 1013 731 1037 877 670
1129 1255 1163 1107 1285 776 920 849 1089 708
945 1242 1470 1317 1194 961 1084 769 947 877
1245 1539 1556 1409 1408 1029 931 1171 710 964
1127 1366 1377 1163 1032 1258 1172 889 1004 865
1050 1270 1368 1223 1163 774 1086 922 682 963
1096 1136 1281 1025 1125 725 669 955 695 645
846 1018 860 924 810 847 943 1047 770 608
1 7
7 2
0.6945202007767574 0.8224778299526474 0.6944107272665758 0.766564978868 0.4121296395644132
0.8512107247400111 0.7772987398303906
0.7118459517987996 0.32739648308296565
0.600793369391998 0.09429502099056486
0.10475341679342431 0.8195109099765989
0.4305077456224218 0.008802864640154118
0.004988997359434588 0.01426158468359473
0.4128922620021205 0.9931633488166165
0.5012406963185863 0.977393457805801
0.31658907399574776 0.3704515677420712
0.333808877584979 0.5240019282667199
0.22628175688457652 0.7998870397651252
0.8703895372991977 0.17930765624846767
0.08815428293410776 0.8515524451076817
0.5491882850115517 0.9650758837790685
0.3878503028105782 0.7128373427927328
0.014746904543299966 0.3483672368031907
0.809705808066173 0.9094763623834279
0.29385526115766947 0.1091772791958876
0.5521430344198148 0.4484936608834398
0.7308989710555907 0.5455523391423327
0.6975863561178568 0.01823778776398366
0.5713486225988127 0.6258827179619442
0.9892799733682427 0.34496250369906734
0.3490031090696941 0.323815915883894
0.8295692335081888 0.9733563025938665
0.247823921615568 0.19630231275455468
0.5130063384012742 0.5476919573964889
0.7192474844496433 0.29524088622903233
0.11014328178811161 0.3708809968809652
0.8359083802469836 0.7927752265804284
0.6575300684559535 0.41958470966558514
0.40143959790921846 0.818662922120192
0.410634623272049 0.33577103208325765
0.6840818008964602 0.7867229859162266
0.7753679785849128 0.6202286462115707
0.729316983589493 0.42005746326681903
0.27223833858108226 0.20781861365609933
0.9882933236516198 0.0687159480293773
0.1476696706614562 0.48710911891069486
0.713307183236072 0.6370032654961475
0.8687946705141163 0.16203768269343666
0.5840728114658849 0.6370692376561427
0.9245598220195164 0.187935407839398
0.9622915687118889 0.08744915757276872
0.3170477250641526 0.12056055495049267
0.9862657367170176 0.19563438651728782
0.2768328597758667 0.42809329633483606
0.41460525760618294 0.6822202875400944
0.22103389628814862 0.18364828756056872
0.047703273283327796 0.9851753247794848
0.21772924339042476 0.6508699356889773
0.4852100072781753 0.004065659679242772
0.9311970708001918 0.7903681044553263
0.3956630308852598 0.8177400916546349
0.8234340285032329 0.05486433248560485
0.3524681118797379 0.4125744904251405
0.5331545134648115 0.36216182687664955
0.5842617331017592 0.7514114190767203
0.9905133810058857 0.993160467662662
0.8136440107041463 0.2816424774897912
0.22654744290635231 0.3804651465901929
0.9433468961872269 0.15282549932721579
0.5374444847696698 0.5979459489357302
0.744406890673484 0.4297383657366165
0.6542328591394939 0.7177445736543118
0.9088298516712756 0.381213685889064
0.17142073985587358 0.37622055023962275
0.9750162787215797 0.7880858913677438
0.3388394777043404 0.3305841488836363
0.5216310872849292 0.7959910699746808
0.7145255021744796 0.3536498180764853
0.32709695670386996 0.38801448451869835
0.6909402887386524 0.9375329614038344
0.7514987000601914 0.6468741605642936
0.9455839069181315 0.5693620137161781
0.9944479698257565 0.8705549087211013
0.2199544033451779 0.9897704876804552
0.082579116841909 0.4995175038777313
0.5461498637523503 0.38281186266538825
0.7879976423920536 0.013453233509450158
0.14251934011651013 0.07878487263926792
0.012701335101827471 0.7007244201773233
0.9383342788788558 0.0019923648103894465
0.4894265708448444 0.15134840090584167
0.5692591544068877 0.9293265118080036
0.6358325992910039 0.9602254573203577
0.42811451825356706 0.3010939741911203
0.9299603348018268 0.5600899297274755
0.45219295986326413 0.951727514371278
0.6327578733814441 0.46162770344744564
0.9069823409029341 0.3864291233803072
0.0895274450177761 0.6310799675282006
0.6369187939688277 0.43358695791757706
0.2584710762696336 0.13088573835900563
0.623356901053181 0.8612278139630554
0.18677752675902148 0.3528219591819992
0.7323625538750023 0.3398176016840526
0.4182641769058548 0.3991624035765551
0.5478859402060385 0.31678088021347905
0.2944743675236534 0.8080411580322411
