10 3 100 1
523 675 651 800 825 852 680 744 598 518
545 639 669 799 744 747 643 647 595 716
630 752 716 909 791 839 793 708 782 690
830 784 888 1019 871 967 1099 848 842 870
819 953 752 940 1017 968 1139 837 848 889
923 1040 884 971 1245 1290 1236 870 918 795
915 887 1135 1193 1442 1367 1290 1055 928 893
888 1182 1289 1248 1587 1619 1268 1148 1141 989
939 1378 1434 1578 2050 1982 1599 1537 1214 965
821 1004 1160 1382 1488 1703 1292 1403 1074 961
8 9
4 0
9 9
0.6993504770531056 0.612601958370781 0.4180839674462437 0.9536670906543518 0.37372830643309063
0.7460148265989051 0.8274019677098694 0.43614946270518595 0.5066002395592865 0.29007477433711426
0.8021658565129979 0.7521650602750356
0.20469798567163644 0.399812556513357
0.7595143737820456 0.28853583813164385
0.12280175300303564 0.9220737761090243
0.2029074486814364 0.7840323394750968
0.6321100394641856 0.8391606040894304
0.20286484999819643 0.43343947633872215
0.70797554133996 0.06449170527197001
0.9921990628735491 0.8899861405044054
0.7620013915016381 0.6389560618066408
0.31973091241089957 0.48332049546517997
0.38872790488034914 0.20200506320143208
0.7696708302184083 0.3498574258815883
0.4361863197193321 0.7996118744056886
0.9231212466241572 0.35747333751403865
0.15942908510101916 0.1710159584824973
0.04691306570521392 0.001601976949619166
0.5483255880808733 0.13109672814043383
0.9854251685739475 0.01777842833676635
0.46020859736146846 0.8257320193502036
0.9238854991794156 0.95975540566579
0.6558545482172735 0.5555907431210936
0.5067325217771705 0.3359255656273208
0.4474680982926351 0.29140777209588364
0.650594006439376 0.18949203673837012
0.973798358999511 0.607648655462536
0.32366276765205493 0.8571458396809628
0.07953884731457395 0.4593466273712197
0.18384537049507532 0.9737514006250596
0.26005649790216046 0.6105231995749498
0.8421167529626827 0.32815826809274373
0.18168065544283785 0.4048847214636042
0.11153326159758192 0.9237491707621346
0.0031782288141621873 0.5009133150865941
0.047474467347284666 0.2733888989153268
0.6970224524005144 0.4173500942567563
0.21046183534965346 0.5594620177874445
0.22453557396872093 0.4507028654366594
0.09498849996395653 0.25053527226830163
0.11743125636361151 0.9238338960150603
0.053119234537009064 0.8856863648417899
0.4498824775108736 0.09099626419727747
0.62073935419299 0.5321011819080173
0.5774776292276715 0.6232965563297255
0.707861498940799 0.6646994291493078
0.0907365734123986 0.44855338893065855
0.6265834862028925 0.5111413001684635
0.9077655990985087 0.16418807236192068
0.4382287400836056 0.5279725942771214
0.6184300001413339 0.1688201170972059
0.4289212217631968 0.9767471420078455
0.8893782589357564 0.18506787546061387
0.41588107670685703 0.395944050468104
0.18768000890396097 0.003211725010938249
0.5840383390342883 0.4480164633081265
0.6685102011389377 0.6205408961048091
0.6117963970900586 0.4932484656827787
0.2534556192089028 0.9143617832571331
0.7680175965605562 0.5231734925840166
0.24289658004515657 0.13922743241155255
0.6502400412251255 0.1756644554108413
0.2227553368060773 0.5878580096769228
0.4206234239893101 0.6149815447748719
0.9972356510629665 0.529515655560524
0.9841008787465892 0.26781058995734175
0.4965118442456835 0.3974063964238026
0.816671075177225 0.44716712661151115
0.0728357592775919 0.8025713694207175
0.48180853471226337 0.10815346313378527
0.048672236392879986 0.11372012251015118
0.7851490316468881 0.17687057079715762
0.014283741617057366 0.5234033637252422
0.8801561194040861 0.27644895982947126
0.12343456272027753 0.1132512086980706
0.7508421199911104 0.563673180986549
0.7865886258207018 0.7986244649441196
0.025053267388482015 0.055323617249177115
0.37289807801157804 0.7370485882522197
0.33331301177294437 0.4433068314529085
0.4714916968171978 0.10407186908220001
0.06267698393458265 0.5009449676883904
0.5946428311589695 0.9470564915975672
0.9437235870054133 0.4609388117197988
0.010583999102192765 0.7450172570487594
0.08661083533174807 0.47614945122126495
0.6771331197606261 0.16721107351177955
0.3748802837297547 0.9260889874939189
0.5081369054550642 0.8494447458176146
0.3567532717994879 0.8794332783026535
0.7224101767065809 0.9562031502585464
0.7537411150037168 0.7526732010323078
0.9088225800301799 0.1754986222325874
0.5197095053096492 0.22156307072245407
0.6869732186719057 0.1054477424472724
0.15088554337692606 0.22826143191029047
0.04046629443246208 0.898410413088401
0.8965899183587793 0.8011316592351942
0.4096137490106164 0.6023429937889009
0.776120990344791 0.5995347530630117
0.3894945411985018 0.9241302189154119
0.530417266752921 0.8263374159793835
0.3992032998206527 0.9234853074871687
0.5938654487547002 0.4455615434597153
0.3412483413006402 0.22935039951322267
0.09217033052987222 0.16548316264335106
0.8628824762188583 0.8193503403214351
0.352002339305991 0.7177968502596139
0.26736716531736326 0.1620657059493793
0.5968677976549823 0.5701273789237011
0.8117030646292267 0.4438668403660424
0.34078530615012825 0.2489598946839433
0.3559483986996219 0.7365662641180117
0.8755158639251746 0.03786028696070565
0.7927876228305648 0.8045042590399178
0.7908892124872606 0.17880983507009574
0.04407232893605717 0.2529120260027333
0.11637951657296974 0.455251537741594
0.16688899419983527 0.7858381101492828
0.5681824937589819 0.6823140944038897
0.34000667554584174 0.6723621563583588
0.09414247207402848 0.42024314938010354
0.1866381550686731 0.6103223532501505
0.7738836247029772 0.4661693360362671
0.029835489240049196 0.22317538687219018
0.5184170176938372 0.8875027647662177
0.8710714417057341 0.719331557887479
0.15728229584280728 0.9189117448352342
0.3821731029717035 0.06100522932884811
0.6559420188000702 0.73166056577268
0.17287727201615244 0.299221182399781
0.7262854336126308 0.5502845448099218
0.921398640234113 0.8118925811370503
0.5579798062589771 0.8545388588233107
0.09211119864176065 0.35198508613534507
0.16258802137428963 0.7763492652629707
0.2057237466247881 0.18861441419401603
0.3749272017374796 0.45460011956723756
0.34705395543661655 0.04430572023654955
0.301405742033358 0.3810673389146435
0.6745489862056444 0.9603658427834276
0.9109167555104662 0.1941782950322115
0.05263577080525539 0.5112251512270756
0.48995754960871274 0.17182597193891458
0.09269935549196417 0.4878589176596868
0.5594828626271777 0.6577133219222073
0.773781849997879 0.9473196335800393
0.3126741047201471 0.2876012936404062
0.09720237220074712 0.024343160149034038
0.46131260020447873 0.5893623070917449
0.06613868671135203 0.979212350448682
0.8210451145215243 0.4782909677746534
0.06322781169370795 0.8893017677290582
0.6653395207230108 0.2191303298498728
0.047307282774010195 0.8000423849021614
0.477399085511347 0.00979871482435879
0.26953958994263605 0.9456462802575423
0.2769778217854053 0.47629207785964356
0.7269865181129813 0.7322596673979134
0.8834192529556619 0.23248937373889378
0.131347904517636 0.3828599721546233
0.138299240909727 0.6561156767563416
0.035951260014284614 0.11716320444467043
0.7162561332181643 0.6422891419254753
0.37376410696981677 0.05693134538251954
0.8820881906339597 0.24417817704331424
0.7633115571779272 0.5650289033629654
0.4503278215505646 0.5788015502234163
0.293100065785997 0.46495625535299157
0.6945619155645457 0.45888867025891833
0.7264803785153497 0.8961944036686023
0.30041250077567816 0.8738535785955892
0.35408978461025375 0.6894229021920937
0.690593901696485 0.19577887630951363
0.15543590709700372 0.4805757324215878
0.8463877109673423 0.4989632110351474
0.6658840772631418 0.935516873890673
0.21202855650661578 0.2651087652622657
0.8141445940665608 0.5225306312114097
0.5775371653903303 0.17499906661437747
0.1611765865645285 0.3703441971700432
0.42692427772791075 0.6506156417365689
0.39384528284803944 0.27021387612950964
0.14606839012612904 0.7586807634847086
0.7021065314248292 0.6652934503288259
0.39201434908074106 0.8495131425408089
0.7376932248047481 0.3829844981621764
0.2199804256809319 0.756687234538949
0.11716249075260099 0.23245024217734156
0.6797259677696608 0.7626625788529133
0.9725759786181642 0.03848731814933526
0.9634201828592053 0.20706161974989934
0.41835448050586543 0.7383459631317608
0.37600864498741937 0.025876869165766925
0.5976680775419418 0.25945249664324677
0.04074331514057428 0.9085931605582735
0.6815173593157515 0.955003294868217
0.2409766396389974 0.07563823904726918
0.31235681586299124 0.6510187035204285
0.8895204790015412 0.6702288941507926
0.9049483737614568 0.8815558752042463
