10 4 100 1
1004 642 563 622 650 625 1092 508 1023 774
595 785 955 561 1006 959 759 573 549 742
963 733 695 1049 1151 1223 941 740 597 1070
1132 1167 1111 973 811 1043 824 880 1158 592
827 913 758 1201 915 1131 1178 1302 801 1040
1137 740 1204 1200 1052 1233 1389 1393 879 956
843 702 969 1215 1578 1315 1573 1375 918 1136
871 1075 869 955 1270 1983 1301 1467 1295 792
1157 848 950 1013 1430 1322 1484 1020 1034 1156
1061 656 1067 841 901 1372 1459 829 870 939
0 6
6 4
5 4
0 2
0.5170431535760681 0.8294750868965584 0.4875355685422411 0.6353429248696665 0.23986432220798903
0.4017794819281668 0.5797546135884357 0.7999438579174358 0.48567814101229917 0.268086362880153
0.6580658953540207 0.9342524215208963 0.592637310160359 0.8962588546279593 0.17234050169140894
0.061813657081901674 0.962127489228153
0.020241663261826526 0.9278428062696553
0.3319556799620269 0.6393027113766969
0.9789044334570571 0.23051616426351518
0.8473008324713496 0.29997357474998965
0.9936179579579425 0.031068273876050823
0.6910128463174676 0.05981192875715102
0.7018867421121273 0.47687644480066393
0.4121491077537156 0.8316270319232308
0.2746598207733679 0.9432143165927254
0.005504742806882623 0.8543637491880949
0.08037774231899597 0.4699594585861131
0.24073743444938267 0.8436199914394302
0.8786896104612529 0.4304438406974609
0.11366772095325195 0.6271010081179287
0.517729049345182 0.6273646252159921
0.5796267694035864 0.5978956697977966
0.29396819419849574 0.7159065692000048
0.956925527177235 0.9717229361650217
0.37433290860557356 0.948413107944386
0.31375746780773506 0.8489952500912898
0.251506406330396 0.7871898658464278
0.9994800764132556 0.8244630866451446
0.5044385792459631 0.20503630127847638
0.6053388897775973 0.29347394473647737
0.0280942156663615 0.3351487492430807
0.6318337781599168 0.7736181714786039
0.14333420389729445 0.1613117352623954
0.2415461071732663 0.45361154009411364
0.4467757852247194 0.815095397229106
0.8260941623845452 0.004648931286409086
0.8830794349707514 0.9280463665583201
0.9583685190341069 0.2340461249444752
0.4901660939774779 0.7169953516651559
0.0160918189235999 0.056867070410168585
0.26474268932387357 0.9643312575511278
0.8474499841368304 0.6038853555199863
0.32221818528735224 0.7102089234614666
0.28829969838227476 0.5996161167599512
0.22891469903526973 0.3327259329843524
0.03099105139263525 0.9688999039696331
0.8754698478069143 0.7102093693400875
0.28882217147048483 0.580960839913315
0.6223380670243968 0.21323659314600896
0.45372532044084246 0.061097634600510986
0.6409511242927373 0.7345141540601527
0.12622904219106257 0.10020886762546355
0.24154702365410086 0.952681830227927
0.15715509746687295 0.4473505060537697
0.6231713506095029 0.09982125595184677
0.37441996104290154 0.9026677122963667
0.23125204580367598 0.41747562260957727
0.6237024669909823 0.774418056259822
0.7571229962633963 0.3108748299801809
0.16227525833438294 0.06160761063492837
0.6903321281381352 0.920362250562021
0.09617101315182919 0.5655276308313992
0.5269789374949574 0.3350495180520987
0.22351722096834914 0.5119249390023819
0.34756840456923666 0.28117716693877237
0.45607374334404716 0.8164557613824499
0.2871814702003541 0.561817092326518
0.16709985058177335 0.9571707606036257
0.47552479116485835 0.27421003323486937
0.4055645511213408 0.15278168864222685
0.4928501935684808 0.973460274865082
0.45354834993961557 0.8531013159937375
0.9475236969842478 0.8017108039945748
0.06904035553053145 0.3498500517068146
0.07614678793758545 0.983115181061083
0.269656011713566 0.9430177031910034
0.4822556521539767 0.5287770371369929
0.8194657466772126 0.43629498852834825
0.32536495588946157 0.4938684862204199
0.46765170155790403 0.6165314898576109
0.8368799871050978 0.47711064285453597
0.3539964923413388 0.8358347441005021
0.4571660674358584 0.7736903663451469
0.20207848246286408 0.41129224393886576
0.8517741405528032 0.401431636789618
0.6214169456089265 0.847225265431643
0.34132282584472073 0.25285221684830983
0.4838384173892314 0.705909503028789
0.2779210414144686 0.8493331176084529
0.5673553656850321 0.4326698420123656
0.8500397725435529 0.6868387949855281
0.389227901338125 0.7102984975819737
0.4460347938159943 0.6385973722827829
0.6198268278639323 0.4898477293857877
0.9083744534859897 0.9308994634984342
0.7122729928701461 0.3728870934719257
0.1250917107648013 0.11477639072765311
0.6813688087921606 0.1386687883241169
0.9363650925520743 0.8027967354304879
0.43651574395194337 0.6730660291926314
0.950581654446226 0.6559645928421161
0.9346793929928685 0.2308940537987496
0.06470050707061281 0.9487150851321995
0.1601484227162051 0.7426452778406232
0.868522199053263 0.20311033947835
0.12357008367458078 0.49977253045619796
0.24819303741545284 0.28172045866159
0.7291253532283426 0.6907999424049571
0.2330614533058193 0.3373347255645993
0.7929296617086015 0.04429686756293583
0.5518525419501479 0.23879369365521352
0.8343702215928859 0.10745285589959819
0.4389033835843381 0.3640085316853101
0.9107991916701723 0.14405604041258102
0.7866547715646386 0.37141365579188834
0.33264758300175945 0.29957925882318825
0.8147791079681426 0.626836143115346
0.2204280667039784 0.33753045662123404
0.5097219848263355 0.36934926091473774
0.6394315888273561 0.6847251704423281
0.1993746570634196 0.5939667804476483
0.6900483890751343 0.5871534533118086
0.9421467262288066 0.7262671864715231
0.5860221878433198 0.7237619592546318
0.8738728909228977 0.5232656980398829
0.7271228568225554 0.027316114524099877
0.7670979838171041 0.013643317044054193
0.8887982400920416 0.7862937863249264
0.2015887541380328 0.21247457976202377
0.31778514753352494 0.751472874055535
0.16914752160730662 0.5470309297664033
0.17098719953962216 0.9743582873120182
0.5449592156491083 0.7735812024629651
0.3228771899304108 0.015146699842315314
0.6552014792722378 0.25376726471211897
0.33616303858909635 0.26366779755309167
0.09762068348619768 0.17054710206304158
0.9815259950750108 0.9039844954523555
0.9525616018764222 0.8413958623232787
0.31435410774967654 0.050031343599072464
0.977205634973493 0.820866424647499
0.9985020946664209 0.2821216512599978
0.26409011476510935 0.7645772168297662
0.6841573828586422 0.5764309411134716
0.13788455772709063 0.054185433452477616
0.07659798220781266 0.27161289175803627
0.8929544610254867 0.6326441617280072
0.22129155436593395 0.13826924820270303
0.6485208361359578 0.3877971071455597
0.4042790780383554 0.056887368628790735
0.5018464395355777 0.5315773454283952
0.8929697446612055 0.4205422483958978
0.8223470264437651 0.9425357361804219
0.8724389863664355 0.8635964656542376
0.12660657374106044 0.06104902853898864
0.9220452848864844 0.343091137507493
0.4657666853538245 0.33429769334452364
0.35443375299920765 0.8124089460943276
0.06284534943430731 0.9439102197424538
0.4214746258943338 0.47711246330596
0.782896286418812 0.5567320445774264
0.4955264211762844 0.42882848242917393
0.14272929454371308 0.05290518217593365
0.40583515328309816 0.1456509996426223
0.8491180847761417 0.8182246533377582
0.8965526752540223 0.2827998323530718
0.46286541414843785 0.9953830393741461
0.473104363104905 0.5587842313959202
0.17236323910610163 0.3499504935453539
0.6837042435756799 0.3027979532352507
0.7791630328837986 0.3306176891042871
0.2228499333196019 0.6290258731218996
0.9169897789851309 0.444278101108871
0.06962843434675037 0.30134897537812866
0.4942710448107628 0.8783021581992692
0.32494513846585216 0.5485839754536337
0.4830068883274783 0.1302868595609088
0.6758782624240571 0.3647641316977257
0.9552083155635234 0.7562082037011941
0.6928266405894443 0.20682215367618118
0.9980008947330459 0.729510788089762
0.22683469310156412 0.04395022133134496
0.35806029814248075 0.46335980042664815
0.026211697489146202 0.834996641493146
0.19940266786893845 0.3384818737285973
0.2495879544482933 0.46793319220115204
0.8840442707628224 0.6423119595787896
0.8695365531835131 0.1551418886611362
0.8437371212040008 0.20958021139417027
0.9158872463823486 0.8969415231524362
0.22641614388850684 0.973708560507544
0.630250705550508 0.6846244849034444
0.8878704478749277 0.6847084334739642
0.9878959410565196 0.38618749665211616
0.6626427527613608 0.72824101683889
0.0405674695160001 0.054817920532659326
0.9159777756238443 0.7028919256945736
0.5203635673952212 0.5581636229301219
0.2964723882593492 0.9745968862173977
0.5752272972227697 0.4341442313320447
0.057722907608189544 0.883200675081184
0.4085952661658929 0.9680907940493653
0.907397393064814 0.9423493269837764
0.4519034655190015 0.5280846520339562
0.8668587073528857 0.5722983711749965
0.6029139647524164 0.23365241167109874
0.9676680982394896 0.4116826872014687
0.4901105192780819 0.7792688176144347
0.8717832242412336 0.10400275973508766
0.7533181527284527 0.30491881927607345
0.31385825450249816 0.9734323751573826
0.6963869035946761 0.35135647732354647
0.04504125897692646 0.8003080866993855
0.870352902696826 0.07567656465413419
0.5286397091483326 0.5317888837281195
0.9834712440422086 0.8460273232122115
0.04734293904419573 0.9253503642306471
0.1861059325378167 0.7383455424797836
0.9360355422680431 0.9312358332902428
0.9740902983457074 0.2864948822069828
0.923791400389071 0.2588203003718539
0.024004022685950588 0.4667436591382559
0.26155300513418256 0.9318494965612361
0.0765522298531407 0.26224890302839454
0.541059385265632 0.2803475025747799
0.3946464945483559 0.1611649733152163
0.1745932257203786 0.467244731302193
0.9303950520234443 0.35590013419654554
0.516596941734458 0.996449455971882
0.36973126195461203 0.08908246394270192
0.8663012997107742 0.5343437116439969
0.5573183329730746 0.1426147949724017
0.34113045645280504 0.7065455983432414
0.9622278493070533 0.6603445606586058
0.6301882445109466 0.6221656060314205
0.8250984184001975 0.019410153710369915
0.2601279037693287 0.9741221005282121
0.9212056132318329 0.8124652245927928
0.7508746429030038 0.23704442122219938
0.820485150301218 0.08590388203348742
0.936008870523853 0.2818758344020935
0.5921491919873818 0.22451904305311632
0.3735780616073108 0.5859771725279164
0.5861989577823168 0.5376584469328498
0.9287856654635767 0.0393377733219018
0.4124056032963279 0.13186933356441655
0.6557357933392862 0.11389877511162227
0.9833737705777825 0.7898943220783581
0.7402176303903127 0.3727358213756884
0.369669535960756 0.9766391529898575
0.830100613692003 0.9195185748662142
0.9750822451838861 0.5187678009136574
0.2682540731614236 0.5509640302827383
0.590858720692053 0.5064579048716875
0.19431995143150416 0.440476520175364
0.07250007235344813 0.29376135237781087
0.24877505410275913 0.9806425586646648
0.8612909911033804 0.6087245799645928
0.6684555702732404 0.007835517106466572
0.3254599887746821 0.6018728417747607
0.026005993471606592 0.17271499889073172
0.9685558768724434 0.7021110357306335
0.11687815729491469 0.9104474821368025
0.9364586950077396 0.256371851726634
0.7512335587264969 0.8054666234970362
0.13454066855548463 0.4569878912469558
0.3010056575388316 0.5327817126074981
0.6288373596589667 0.33991261256192296
0.8847579834434156 0.8333062829964222
0.3904815072095551 0.6681623248588626
0.8223830557737524 0.852408188780716
0.6443996934155192 0.20532939414377194
0.9319038162780884 0.7544378744447262
0.0689560591792382 0.9136630836541972
0.7723379575010954 0.6647879379967396
0.01470920073582449 0.10067965322865247
0.9634728553523402 0.403271561675854
0.8704425116662913 0.6499790856591148
0.8963570243965826 0.3554637180010267
0.3566615768161152 0.29832842163664086
0.9820779006042375 0.7945736794164318
0.6649794474797788 0.8684194605095068
0.8683313347486872 0.39368250167769414
0.9516686304147428 0.9629219076875026
0.950911765438472 0.07756742292323748
0.7000697022820379 0.34444461787117175
0.818911282439077 0.5801840748220104
0.6578245446434652 0.9212379607481445
0.9157254554166976 0.583118632419366
0.7738556710505482 0.36092849390870385
0.7293493354799898 0.5011889182388465
0.005697139188362232 0.0290939764312792
0.846122227008695 0.3568237998944255
0.15132728360293957 0.718868843658359
0.8524618514540621 0.0584296799916435
0.9141698668164995 0.24154003029963356
0.29986457745540496 0.7752473924074672
0.17106080066073703 0.9209319723296197
0.6460469703475888 0.30179625537256904
0.11699677346611259 0.8826732923616003
0.8605047321751396 0.8565312299112111
0.971837883878641 0.646630893980964
0.8271310799513696 0.2850193573752986
0.8875027317417192 0.498584638020624
0.03309877888780344 0.9132849989206235
