10 4 100 1
798 564 618 1658 1623 1564 1595 1566 1588 1604
547 637 751 1657 1587 1386 1546 1578 1677 1506
597 539 777 1541 1534 1660 1555 1974 1539 1717
700 698 676 829 1583 1652 2028 2074 1966 1535
802 531 682 578 689 1616 1548 2068 1668 1411
581 728 822 616 873 633 867 684 796 839
780 591 757 550 760 695 548 641 546 572
605 840 752 866 849 698 588 636 723 738
595 651 845 768 747 822 638 533 749 717
539 669 725 856 699 628 639 734 733 722
5 0
4 3
7 5
3 5
0.4630079340445215 0.6507344044503671 0.7785355650911879 0.30088993077297915 0.1748073507026498
0.31084546373025773 0.37173995987917774 0.39159345568574555 0.3331195659434645 0.4412707889653058
0.40674000636465807 0.9705535536647747 0.48087028893083045 0.6227154484576609 0.27320204153377486
0.23045974863141927 0.8793333789210647
0.9280517749608548 0.7274941075267982
0.18741272708828238 0.603779506991349
0.46313356166706865 0.6179490253428561
0.8600196335236847 0.39225096561295336
0.1371410813478986 0.2276664834905493
0.14084715682741455 0.9107194231919511
0.12182244834839806 0.5290261599148331
0.9403641428306 0.004733006469978429
0.07966177455377532 0.7931468927876226
0.09487450645607343 0.7932026290258105
0.14123581901311422 0.1122168610276606
0.09783748737421405 0.5618120719217088
0.35890593448505137 0.9817617712567634
0.7658601245735588 0.501975821275702
0.38214836342170067 0.9436177105752181
0.9274657692799273 0.9027354337283431
0.6760595950731054 0.41787169542196745
0.7632735881451373 0.8549843496745342
0.24992914759413543 0.32461516874035934
0.3608146502651308 0.7068314202247523
0.22012805586519057 0.3132480670555089
0.6125548863578762 0.41433451084930173
0.9388422970469905 0.7928932932869399
0.8432815689643736 0.9298601548041348
0.7307521073481615 0.46923089902734794
0.6859035339274688 0.2614370370460095
0.10055325332174858 0.2640324795019291
0.9614312596495136 0.922857097026814
0.11666266444027507 0.3145813515802094
0.7365497724616767 0.6188802702220046
0.5415034075053315 0.12062670674725573
0.14217375995669213 0.45413028045758197
0.09134838699479597 0.3307597559157489
0.9338849907318529 0.4841120928573095
0.07062528471860952 0.659995699311434
0.5257813391352466 0.10149588619242356
0.08061706979716132 0.11001109270920129
0.20955651391620167 0.9175108450772484
0.03613313303577459 0.06323403414917395
0.9256172259513169 0.17566912006064217
0.5647802357370129 0.43910007667234474
0.6949755777623712 0.4726402342006757
0.613397201454162 0.556209742801739
0.815073896043266 0.8393076307775442
0.09147173824088073 0.7489006003058454
0.3775548743366701 0.31279483047839496
0.021916163785963727 0.006912753871104682
0.52589259808273 0.05982909243926149
0.10404016554028739 0.3769050237745082
0.8005282347724405 0.2612238742948909
0.703894914085839 0.7901900554633103
0.1164923335755268 0.7349051807529261
0.5921960534173876 0.6628356175247825
0.6578880320855107 0.828416436140115
0.3534063089112083 0.29645100834517857
0.8387027324613179 0.62181500481827
0.13273896554738918 0.4633877647083777
0.5470383486226584 0.0074384939918226145
0.6695846518877882 0.5274246925063268
0.045657758104943325 0.7442618357315796
0.5299241379409441 0.7460676148616718
0.2015291106765571 0.28247209985464194
0.7730812235638815 0.2979182092372945
0.04359762372306619 0.34543200325745493
0.10986326322642559 0.17818629198699654
0.3053866920421644 0.37275531567199494
0.8907589197784342 0.4112732272042825
0.7089234056204705 0.12124623652214273
0.45718352944548446 0.7170067567237883
0.6757782075233645 0.8872800079673322
0.7156666395926123 0.4083979086194971
0.7148938753615224 0.4787997828329609
0.9322773570237244 0.5907261244670947
0.9383195475218651 0.9773591951646183
0.15232971440110799 0.8928988359743972
0.6472424868661899 0.3259642827489466
0.5878841146096074 0.7857944317038597
0.23394369972690154 0.26359958797260385
0.298222048027589 0.24953217938407968
0.5990145183256426 0.10411047711171983
0.933937187243639 0.7553480010641109
0.4988007289572738 0.9662736023258758
0.7717629857950039 0.6689987869239769
0.22153806221693073 0.9570209802323575
0.6788516800751707 0.485858997887588
0.5248829398440138 0.44127417547901904
0.9480660146016013 0.04543862561177958
0.05662453740577811 0.07697030728447185
0.5961544657609641 0.31889251694602483
0.05061473318794474 0.1732310512008004
0.08768594252289219 0.7923576549694378
0.10012192261081121 0.17001534103839067
0.7190616441555575 0.7422933271865979
0.19463682855634423 0.02800502916484704
0.548753268473781 0.9118890217181215
0.6802093631207125 0.46165149173279985
0.2649674165307552 0.038572885048769434
0.5733666128133967 0.9896256018543632
0.036627916878445355 0.3657821945469133
0.40414627363945144 0.13279547003363712
0.007359392837003709 0.5505712100839528
0.7159303072560514 0.4625498721572687
0.831779607282453 0.13603678938473562
0.7080715956251955 0.8838044956945739
0.798198745580678 0.09626629338180437
0.8200585372424631 0.32634705078771153
0.35084198870955974 0.9627419836520903
0.13071621306906045 0.3586142475219607
0.35720035059731403 0.04643703904426011
0.5729451613979801 0.3680042198738229
0.3785154961040562 0.925573234606486
0.1041830688434151 0.9355243848842891
0.15067417860090826 0.47426745932478265
0.8416053738900915 0.12071545971746622
0.674065085523089 0.5801666565946613
0.5118045492794592 0.15396262761880353
0.0861638957608748 0.09481961116723614
0.6848396992966019 0.8945667909444814
0.6246530789488047 0.4211542295373636
0.7558669884069622 0.09326942962824214
0.10125690578094071 0.6038676872985376
0.8262269918385623 0.8976461803661862
0.5790572760084725 0.34356512440279396
0.27762058072366025 0.8441622895000376
0.5217701450840577 0.8778907588691627
0.4314777748656262 0.7114215737269414
0.2706944826353821 0.5984788755405501
0.4107742747684051 0.5366568909473395
0.26846636420106473 0.05134187600520179
0.7944735708087001 0.3489338045047983
0.4085639268580168 0.5781957448002906
0.727050572084283 0.3968249528799028
0.6700688441662697 0.12750324780847122
0.4669997346010535 0.4255264012405322
0.6175428299822896 0.6678518470790435
0.34940518454879754 0.21630938525834065
0.2868695438611504 0.9438771652006634
0.18646278119630932 0.8935477004146899
0.7706191758355831 0.8391213951168035
0.3462162991333171 0.8461320953826612
0.8559517124155664 0.7991332823295176
0.388659311304266 0.5344563728209497
0.3367091768569108 0.3993367969551489
0.9050854388891783 0.22219248749273346
0.9602631358185958 0.3369781531427465
0.7396673922053414 0.2621524326210658
0.6470304244313569 0.37829634973147264
0.9926736635426536 0.6457952519402175
0.7724282182542723 0.9908334620224011
0.17953153173574243 0.7913954223817714
0.0666308363511603 0.29345803296185435
0.5827779409724023 0.8852513408019476
0.987076343824002 0.8803296929410032
0.5126928899338634 0.8924852599766697
0.24923401410662493 0.737514334029528
0.7747089468299266 0.9992892809905276
0.5444085468333935 0.8843269287943067
0.6703803407491151 0.9631821410579333
0.046945307888462295 0.11516546577112785
0.17109641732633696 0.6616475538066968
0.7583067745206589 0.8632207856168781
0.324513197139209 0.6018578806160539
0.0616111202053089 0.6659457077712088
0.40846029097220726 0.6161302253721801
0.00969997423777369 0.6342826680990103
0.3846816431974316 0.43174469511315783
0.15073203088510567 0.8222483528970854
0.3399070104574071 0.8721925593393329
0.18226447469756035 0.5372799495754352
0.07411794718276465 0.7940288854564925
0.8301114583554001 0.732637701739385
0.7154771736989374 0.9075370454435783
0.8890127841359698 0.7956325661576622
0.38249571145351147 0.07164934688385705
0.3092660990995384 0.7112619150495259
0.09340079304755511 0.23717532602169067
0.387912786320481 0.2848598450226618
0.3639538541182785 0.7430555454563703
0.6465221796287282 0.49304064765795497
0.8082551711615544 0.10169650355293314
0.16568149089562945 0.8232895884111346
0.736703911241088 0.2889380229453715
0.7298198406417253 0.632653010912078
0.5598990715819643 0.8633286461979746
0.8176999644877947 0.46672608359128076
0.6300448538383134 0.4794875844927664
0.5972963920435788 0.9710353427729597
0.6609908274885177 0.20937406547712212
0.18963229058018705 0.7142942490367141
0.7431995731302805 0.6236377152903672
0.02908391078130501 0.2744238260986478
0.37812609553036713 0.5600168857206138
0.7461413395461056 0.9117890754080897
0.3793489625823119 0.8725658139520556
0.8453354430621569 0.47710805548833246
0.3316307983444946 0.01187852552456481
0.013438609485227238 0.8051623786503526
0.5128579322174716 0.611197318975814
0.30813349937800116 0.3924489605250834
0.3778015229951921 0.17198401958713316
0.7053119757431414 0.9235484393941131
0.2685153774005675 0.7993607639137283
0.39451045058407197 0.2949721513563759
0.8342779798429785 0.5373028085618838
0.9777171787166798 0.6956946298293853
0.34572448918128784 0.1703388688722356
0.328776258694383 0.7611403901441594
0.27483246947777196 0.6863156521296916
0.7502757160400211 0.5317105861683515
0.28804107932858813 0.3958412929884598
0.23887314697973272 0.31041228821358136
0.1394643696251161 0.02568532215808106
0.8130880904202802 0.7494068744914648
0.011095375402444763 0.6479977019854908
0.9051625962324896 0.5160805390964671
0.9872650374390912 0.6490416894301552
0.957700999851449 0.8141849819329705
0.1762908645271659 0.8914028123043254
0.4068225247784385 0.5268969261315435
0.4331195415656024 0.7298883535645877
0.3986719529145888 0.20103291748229757
0.5545134829223755 0.41601608664141065
0.5708967052964853 0.6345765639741121
0.4634786107484028 0.8942603273954346
0.17662491327939644 0.08796036737987101
0.13576437240387085 0.6026213879624929
0.9781423835412255 0.4622433233826133
0.6518726922683198 0.021243100959881245
0.4386257713638355 0.06470153980681181
0.39803719917561864 0.5396955476648324
0.4623131113769059 0.5124668810408981
0.2969137033300977 0.7594776570431365
0.48311747714097586 0.4661214713206232
0.72429604207246 0.2971787280884264
0.1658272846592166 0.6567672780832621
0.0457274942013417 0.07442506163083196
0.6509567539765237 0.7324923341386991
0.6357464848925132 0.2796182802210798
0.4683445832873072 0.8079600264690474
0.22772878514967254 0.31073123511477174
0.25982007009955144 0.44107284136752
0.8631171912081774 0.7173873647918338
0.6666084874084757 0.3010220301815567
0.08204670170303285 0.7557657029386093
0.20894232863443563 0.2038458118443045
0.3764204260996302 0.051063758927708314
0.7882471576808168 0.04120279614036626
0.951188440568058 0.059358810002828166
0.41554715801275743 0.9942517144532874
0.2984574359205021 0.8728724357903743
0.5224570193144686 0.15050651880381616
0.32605888859210275 0.5108284064921678
0.196065176212457 0.9272459186424573
0.5068499138199332 0.18572384850447232
0.5081072970799339 0.06960778128158296
0.6750041057464509 0.27270142552037946
0.17940096765497948 0.9149043236030729
0.34148225855160486 0.4800847691554395
0.4799036046111991 0.7423781891804646
0.7126187113281595 0.9181133666722909
0.42467058575712735 0.9979511742878053
0.08372221464797591 0.7522260435149681
0.7213470408531173 0.7163882301515623
0.02803515899540221 0.7600907413207467
0.03314576126029167 0.02638467493418095
0.676495438222831 0.7403497722674297
0.5145565504342828 0.7056071953566359
0.7109587658928103 0.24670405719792288
0.07844713508804735 0.26424103254294184
0.16557988796320777 0.3613851473144818
0.1816515600166022 0.16404546314929802
0.7175589794939996 0.619778183725187
0.6647587411847959 0.9822549867082375
0.41099748765385136 0.31134198443140115
0.9007150773690271 0.6019494560775607
0.9172469526658822 0.1353376542723952
0.2295093276068494 0.7500580081502137
0.40680369139156447 0.45233645891316643
0.6111195610616582 0.9637992558833741
0.7969013661034692 0.06801342998728988
0.6927526715416907 0.2814576365144015
0.7754493920836623 0.5036896132458546
0.8897814996835993 0.9666934612427218
0.7846068978464895 0.5942856213009731
0.7963726151019215 0.4313890831217899
0.26865166339569924 0.32796087158195153
0.8382220739472166 0.29210384797490296
0.8068682877442306 0.5361512775016561
0.8548035119269095 0.8507407836741747
0.7748159967152017 0.8170194108223103
0.7393324829241847 0.354804148198951
0.8552033828205547 0.33202511480848074
0.8672217086881313 0.27483307622449105
0.9223960106055482 0.3010961163194541
0.030049438151660723 0.05724169196991924
0.62172900027495 0.023214552729954097
0.4819437244304936 0.9207954915930763
0.5708393415398474 0.9826623175704254
0.2709981878551688 0.7329307791957329
