10 2 100 2
800 889 954 1494 1470 1400 1314 1240 676 647
890 1018 1125 1680 1639 1528 1401 1283 705 661
957 1121 1262 1825 1767 1637 1471 1324 716 670
988 1169 1316 1882 1825 1680 1500 1340 724 672
963 1126 1261 1820 1773 1637 1474 1330 715 672
889 1019 1121 1169 1127 1012 889 775 704 662
805 891 962 985 957 892 796 727 673 649
725 779 811 829 815 780 726 682 656 637
681 700 724 731 724 701 679 661 640 637
653 664 666 669 671 655 653 641 641 634
8 4
3 3
0.8876636826683053 0.76109552853781 0.8144438931030251 0.5893550549122293 0.45808833223237955
0.45598814459368553 0.8251991139525674
0.7287840201222642 0.7111371748460269
0.3063368049432458 0.2254306683098959
0.44706111185420716 0.9813375856896214
0.7759940624489103 0.6625119177383587
0.3198944461218154 0.5678950414098529
0.045916806263232246 0.8202362459623775
0.6749459974180079 0.637295732198196
0.37225503125450876 0.31270590775868756
0.3852301693699971 0.991812751003746
0.6840064660853209 0.3597509461497663
0.9250370022223107 0.4659815291151812
0.2050802583690603 0.26933025086643103
0.6600197718967018 0.7283802078612354
0.9934692750740206 0.632104147039553
0.06725086393902813 0.49097694946068127
0.6185877435102756 0.23428170000400406
0.23494690731129952 0.7421704680476999
0.30684305543300905 0.9584126759232694
0.3990785383794939 0.49579559209041624
0.14243101920554757 0.738471041909728
0.10785839168485034 0.9107414890253684
0.8751869516569588 0.23650031741291655
0.20728076278819096 0.5452426673946453
0.8374816843647088 0.941112339865473
0.8887740691508033 0.2661194810518006
0.06398406148102853 0.05420059474025085
0.8136975131789199 0.7752475980185689
0.9457588566097026 0.0529775010946687
0.9927013867699281 0.8164266531162525
0.09339366448513564 0.6163788550623177
0.3780557871431036 0.5042009701099348
0.4058357277100204 0.8453367671248677
0.3132155081472694 0.07242241748782274
0.9460518172553452 0.16792292997050207
0.512046994073164 0.3707097747030308
0.9249745785497001 0.2660396897054371
0.7386728411755403 0.29676257931985095
0.4569474128565223 0.4493575350255987
0.24947498541491075 0.8990572248733233
0.48302039864900337 0.1097891485058129
0.19802560055759466 0.5693189216402024
0.639570706133475 0.22010392778468235
0.11844880832043514 0.6927852223321256
0.25299242471448435 0.399497567484024
0.30193187379944364 0.35029229965658026
0.1208829263714637 0.19245441270211527
0.4653420907985417 0.5268519364196502
0.670318602926929 0.5431928369984191
0.44727252826071817 0.8121537768934162
0.6246881657864285 0.543099973739753
0.2092297620631145 0.6070599732832374
0.6185855132353 0.23110318127857266
0.8598010153079592 0.2630447235281941
0.39035751618435177 0.9778007943984057
0.936180723607736 0.2024513223183646
0.7806561031234067 0.6981011092413427
0.7844783102567849 0.05521418559562741
0.2516569136275044 0.11941414547861795
0.6537621089059602 0.9828075482678171
0.5270759265355647 0.7641429659391186
0.3025103878684918 0.2823897067892338
0.9037129813253437 0.8123699986068564
0.7896444181569144 0.2746888272602124
0.006938904552151737 0.39016198512534395
0.24298863056442155 0.3771359553811453
0.5506164719014661 0.830935620314394
0.3104085586464367 0.7606173471120943
0.20499280005917586 0.09851775138821717
0.5485998364886102 0.6419966387830123
0.5220122796118045 0.350305143068417
0.6454920009592786 0.9793273607897213
0.4980576169262949 0.6278031709119019
0.571232212862504 0.27241637537697283
0.20758872180769083 0.4538590781680212
0.03542794797244686 0.6410555403294402
0.81776506658277 0.6565880638942811
0.9211541937369303 0.7074208350196338
0.48432489085061836 0.3275664430075689
0.1276260180382074 0.6727232390180371
0.12044934790565498 0.3563578015765425
0.7463093577861151 0.44672117146596135
0.1497995155271017 0.5893787844717548
0.6451401988973957 0.8795826314142068
0.8336956170360263 0.3134036377372107
0.9445740241346308 0.5002469053169563
0.91429256375381 0.3063328123561815
0.25144744379488304 0.2558261753126916
0.29820810329509606 0.396932971831095
0.7461725294435397 0.10237925325528696
0.3703013891618292 0.28687216240699653
0.5240250492035443 0.4632126100503342
0.17668201839510633 0.8140516613886728
0.3474239397967118 0.2647199329392147
0.026828330114786025 0.24581724079413259
0.28089783346993125 0.4292711041821937
0.6306461047044631 0.08380612913709795
0.7249170705094283 0.3873981847827732
0.3741777205944823 0.19094732694307748
0.7655143522077721 0.5162139526935563
