10 4 100 5
941 1026 1202 1107 886 854 894 774 868 813
1066 1286 1398 1252 1248 868 807 738 703 848
1143 1528 1552 1562 1260 1016 976 931 935 637
1409 1625 2333 1544 1407 984 896 975 697 776
1142 1436 1533 1445 1126 1152 1015 806 704 884
1232 1318 1369 1087 1178 942 902 936 716 639
1022 1195 1135 992 1073 901 739 953 646 635
843 905 1022 1061 910 969 881 765 657 775
846 941 994 885 941 746 701 727 844 630
831 931 897 905 768 747 881 754 777 848
7 9
1 1
9 2
8 4
0.3145737521053185 0.6663004809898003 0.5819660371029818 0.9897607305029668 0.2770612483419651
0.8613767177328098 0.6985840540900905 0.8884721501637534 0.9497881227863341 0.18421129346253695
0.8023141829918179 0.49879263650852046 0.784405876241913 0.42322512065439943 0.44151706539009383
0.46311485885173065 0.2379913309239663
0.8632120551816078 0.7863287994066217
0.10729041285512442 0.3812229869112713
0.33886627993655094 0.9083162094589723
0.6732536466951367 0.9107862735627752
0.43609241262147536 0.27032245686842793
0.8024303188123714 0.892580823926796
0.3783157783211979 0.6923073361118091
0.5566113125232841 0.7661126819753854
0.24757325746881387 0.9169836454875848
0.7850221674594928 0.40386800813314827
0.028221666140186397 0.14661673107019868
0.634666105072736 0.0025996024121899275
0.6090325118590421 0.969536929129508
0.4033587292126477 0.7765981635864516
0.8237300891616566 0.9594351670219718
0.41082880711456893 0.7965129982921717
0.008098699559350386 0.4090903002347641
0.08416973026597363 0.27315277964847384
0.05815835517864598 0.5699285511548418
0.9816247374380931 0.7560267356963772
0.5895440764438626 0.787057523584084
0.7311240141863387 0.019644991209893048
0.974055930549609 0.05445802307055114
0.9662300517386024 0.17435411996621064
0.34081302315560214 0.4174020813871846
0.31621995354556254 0.3308131447661926
0.3564701389547278 0.8245056922997251
0.0017151856637438456 0.9845290838911935
0.7979244547958404 0.06084403352798229
0.24512743674577941 0.17934914617825637
0.18988633431618873 0.7537817143743855
0.32927014695316315 0.18207648123984144
0.543855459593297 0.7540712923171085
0.04772808368158277 0.7793527003238967
0.48478977459434147 0.7115366868079467
0.6701911188384031 0.7125282979276437
0.6150433584962576 0.937345142346663
0.8992295420589278 0.12650812990643945
0.5622583165911106 0.7232114849524651
0.7394411853387808 0.523696778558767
0.5160554342718326 0.28949239247310743
0.5133044399716973 0.9379086923649396
0.5380571258989086 0.4916251155051019
0.7843468184416535 0.7914540331555773
0.549316627331861 0.12305819568874221
0.9019973207509653 0.4811413959081712
0.3511479616045001 0.8799720187047146
0.8747698865892466 0.8911692549982877
0.9272218524798335 0.24942281460227056
0.7464565381061425 0.3490454211012266
0.25529817186467163 0.10333946979277409
0.9281302179436421 0.4981289946733338
0.29326704268928383 0.38148283943368977
0.9692048425399915 0.1629479641048901
0.3634011892120643 0.6289301072037905
0.29773447451080703 0.8756120845598887
0.51922317586602 0.9392264309359288
0.2178181731773885 0.23485458148316551
0.9214054817095854 0.5981136250894721
0.6296804250991725 0.19676499978563333
0.08000465628129372 0.2417114132894167
0.20690733065883604 0.5511736722251166
0.13083981213758644 0.5204070362650497
0.9536642071974006 0.14531868508689372
0.8103342231639337 0.3845494273507988
0.4265595594134004 0.3609405891525761
0.821922026691783 0.06360255801049175
0.6320962979533282 0.8528413188542316
0.2072172896512019 0.32712148405270214
0.2938819173157119 0.2637813964799627
0.2147989026770214 0.3828369474988367
0.10155463257853103 0.07743374402264802
0.9396455486380406 0.6171833031227991
0.7556958413821429 0.7084823055908116
0.3986083623153691 0.13174727093354188
0.4077347025524658 0.1477654458662938
0.44439038658511154 0.29579309123063413
0.9893153841673534 0.9661881999286708
0.4273398571286273 0.5473143082364358
0.7879663969050827 0.20473200523697543
0.18818493268150727 0.34466536212513166
0.10548934909452146 0.4312671208148473
0.27748320585289266 0.8798140705772624
0.9912532866451249 0.7381247017267449
0.4156287950721407 0.15806541426377407
0.8690865464547008 0.5363500481661139
0.563449660935474 0.6262913519276123
0.3005258557160404 0.5806422395796436
0.7928468185970825 0.04775794473942052
0.10968016949873616 0.7500786877594852
0.6366411948908319 0.8066413237310786
0.8485557497647422 0.9305612211307268
0.5829054547991392 0.4669210121990006
0.8682182167379093 0.02318334891962115
0.04650273342518352 0.9586339855233381
0.4685196736778676 0.32192954670873153
0.8713013414650577 0.8801305872199878
0.4163273631385642 0.37185147567965515
0.926229975157995 0.01016849704227396
0.03992522456329084 0.41301765665821244
0.4487719773149703 0.8648739449478979
0.5976484645314182 0.7529942848634676
0.17637169963042365 0.3524961335942973
0.23519020157229598 0.7414875406141743
0.25310068975903044 0.12678127197846423
0.6466547249501973 0.5840296488138588
0.5040716701642742 0.28542595049320707
0.24045549047275006 0.010689265775102985
0.8622903413072007 0.07118203415003022
0.6665272668293172 0.973210577374988
0.6543493121611068 0.5085732946492814
0.17537500361236869 0.9624047851261757
0.23986691492138634 0.15786980374461201
0.6170944479536529 0.5420479010961441
0.3420414769210154 0.41297097054352694
0.06955850539798769 0.6668217010357012
0.9005886295501424 0.5027534563579743
0.6707988780059095 0.7017170940437718
0.8583349959729554 0.3336919089816863
0.18006755831575805 0.8593314065208131
0.27458390678611955 0.948891973551039
0.061915851140198264 0.5551584844770001
0.05512178006550239 0.8230466146262785
0.4852504962902868 0.13208754903768716
0.8058019613136627 0.01731564500464189
0.6079913176737082 0.8693784823339259
0.7118705518632757 0.32404170441589275
0.6696224825216077 0.7092343931734262
0.38027252824380775 0.3514720276751184
0.8180349656799946 0.4988287802001454
0.513429542244688 0.3131414851233063
0.26541762219867815 0.30688418918081983
0.6231335234988771 0.4576558576556855
0.7116105972877886 0.08929560678312387
0.2763242059402171 0.3096517718419214
0.013295204506070135 0.018065908452029378
0.29755157332336246 0.8879558980523883
0.4815298747490422 0.45583443254565603
0.7737112072764014 0.9826469466791559
0.8755422916785558 0.8177103239409034
0.07045786316639235 0.18547405350450585
0.7910670894570679 0.586179081947831
0.7265457712436425 0.1384646442139279
0.09798707578369337 0.1986088714393528
0.14018949127352398 0.9344275028149007
0.7211303763586647 0.5346713036509545
0.13927335385228767 0.9107265051855351
0.5404122647693781 0.6370943179460633
0.5727055495052695 0.7028941080020592
0.8166540346783429 0.9337535077748831
0.7122665925960119 0.5827205341287081
0.9756451791753877 0.11111509275321763
0.8443588313812052 0.016722040463162946
0.7369987758502843 0.45829190588869206
0.8568022523217391 0.5500868969674113
0.3246990534367584 0.34546484228843477
0.635882222979802 0.4769015886254351
0.9528629898741734 0.6461576536598936
0.3906989666773233 0.12263542291674856
0.3606072704266401 0.7352467496287522
0.8292843315137948 0.4617929674872854
0.5148916242037855 0.6352488003016901
0.36143543630188746 0.5128567978393159
0.08987902745335519 0.13299500987985602
0.17859167726062286 0.6486171848347104
0.820682899589124 0.2693543856264937
0.12097665994900164 0.18129422391114836
0.5301999210149237 0.284284170567662
0.6397921762196921 0.9047385843038704
0.25129425515975057 0.7203478422954235
0.46222151139846823 0.08815646638390096
0.22146141942310393 0.8797439372184137
0.0069811648513116165 0.32751165143111893
0.538010401667278 0.6255521394216523
0.16734671348511787 0.47135024786014323
0.1033227595667412 0.18026979915912134
0.8124620299713137 0.07334735831733052
0.6416169850381375 0.5245508589899839
0.8107361148573045 0.08525136636917785
0.03470343464790404 0.6944366623026443
0.06954016019111564 0.9856578840032324
0.23061372069223363 0.3010058743293924
0.08332422491669456 0.46304322575311896
0.8250919648815263 0.9583070141027621
0.5169655312534458 0.2786997732586671
0.09655504475657173 0.5620063585765285
0.3174842875422694 0.4795991919581102
0.9401531441870459 0.30101454099608094
0.7916329506874555 0.4422225212930946
0.8355545011028658 0.6568779374472804
0.48920934560693086 0.4284421388042854
0.422144733247672 0.87115852191498
0.28521225492687985 0.13913075062466929
0.48769181168677633 0.9273088313482392
0.6521295322348368 0.1760696141014162
0.05325620182134472 0.6823182864198356
0.24019236283756173 0.8370127027082959
0.25285733031056834 0.7904169318890999
0.21177272853461693 0.8074556062007849
0.710253028852839 0.9897955316800295
0.45227915467919955 0.0002110305371569865
0.3146755299454216 0.5318071047461372
0.09687068573155155 0.5944377762237767
0.6600625238112434 0.11576998921051929
0.40752248918208367 0.1976869500267513
0.7021097866408497 0.3524317750420809
0.3589438872382782 0.20018980281505905
0.31890712989875425 0.5626936936237084
0.05712637439727963 0.10301096226983786
0.28211074948423964 0.997205802503029
0.4175486854910846 0.07868162180614546
0.135180332654804 0.5707379848285561
0.2778674035946873 0.9823027907790545
0.17609849883097217 0.9062199174001591
0.6898100872181541 0.5954355505201514
0.9135321145148658 0.4440228869918186
0.848874364873764 0.5006727697118585
0.3198851567010166 0.46450264504895045
0.716830903446187 0.5092776892906041
0.9081013773593392 0.5446330999265707
0.9429923613187019 0.28126783065417804
0.5108556885570845 0.8692236702314471
0.5472918968748035 0.913635687188987
0.9467370088361773 0.6973402931247341
0.9542698059813537 0.6001277957137119
0.660374182684341 0.7288618826805819
0.7916742108575345 0.8690817687592527
0.13976963898544015 0.7906239304958977
0.8878696424718555 0.5000911453175523
0.7294988281837298 0.3724370050949133
0.5838738837057964 0.8314362223293734
0.958272280535158 0.995759409099439
0.291677061857464 0.1521092857930335
0.7694822922825102 0.386032887220948
0.5420976410007308 0.9865827119137298
0.29614635881916906 0.2648646470802085
0.28449213424808306 0.5870250023346679
0.7835155813876582 0.7344292091503057
0.03640728191773657 0.5712537701219298
0.19469772257427076 0.4346236396427283
0.43825684361808714 0.6540086775830753
0.9377114838626339 0.04505551969188648
0.36577908611974874 0.9189501793776533
0.7392104810952096 0.7767281813559284
0.6190126888450631 0.5047355823151483
0.28510693370272966 0.6667078272855353
0.20884788676162525 0.8238410777231973
0.6539711739934926 0.38548121273448444
0.07131514141757922 0.7127979795339359
0.8302962239456311 0.651341009252496
0.8192504711543649 0.6684693956601204
0.09646459355898163 0.4104550422937219
0.6117486270846186 0.2002131982977713
0.97293066511698 0.6838456927623577
0.910942296293276 0.8291996685021663
0.4181707135236865 0.0896559142765807
0.3888294252380873 0.4686895094829693
0.31139788608283303 0.330784702907023
0.4853586005585626 0.4222678771388306
0.527219743054608 0.44793794225794814
0.5725343741688838 0.6229555523661585
0.5281265628316478 0.35211298330121177
0.09486096398499977 0.5442702614576971
0.2868233663820623 0.01710819607114633
0.48739914761283765 0.5698750358021729
0.5886118656170174 0.2856169734051295
0.950557416441163 0.6290960315094885
0.918386934579206 0.02010325744945818
0.3753157772258777 0.4701982111310252
0.8310003739616685 0.9568125275783035
0.0288934318172267 0.2657644191961397
0.9881719861952032 0.0508331572373415
0.1875308020748352 0.08447708409401433
0.656760085323687 0.42815356754803013
0.8151501309543427 0.04954004854114791
0.7607885379696897 0.26313409368471263
0.6485454900160872 0.9890275650102416
0.49867179449432886 0.08834818228129215
0.17998596526479083 0.9545188583759292
0.5443319475779071 0.2051215355421736
0.7847762746455786 0.7315081485476433
0.12323694173495436 0.8716521606964776
0.961074036377094 0.40271985216682893
0.4070888549145384 0.17966151154732146
0.29878912559917237 0.7737834311109972
0.5613645713054287 0.3669815771091325
0.27878726049143876 0.6097155291689136
0.16958874510037547 0.2779069884115386
0.030360936070369382 0.6040018691398752
0.6626919571925611 0.7998999843743841
0.9617818261849815 0.23984830380194322
0.6981131551837607 0.155662072561928
0.581789747400627 0.8239218642540111
0.6984859777015087 0.9511631329756756
0.18753016550438195 0.3842910210814354
0.25898208419420166 0.6290499802943412
0.7810848284872738 0.6130560531809437
0.8653377732158591 0.8452955299486018
0.019143286373537904 0.3899206912831539
