10 3 100 3
959 1018 1062 1063 981 936 1035 948 937 1026
1008 971 923 911 1067 1025 1067 1031 1059 1031
1074 983 993 960 1002 1004 1029 928 1017 984
921 920 1065 1052 957 1008 945 966 1001 935
951 1047 1018 933 1039 1071 961 937 1039 1014
1017 1010 1018 1036 952 1036 912 995 1036 957
1061 1020 919 1069 1050 955 945 991 1028 1061
1012 1067 1055 1075 933 1032 1004 928 1007 1014
1066 976 985 1063 926 1014 965 1066 937 1040
972 1048 979 1042 914 1041 958 1053 1009 939
1 6
6 9
0 3
0.7071731790765399 0.5909258665264241 0.37613015264796107 0.4123799787520674 0.3889150647381858
0.9323763652152464 0.6846597975947253 0.9950501912116978 0.6295058675683953 0.26937604397457077
0.7858672322106621 0.634256807722523
0.4587485404906013 0.4795523164602815
0.6411357971286007 0.2915196087305809
0.13764161049587753 0.23673275596089316
0.600353944489284 0.17458836627520635
0.5556652699013938 0.40128247714904086
0.3918580852992153 0.7394852006934047
0.2862757991917617 0.5574482931539642
0.15033231689085635 0.7604831892850237
0.9999317367693816 0.5020182134274882
0.47354295841942773 0.5184124061638877
0.9557026174428647 0.9414758388289053
0.5085109925045981 0.8135562268968513
0.7259633538938257 0.9355407883298377
0.8337637768860526 0.7988246728057433
0.01682040416182584 0.19778011193510547
0.8618667191577107 0.652385294959994
0.7794719268436725 0.6887204126983211
0.7970978130183608 0.4414724316216252
0.0001487948948333262 0.16696762455711123
0.7800945047271464 0.5689351047998079
0.8851916015521262 0.15735128513841068
0.8826744195171294 0.18352131648327275
0.3590361968766984 0.958502596971113
0.5557644360232767 0.2207332194248972
0.43979643702891913 0.6673816962164028
0.4477705501780853 0.3674498096057661
0.3705677619539425 0.6732951716737641
0.08456077199033807 0.5930597445161905
0.38742081884206336 0.07832265211867306
0.37030565799185067 0.07399318596905169
0.8698590868831471 0.9124319944153747
0.9223030874279572 0.07271554448682083
0.25284534804476677 0.6599761157815038
0.3760807615528765 0.619834674923261
0.826616839536015 0.6594300835624898
0.7664852506513251 0.15814465889109885
0.20430927759246909 0.7928451053487326
0.6482821746294969 0.4220354783229574
0.1746830542197444 0.7839355818201825
0.9326046860914143 0.7494588949522878
0.9584427009142198 0.20702325135152688
0.29716579770161555 0.9848847972729173
0.7983836544367235 0.16143104518342488
0.21273513713497283 0.44652235700016485
0.3194965678611481 0.6209964300046962
0.6125858031172926 0.9525601978202896
0.18049682518236398 0.24629767203234354
0.5308418009300033 0.14076686715211628
0.7157202733321706 0.3359510885888646
0.444411740829876 0.8052367512572265
0.8607878925535837 0.5177339964015895
0.489063005410896 0.6022653165818643
0.8317151650137877 0.8324825356639485
0.14402919627014565 0.45818432508206985
0.8617420024080038 0.44619779001934723
0.367593489640899 0.9267261494765064
0.9602969452725647 0.19159513560420138
0.5184013711881659 0.908546437311571
0.7343234341840894 0.37230656123498784
0.45645341614310664 0.7812969109140075
0.3491760880425432 0.09777706408563791
0.031275644100486444 0.19625916121153675
0.5632342498609464 0.4907283130217368
0.03756156827257917 0.6165549615817285
0.03522054940100783 0.6292558149019387
0.42009966291200107 0.017769576229550887
0.9081458771869697 0.27023548139703846
0.7615302892734241 0.48905655498892675
0.5005074033292256 0.7762640787696022
0.01213428384113957 0.866047804490133
0.47990133670342416 0.5141642967471001
0.7070257580066963 0.5035335543713617
0.8447840942048679 0.6201303277793018
0.4545303717760316 0.48010878965255754
0.44904716940543365 0.0663520754386111
0.9711132590156095 0.04961691247825284
0.9246537801899941 0.9034219553044187
0.27522385943654304 0.007808768083203299
0.379852045404917 0.16699502636702035
0.5569834000522984 0.023190420933736577
0.2774404940672963 0.3692636165711882
0.1368886980272923 0.44316883808480023
0.07804646582028818 0.8822051524381225
0.37207419676393405 0.773378316878486
0.5636244986137997 0.17593042886693833
0.08234056970457537 0.36115752348343566
0.2542637665062575 0.6580471365586407
0.02449244741028056 0.7859068784270058
0.4687528884891836 0.6839408406051393
0.659824700422234 0.3504692346394722
0.6859968803101433 0.43243925173869724
0.7163324225030616 0.8064751258824625
0.13831761054483782 0.028510242468801295
0.5030063156710034 0.16804551280611535
0.8404395909623801 0.6746490745464846
0.09932851822638966 0.3734668635157763
0.05050964306832095 0.29559967200513215
0.894167655945086 0.749412849814094
0.0906078904722889 0.03977999415877287
0.7386315187377863 0.3694266926907468
0.2963333462694062 0.2310950474794362
0.5966155001991176 0.29351891560926835
0.3315942716945832 0.9521385261668247
0.5025526691148468 0.37580923971804703
0.81768798790516 0.8302595158529733
0.7937485754762119 0.536744213505717
0.19135089361809476 0.47191642896769403
0.4018609772567123 0.016546819472134988
0.4388921018751526 0.9287183034674522
0.29154448671009114 0.3395273752991106
0.3675255984402568 0.9448753754297092
0.6633099876833641 0.8437154650375378
0.8028614451489888 0.11833861493842912
0.06142561445385053 0.12690566094168743
0.5021554469289289 0.9424683362375059
0.7593307144099459 0.1661040420736819
0.2301734105406663 0.24992621175172758
0.7049654450706058 0.9468698610389141
0.9772877831954274 0.06830697911113415
0.2512498298971293 0.7967877684543652
0.7407657912132304 0.928956498458239
0.5241108501036802 0.9230529516542509
0.6291259328584202 0.12865718559847905
0.15962358493347373 0.18624170315527078
0.11293375200750666 0.7470720744647925
0.8689313425060454 0.34184265708295847
0.7475449074273337 0.9846047087655772
0.37229785612753785 0.19539567101725974
0.8171872284287773 0.5685557315392757
0.9552314438300167 0.889783960348981
0.28053560319880866 0.2087996132709875
0.43194223405719834 0.5643944430589587
0.03814064140996032 0.3914283826172611
0.5070878593427934 0.3521064744238376
0.05158719627529673 0.7087396625338775
0.5671583929558337 0.7997641391143335
0.7231485712521721 0.6987736294717428
0.4066955831763963 0.9256887701654513
0.22930583551859618 0.1312005416798232
0.25851563877195205 0.7104507666464452
0.7939113791841574 0.6944694465895891
0.39499825665684707 0.8951407853679108
0.5744282346217136 0.5942486305002539
0.28562513687532887 0.6787053224600113
0.17519154563469153 0.024621688773548867
0.11579452562846093 0.980664249692357
0.3798636341987687 0.9932759268982245
0.19972726994885837 0.968858555900453
0.003315094338754321 0.6798981428224875
0.6527697337994594 0.13198145417362706
0.033838549178135446 0.8319352529325275
0.513611045479403 0.6356443496802258
0.3173007325597266 0.39691180139275906
0.5449798758369018 0.4426217361755702
0.9279434545637006 0.5766956343690495
0.46438552366891384 0.29931791200047053
0.3025205889357876 0.9007004452088185
0.40725142908149836 0.5009715430527131
0.7586297196042544 0.17170040934700426
0.2506759463604811 0.7005474344524021
0.23764165842518326 0.7363982438298926
0.9514861421546799 0.35578971144055505
0.2952503351261673 0.6355243168535625
0.22462022033749252 0.3721695996837504
0.8188532604581908 0.8111198299252398
0.6152517906110797 0.9039473520999504
0.6900310744883467 0.939806084067506
0.2784944180715454 0.6332419307634332
0.7355929605621572 0.2408612795141325
0.8250501929296832 0.31088362526050695
0.9546198873685665 0.6566133359149027
0.8423672266746995 0.37736249849763115
0.31221697765562517 0.21147137303984986
0.9881640732910755 0.8992404719272677
0.7725157422548588 0.5605678809411885
0.25042517192558833 0.45712673573719953
0.26113053411874065 0.563064758689177
0.3567579841622519 0.7534434725270507
0.9961961879536876 0.6153576428243535
0.4894509916746401 0.6551377051058189
0.5474283196824754 0.8018742886947756
0.3181158620560869 0.7644765853848581
0.8090238090262056 0.8081948891671096
0.10983033339305703 0.9748933075861619
0.46489441246922714 0.6419346568983815
0.36622172958264154 0.5773866895822866
0.25424964282773876 0.6332023904432369
0.5836513364739075 0.34594844796682644
0.17080404158501405 0.4697956492140696
0.8339555582498606 0.3207490294368798
0.8626094379143505 0.8204530659720164
0.24232903025159613 0.9593471342811961
0.2680733127554773 0.7212926172721161
0.31379972171075887 0.4063917023631125
0.17160494980800944 0.8460887510053294
0.31921704426927433 0.5094647593723833
0.7586578669681139 0.5132111668105797
0.8899438246709852 0.2599185220803095
0.6302518225626812 0.8390612505137447
