10 6 100 3
1253 1539 1150 1064 756 694 399 526 541 481
1641 2110 1791 1648 985 923 661 590 306 391
2175 2499 2263 1737 1443 1089 578 410 503 452
2480 2472 2453 2015 1358 904 733 747 406 395
2320 2708 2423 1814 1251 854 778 667 339 456
1870 2268 2112 1705 1342 756 528 603 376 279
1484 1594 1400 1204 1111 912 556 368 303 541
1146 1115 907 745 750 577 542 426 550 560
839 919 643 852 538 420 457 441 412 360
566 521 539 517 540 598 667 485 597 288
2 2
4 2
7 3
2 1
9 2
8 7
0.4375803295640661 0.40958904287798675 0.9600477610485714 0.43485932693216345 0.17693130750080732
0.37689851266083557 0.6960876611598503 0.6099698149940318 0.475682895509421 0.18940128689257885
0.3476373214161211 0.5421117358089694 0.3668647131255822 0.7494860127293614 0.4241930935705276
0.7323149377876874 0.3833086054092659 0.9198787284497134 0.4339152435641291 0.17077217216652596
0.6751707253241821 0.9330516909301234 0.9834937763544489 0.6616642816578997 0.40323706735415366
0.3842115634931782 0.9079142427690645
0.6953625559548946 0.03061126643186407
0.8285296947527145 0.6551163842189007
0.6682088181854757 0.2621788068113071
0.9879248217142982 0.8259397251495721
0.6222123123997885 0.5834332173817998
0.4299275176211377 0.2921192241842834
0.2480851916252227 0.43069852125698094
0.32729574756278 0.9962744633370364
0.007516842841454707 0.5027747101396773
0.6762718128910752 0.28923303625173125
0.610394014537786 0.4329285055806791
0.9159305091642183 0.06749473456605126
0.1954176180795899 0.12325385340438744
0.3737455256272777 0.3186028040038207
0.26791878545533065 0.16143319491667896
0.3430441126745911 0.48776718763762705
0.43609046204615676 0.9411453394308065
0.924599162204963 0.47365520595039046
0.5582123211880765 0.28647495852042026
0.4958159185361328 0.9360262728258719
0.6683600042334328 0.006002414169311132
0.4690387210577309 0.8240899050719046
0.8956777973820622 0.15170005554467614
0.6449899154752936 0.22090484053573323
0.20044690014271893 0.8871562500877057
0.8456263985542658 0.15849227271382316
0.1760749681565852 0.3626669388941002
0.16133852777097402 0.7806290851408191
0.8803869256262797 0.8542928935700755
0.03889950551786803 0.02485708343012183
0.408471463868771 0.6573838979730522
0.8232718613661743 0.05043616727595657
0.17229040596946055 0.05563002294536035
0.10590545168170418 0.31138301225960174
0.6675810136582223 0.7614354060176591
0.9471000451389981 0.9360166395817553
0.9166452384713839 0.9955366846397766
0.7832800697594864 0.15766600937437247
0.2553553428958526 0.8195960587486406
0.794334232696249 0.7713438940649702
0.11666267280563214 0.355039299813267
0.4878892901303735 0.04724975661224651
0.6934397229034572 0.8100415784869588
0.4555869922197393 0.8043925782850496
0.3535257971778576 0.19705977738467917
0.19327203954659056 0.7814914283541485
0.6493643326010503 0.3777141698477038
0.28523318637932205 0.3311135938649714
0.6581508436667987 0.7328137023005963
0.9473148070923008 0.46065163240696694
0.7311279484586777 0.24246554143016819
0.6100598153281149 0.48911442546541695
0.3768512235882928 0.17166898277419973
0.013021238476779606 0.6945348867878505
0.16147881620796212 0.8406726193940641
0.41188039387606 0.5679996932786622
0.7258342614038891 0.23662017259996415
0.5847886650507577 0.475689011929592
0.29177058589037963 0.012872636083932854
0.659333837639509 0.6447142908505814
0.8240434282886608 0.14792617411257614
0.3359501014785504 0.5470539154963092
0.20107697506664501 0.04150227992955724
0.10829499031292156 0.3020941414920508
0.6741176132375093 0.7144438853344737
0.8310984377651713 0.13530496674925963
0.8248051324451287 0.8399221637672742
0.42907663477499414 0.4725052263001248
0.6246794147899148 0.9330358681045787
0.9905855134929293 0.923482115941519
0.3545561287937429 0.48233214853198336
0.02420704705342991 0.369193678733269
0.2547921022434996 0.8827877625178797
0.16396127281352268 0.6845631530533065
0.6541793871737507 0.8041704594543395
0.724040996202594 0.9608694520254224
0.8002379997777991 0.19173988491595817
0.2798512902425154 0.3086974665566211
0.9689541254941783 0.6253391986486609
0.1474621179502209 0.9322156529462384
0.5096602219217825 0.27841951321773695
0.6887098587883844 0.47567085288083244
0.4531126702366268 0.11540263353969449
0.8805520479998383 0.816820170127194
0.45392712001093116 0.6897479713299288
0.11174237769752193 0.7607520142697166
0.06430568187261998 0.5709189692057068
0.6071805108634432 0.5323449619402967
0.3609468534048439 0.3981941661125319
0.37213263257399065 0.4058142880514206
0.6129462654883038 0.17494291544746665
0.16115955887789357 0.2171199746449035
0.41170772482720563 0.8484511185603805
0.30379025301682816 0.75994433129538
0.37153396061281296 0.9913094745640749
0.5776024239481519 0.34274090098389
0.6610210204814513 0.5538200416897499
0.8424102073163706 0.09454971662655298
0.9697869504697048 0.38744834093140956
0.22769404424890372 0.6782505744831935
0.9835556935488872 0.40654513588321706
0.18655567136823992 0.032444931901552954
0.8562620879529101 0.5088739924801233
0.3155450717796813 0.2811335099153822
0.33825736889900915 0.8145246010048666
0.2919511520213627 0.4042128739930857
0.23024652825609615 0.9665155991760626
0.2023246755777055 0.9427036788800414
0.38820543672731156 0.5216634253985879
0.6137596746655638 0.9739895293938288
0.1756154899333564 0.8899409811310186
0.892592526221476 0.5607276531829837
0.7214223808574662 0.8214439131314735
0.8352406444122418 0.7581021824441181
0.7420390459753234 0.5311218524908559
0.8793348102162644 0.04184779852899467
0.38023225490173673 0.5956017403925256
0.5195896613292967 0.8366697155163645
0.5459908503909863 0.6281420365889308
0.5904248492262008 0.9860095029074132
0.5927973900456416 0.14180676035157114
0.2603740433255637 0.17184136864809685
0.9384573117618558 0.8650684141766243
0.9229767999557845 0.9091874862301903
0.06073185552791571 0.25550790192326645
0.36805479817848696 0.5312870546255777
0.773530484679386 0.4244273496885853
0.2771936689858865 0.5678292276959851
0.7003879790693721 0.09487508560967184
0.9548955875464196 0.16960768208209687
0.6823900758949997 0.8803787486870376
0.9837992411989893 0.46334628008275414
0.6360201864605444 0.3299398163156879
0.4849198860030024 0.8993385769211011
0.296308258289806 0.6989124407231171
0.6963948656603081 0.7230788022300696
0.9336097331581266 0.6020114963195979
0.809344104318003 0.3528167342864146
0.17617837089392574 0.02502104951303008
0.46243338095794373 0.47038081986135327
0.579808853645857 0.17219370630188036
0.8125838905870526 0.8668421723401063
0.8806706235463926 0.7112795273198187
0.1616328787123058 0.01820308627387046
0.48553847647706694 0.19539275136964207
0.38766305874371465 0.41570878170091285
0.8508964513506212 0.726477120765266
0.726972040730028 0.9070710597968699
0.5545256340034985 0.019267097039139536
0.5609096165263863 0.2642078192648296
0.6775495278412562 0.8600543037367665
0.6174593176281507 0.16805672658543447
0.3905664334680512 0.7610170040289899
0.5460534119206704 0.5161579414361028
0.1285264570760325 0.7679812401897779
0.29022915694068563 0.5624705815380096
0.500339459365051 0.6886809486775953
0.41733395151379793 0.269298060148359
0.11633536510773301 0.8850610111301973
0.6907643787218876 0.6443550211691262
0.2775911911225595 0.7378893836194307
0.2986072799455419 0.12761746027300935
0.11922889041219165 0.3570236705255818
0.6553500370998417 0.7310381110016235
0.6952118123887134 0.39431410068553974
0.011377285245760094 0.36417434881583555
0.6346423837368933 0.2748054256455754
0.887020507055682 0.9554325271398219
0.20286717435293 0.9931556015897691
0.1732324525585447 0.8501923558251312
0.1624503807305302 0.4662264461578145
0.400915234800334 0.730414220369827
0.4938090676915843 0.7394019478287155
0.6172218970685439 0.24394326289884183
0.44045145992039014 0.8085904683987646
0.6626627820926125 0.1586787598086008
0.4134448265907187 0.7317726167398626
0.17880663546013742 0.6335073849627919
0.4809701253257248 0.05199945873109213
0.3541384552704081 0.1847453770766776
0.6651338302943668 0.7608012622257962
0.7264004334168666 0.8285596491480152
0.12987658212130038 0.018577221877403183
0.2878609645921153 0.5170935474250795
0.4186030460790344 0.9420425726471016
0.8459704279262303 0.16771533476216116
0.008406403786767935 0.3207072514796292
0.22923549363277695 0.8256982957028691
0.5891880179132052 0.9330249068331067
0.36348782951606307 0.65856680005999
0.24218069809590048 0.9349099557203853
0.139627762515371 0.7985634974060398
0.6984789567858396 0.6881134728259499
0.40551204800641183 0.123922153369733
0.05394898647257507 0.5776749235560783
0.16784720450076862 0.5060384084572576
0.9086567132371235 0.3268868468794297
0.09057837764008059 0.9504362169382272
0.655472304795748 0.5872361360979255
0.3163655178034299 0.24131370002690988
0.011332931223142717 0.4562145101296191
0.7507338606477998 0.42427821186047887
0.6026455434930569 0.02519584834513844
0.5712877738615347 0.8548121574820644
0.9525019481828665 0.03550244552935089
0.6690831583295651 0.5072901258249614
0.42997840187990044 0.6632534583002248
0.37559681527121525 0.9410516962608149
0.12119823662051332 0.5319886668850313
0.13807790519941765 0.281163132468482
0.021066793977888576 0.5845575351027357
0.611242413822622 0.2481431211506131
0.09704943487243911 0.5365838683117108
0.048659998064412235 0.7398753050578484
0.8016627285300522 0.17437392774107097
0.23756066681417964 0.7202325288077338
0.7112811045444027 0.3222808621889359
0.723185293395298 0.8662405442205783
0.6411586674174681 0.8001738091669144
0.05446971406061807 0.8890863572978136
0.12187553433380605 0.48325198406791237
0.06846870161200092 0.20059293390711486
0.5423466974257944 0.4000248064910654
0.26755239431757927 0.23097252320929118
0.6661034444298326 0.4314596588064201
0.680917067437043 0.818264398556025
0.08386398499177972 0.185455050893798
0.23758951317847687 0.8520274646693495
0.9980108339766784 0.2405156322446369
0.6536242090866813 0.7954018495249673
0.1320174890349215 0.2905642267122519
0.5239549186444843 0.9757909401643552
0.6034480727427376 0.47401200936860355
0.3548309882427829 0.4698732769681313
0.926693607146168 0.17160569310076657
0.9873559712382403 0.24442801443504103
0.39469903709345355 0.7321151457615593
0.3319785356373337 0.8460053861136045
0.8218583488804163 0.9726648793892456
0.9376868036879156 0.35092888397361177
0.05401754335638853 0.0937362523838774
0.0027998896069818535 0.9587933899162828
0.4960700827911442 0.8993785096459952
0.8177407203916172 0.7781385407329011
0.2721680620061133 0.518283577731959
0.10793132238445668 0.587593451134623
0.22829208420116043 0.3584290603848126
0.5534945881981086 0.15292337876673412
0.031179758412680947 0.140446909738422
0.29073196369504406 0.6500007936994954
0.37226105438751933 0.2289198463670925
0.47685978170728216 0.17799327627933703
0.4430543804311604 0.8420878012972925
0.7012454056827522 0.8956223817947926
0.007843935568561111 0.22420426514613623
0.08027932183435715 0.17516330592053042
0.3962813481507923 0.21739098151290315
0.10235063580383841 0.6892475366502149
0.9976745006145007 0.8255974530389507
0.15941451605944756 0.13334705646902534
0.8927293233442377 0.49989474914620047
0.1464526678760374 0.6325689545450133
0.7692338491258219 0.03514181729741206
0.8056066704284688 0.39225638746617264
0.2132888458486395 0.4622306013568429
0.5739395441028567 0.27492527429133995
0.6315164948728773 0.8629696547614538
0.2052380862378287 0.42844823418242406
0.3045998190758781 0.2772058576167997
0.47195737530741244 0.3059377340658742
0.7773889449783444 0.3146801185747157
0.28748809301128664 0.3296972006502652
0.7411750437668398 0.49010789674861055
0.27826596786888347 0.9465361756725563
0.7832603808314891 0.5075305627338138
0.9958932196693111 0.9744237129116253
0.9944001067337711 0.16412497570145446
0.15032937863678186 0.6233814094826093
0.5570707772123535 0.857965740766333
0.8149297768185 0.5616424508141442
0.2970584263491478 0.8970592369184318
0.8631859780757618 0.9299175039395433
0.4273720879048226 0.5390535077132608
0.753785634395675 0.055177992075124305
0.7110650915121455 0.8495494893388587
0.7052272653669496 0.2812997545382725
0.9810333307299761 0.23517599269122824
0.9386491607598886 0.8743813470547768
0.469065461455038 0.9991590957358187
0.9307391142445818 0.5081607675601048
0.6943741406067097 0.157779414459017
0.8825024892262097 0.39396491892053853
0.029015370499008375 0.8750844085774196
0.4048958509760665 0.48089359331649595
0.051518720171237486 0.2158620105573319
0.1454368352449409 0.4496036268550103
0.9641853675230287 0.0304636274524972
0.3228253714545173 0.3450739957654936
0.6100503525021927 0.3552880382980079
0.0376519890821887 0.41783125642716157
0.43750228223205245 0.6376749241685893
0.3721888457512834 0.6233049198129161
0.4240040152257165 0.06600783248307418
0.9027062812936753 0.250662649497436
0.23824738795352562 0.49723065417204637
0.8914563816991419 0.9017383928550464
0.40517671710970293 0.47519622689308605
0.047521050591694536 0.1359987692685698
0.28929015558513016 0.9110362123915965
0.4944221417020924 0.825409514894609
0.43346573060505467 0.6050648361983497
0.9673733880618081 0.9356685406261875
0.7402361196408316 0.32301639521006353
0.29090796786049355 0.769201554818512
0.9910270553532621 0.4657116381518476
0.8085676054884099 0.842133015835671
0.27551903275103995 0.5266938254198696
0.12297951410825969 0.48555648647604843
0.980158543169519 0.27419294725850296
0.09325646964062151 0.8045741337610941
0.5791398334657998 0.19797589940555405
0.24265547398454101 0.9031488292495002
0.37294370572100477 0.28136125329804185
0.11245046386235091 0.13303709205724412
0.7824876781441579 0.5571579880761008
0.35937152928162286 0.8313816370792224
0.12404944891327063 0.10708175733077452
0.9838040783306023 0.576789723231903
0.4248520982325874 0.7143246276836164
0.8740912659506825 0.14764414280423055
0.43832898637449236 0.5542275205376459
0.9363445502837169 0.5059669882159621
0.7359056025626076 0.11528638793911172
0.1518775648958921 0.37651846760685426
0.34326754087773903 0.550664417171902
0.6360676238910439 0.3429014760120199
0.18245839440328848 0.4902601775671651
0.7489175310117497 0.8728834673469223
0.9002826369576116 0.7172741573949855
0.19227930457741338 0.0684457912481391
0.9794199276907571 0.6950613953806444
0.20807907877265408 0.2655896794061763
0.09109518443146292 0.3110290524167252
0.35514236023723145 0.07477488258579656
0.8869351907820868 0.7664455566829704
0.8734052927049345 0.7574744217924052
0.5881666014754536 0.3780648538599394
0.15910603610924823 0.9708739286060803
0.14559535616984864 0.4894250522782342
0.4755171140833607 0.9270447675310494
0.9144834577348668 0.6279391331762352
0.22680424579746172 0.23256274110296693
0.5160682719816865 0.6831105043449104
0.14640188924701225 0.7874301779587733
0.03094760395543772 0.6438507814304577
0.3232035650813583 0.926687547845851
0.2252918526884211 0.7166477071906923
0.109647820417208 0.45211234866456484
0.4944196623899506 0.23664727164118826
0.8818091174807365 0.3605929201125506
0.3797630483830854 0.13945730020914082
0.7416384597934835 0.0038156941036633363
0.3372970074182946 0.2746549445732662
0.063620698778035 0.42317317914485697
0.6782718690899119 0.08494407015556948
0.5386445763456624 0.6519763634352522
0.29682160572029304 0.1125238037351175
0.44010686662424914 0.8119084362415465
0.7778609982590212 0.4570245640770081
0.183169481273338 0.10292486751192409
0.54365566111154 0.018147199891819454
0.06603230051615117 0.08723937856984554
0.026111819292918392 0.9579176852824445
0.844462284837451 0.3401148851712066
0.4503739051850937 0.5060205627922634
0.27129123336673744 0.15356926215027777
0.4979923544403184 0.873471986961742
0.8753846998297334 0.18182362800028962
0.07029550897271553 0.6374240202008072
0.5301565095476464 0.7866644949628969
0.6266819587848391 0.35096024341233156
0.7771703270309638 0.23634722509982442
0.34920953393570864 0.4166925847054572
0.3332386401587566 0.4904283173525985
0.6670464980419468 0.9365525205398169
0.9828729088546733 0.27507444467610354
0.55004952971934 0.8639760940918808
0.8424043506721643 0.22461249578842546
0.4303349256407283 0.7764763689123424
0.4040057468656295 0.2668327358071916
0.13923745398404552 0.07206389027057436
0.8168003995011481 0.3253716913267526
0.934099449160414 0.929045188867945
0.23335565575856765 0.5734109370551246
0.4560472149636017 0.242663666637271
0.023130339061240734 0.283808639338633
0.22005494203375742 0.38208236837982845
0.9229325824418637 0.8840500689319024
0.6834294586548857 0.3708803587929679
0.03688612323826734 0.874643955597761
0.6621343938562894 0.33513150528195035
0.015364365260093438 0.3405517958938338
0.43892175915825926 0.38173819931593744
0.40065023048636816 0.5663605861694225
0.21705378179019674 0.5268297477528678
0.754478134068989 0.5822545744955303
0.7919146164822746 0.8540855868608281
0.6279664917806873 0.09332156740226938
0.276413732264404 0.3114083670849188
0.39986576652968253 0.7361036274259967
0.47434818137712775 0.9149516731409519
0.36886810573644757 0.6077678171752241
0.20425314688074891 0.2270252435455542
0.6629642752139198 0.9718305978913249
0.6233035594408165 0.8117789580809467
0.3528519977053155 0.9346161859232491
0.37290303761644505 0.5578474591060054
0.6909387585224567 0.9758950332669047
0.08774705547559014 0.9528047471728083
0.5441472778600129 0.6581746343421653
0.4546208389529671 0.5761473285653675
0.8718905795534446 0.5168667473202411
0.8578342579342009 0.38072039549005465
0.2038998524641773 0.08305530641342962
0.3220623852258444 0.15923764889250713
0.8311229581268194 0.15383765319061982
0.6830051081948643 0.8045134942544676
0.4665943836013662 0.32799548941368006
0.5112796536567188 0.7241348261784113
0.03118851227960895 0.868398815056969
0.8312880326713437 0.8465281056944671
0.6341941179882697 0.545136087774436
0.408891498146684 0.2738835672215223
0.7050096479978818 0.3103361837815526
0.8389905599304359 0.9212115012092117
0.9138819959997437 0.9388856796597351
0.7359417994512214 0.5667202867640293
0.7952318681020281 0.3677880248756593
0.77514160578032 0.04743612420095911
0.8167286331197354 0.7082189162468997
0.5059794292800124 0.1730295856542896
0.266492791014004 0.9319559330540352
0.3294306952693806 0.3868083290174873
0.5731034894909068 0.7587310948373516
0.40310962738711353 0.5805173159991721
0.9777362645635908 0.27127443285566155
0.4510796250192912 0.0994220570579607
0.062163837601694194 0.03229203168005812
0.49921555306009346 0.056758390443569784
0.6248117693291544 0.37206004830333317
0.7318830335903457 0.20573404734346767
0.1505396591276773 0.7179658638278141
0.6410513239587656 0.31642770163827927
0.6788627495454254 0.7798317648037929
0.17877300591827572 0.8989917288358831
0.3734825398034025 0.13418220681724846
0.886820082313152 0.48978443318700426
0.924893074455402 0.6450434969717127
0.7265052629071398 0.11507688172819108
0.40333078483443363 0.20048265508106056
0.44344795936586845 0.2868254610119998
0.27668883499707086 0.3426880697346322
0.35232699946063084 0.09128757708097757
0.6314112617642023 0.10558385181791552
0.39115833907400965 0.6848284958568402
0.5731834405222516 0.4785785712174684
0.67045682555756 0.5414393164544904
0.44630682893631146 0.13246202307739252
0.6545224716758011 0.8329985789955627
0.7752207627672361 0.6400756969719059
0.4516044652282589 0.5645129805626374
0.33213030934029564 0.8998940787799856
0.6981284861206207 0.4416463297101778
0.5834100871756764 0.8408843393476162
0.15595500138175367 0.7692620307668574
0.6563670672002535 0.8088541620514533
0.06647856634119198 0.3202076068337194
0.350054551642333 0.677302471687155
0.2773089433284197 0.5773555564386166
0.5959888658373462 0.7119169883886634
0.1909237725494748 0.9827115778436375
0.8468070969921091 0.7295884658951048
0.8723245513010431 0.22440957276703766
0.25780254431722116 0.7600316024271325
0.9084742139061346 0.29807198774131693
0.4026786217841867 0.5710455662677294
0.7948568074108873 0.13271436644037093
0.4929387946667483 0.9856235612017605
0.6909037113545275 0.16209810826736826
0.7853700906600627 0.7541315129141299
0.6636181632987277 0.6831702629478309
0.7366192204125035 0.7541383498562622
0.724920753586529 0.5934116448396576
0.31901855793600653 0.6989907153824939
0.44920188768092095 0.5898522409327907
0.35205429532693366 0.517840733358552
0.10633663220034562 0.5006919801152201
0.5112425546357742 0.42329633050270354
0.9181207046542343 0.9843994152548012
