10 6 100 4
1031 929 685 834 1218 881 934 1504 1241 1535
1119 857 850 1099 943 690 1265 1430 1542 1408
934 1124 901 960 1224 885 969 1422 1300 1669
758 1224 1086 1120 1144 872 978 1039 1368 1280
1046 912 963 1035 786 699 1160 929 745 1326
922 702 1064 1081 976 970 709 807 1004 914
1042 690 1061 847 1016 841 857 844 1126 1158
979 795 891 940 1009 721 935 856 740 1042
865 1021 1022 831 884 756 1064 1176 1234 1130
693 798 717 885 807 893 894 997 1228 713
0 2
7 0
6 5
2 6
8 2
5 9
0.9414026323504818 0.6305923899605095 0.6564908981869325 0.7283770315685023 0.4778111196629209
0.34799320671887285 0.6675951222615473 0.8289946242876434 0.38981287372829054 0.3343941097727625
0.6136221855513564 0.6858442536143055 0.43011132379413164 0.3377837118351519 0.35876535964335166
0.7132320303870783 0.396031785173169 0.7075228368270559 0.8206943886427971 0.44990913996391735
0.4875275358109279 0.5360648864776861 0.881752536070521 0.6894369442232561 0.2850848276471142
0.9113504604239511 0.8023563408630834
0.4873842789659415 0.20689687270186274
0.339457963387392 0.1771891786479176
0.37511656013007877 0.6974041732559471
0.9873089938458368 0.8491564076360703
0.7255015511090837 0.32280114487346334
0.9875679095825936 0.05999682791298211
0.3166445753858633 0.8365890456989202
0.4318002297161636 0.9078723083938525
0.8367508741733101 0.8868585137413434
0.4633042273849224 0.22559261232642847
0.5325087314379666 0.06822532626035538
0.8436489319129854 0.4458800231186457
0.8143155892596947 0.9167049179174798
0.25218599746461345 0.8617947976313158
0.5579119751986885 0.32984379951886744
0.6594751930571057 0.7562191604249089
0.36939851194667583 0.6331451227506302
0.41614154478142096 0.49350799477568463
0.20494436040909303 0.04367044285624955
0.9378893918908207 0.7291164293820596
0.5249696771934405 0.5092131319404518
0.7423151877971321 0.5389180387301946
0.8264258521260655 0.8483389115337379
0.5582238478181116 0.7890469548264747
0.05513092355678717 0.1770916111029326
0.5255935873920425 0.5874047351291312
0.47316892586918624 0.8427261369106074
0.23592359083700698 0.6838430354883838
0.16519723176186796 0.9761833783496601
0.6511017279488889 0.9510277503685975
0.05637921275929503 0.7637615684983483
0.9263937350438933 0.9530568225680938
0.11812517898174435 0.4948514188721198
0.9893434704132982 0.24085233954049912
0.18593342213383113 0.8074265908601927
0.6524349933451288 0.4139798870554565
0.06061686812728939 0.26085862614909905
0.8837530063651389 0.4716587502662337
0.5482598394283926 0.8959693197603504
0.7615722589480003 0.4223343111981801
0.038380312956405094 0.892177993207526
0.1685084883803465 0.3293435729719678
0.21865230526963142 0.5336668093458989
0.8423781045353254 0.11990321260127423
0.145420847325882 0.9095438639637932
0.8975156977567842 0.8740136582344928
0.17790073005737606 0.4074608242990354
0.8405017056455715 0.10676302941227056
0.6700776991862254 0.7814341435857164
0.22850861379693965 0.8424033938816462
0.7608030013031883 0.6436775797795278
0.35868133219396214 0.17771963341654917
0.32862754285247764 0.5120819396856688
0.9625129407325672 0.9234063567810076
0.4556014441189935 0.030342455616292563
0.35240731665475633 0.500118414993006
0.41922827588676426 0.662124182113335
0.4393015388146706 0.6138016955924139
0.9900163125112651 0.9791063041699024
0.2938724714157066 0.06906209052535184
0.7865085659279643 0.26022175113472157
0.12633978420161052 0.08846331970865884
0.060654144429832524 0.7694189903112765
0.654947399132233 0.37121119141170555
0.8201254685634689 0.2402618202822142
0.029699207527635885 0.10099684873765291
0.9122096129382915 0.7205939906092858
0.6225378388459972 0.7916407176144937
0.4809028529768469 0.5260340238707992
0.5413570890782149 0.4146420191329927
0.23133530398103042 0.7094379311895342
0.23215597964324708 0.27771799267559727
0.5959082667626212 0.7749273347523049
0.026378582490638847 0.9250672783283957
0.6266475317777307 0.6366634404132745
0.7242370838573717 0.9641484736640613
0.38898021300253993 0.393916334221148
0.5289118293808399 0.8253436837395771
0.4743099505853021 0.7851700755608806
0.9048262055823273 0.32188414482131433
0.3214017946843837 0.1289896193350124
0.6795007775730808 0.9073739352693915
0.545276882069621 0.355612628765972
0.7845130206924988 0.9572922303597968
0.984337221391463 0.9649140946558992
0.3562612658662909 0.05782798022392299
0.5616756839366732 0.5750433042686349
0.7081228058055089 0.7367754658653638
0.21854876652418342 0.7180810686702488
0.4311863255136503 0.1004268347581041
0.5328756457985944 0.5956182396276386
0.7683448207385661 0.45640531014985286
0.3843015003740837 0.9804878926705118
0.9614366545284128 0.5371057271625703
0.8817067577326851 0.09026806213625727
0.03730131766495526 0.31046899870297984
0.6404346459295727 0.9363240349744848
0.9374497342735229 0.6447399095986193
0.2772766482674849 0.4162835184084277
0.10430983766634094 0.7793177578483608
0.5523088853608826 0.4397002276215103
0.7730422303218569 0.36408637501411256
0.34623748846758695 0.8682969325738334
0.28376438092839984 0.41906741215822074
0.07491350222676729 0.6589036913568387
0.8184852529118172 0.3555086590733494
0.9999945022954986 0.3511796597013317
0.7099787938823734 0.5894988522283284
0.3113428192183556 0.8210991791848854
0.6030784874234754 0.8496357354314739
0.1984853014827741 0.4619700742738999
0.7724198612962057 0.04982116677279835
0.9169319005474759 0.00503262274248617
0.703254980254727 0.5274942309808013
0.8841844489972683 0.38864287031010303
0.2852878718703442 0.9938614482513042
0.26918333228597446 0.5124481651689063
0.3645616446992883 0.7425364006516468
0.32686101366351594 0.5033101233349855
0.46248293268364216 0.30198756363070034
0.5777852492092539 0.9895320227476985
0.15536605065988374 0.22770672212898502
0.9464754236165025 0.7745620901497887
0.3146043030117145 0.6782290722767383
0.08804738752811936 0.8487592563085236
0.669463177742001 0.20098734970714816
0.5460146442490605 0.9911665714877627
0.9653279321429775 0.18482763048097905
0.579349462950624 0.7266374923527559
0.7418901552161079 0.01539477205777895
0.363551414243968 0.5046327848454739
0.2076961069790697 0.519687823793779
0.76392330808981 0.515703523325387
0.619764342990375 0.04548796955272749
0.7965542361069493 0.6453783543210048
0.07443401745199507 0.9648201743695985
0.6791719548140931 0.04861788264132372
0.756020719975715 0.1774046066540591
0.4823004785765488 0.7069077706304294
0.4408931337033384 0.0501403027433196
0.726890493284333 0.19626112226768155
0.21351175110590992 0.4946313717820856
0.5304877003975865 0.44010001395259124
0.038386855712016166 0.2486888960288678
0.5988619999228202 0.2673628048529786
0.1733743928439775 0.8153981000566937
0.9577863001719344 0.09048191311009024
0.552713516174816 0.8935999395657179
0.41080895392536876 0.8446091102615823
0.0850676177163252 0.6983157338038681
0.13952474975654727 0.2593077992603088
0.21937963810775485 0.08295853626684302
0.035861395737859514 0.24994259355731785
0.317953205320167 0.2281488544506729
0.857323579136998 0.2554319211379883
0.7112953392861856 0.2891566769963967
0.9344223514738255 0.30560588945493894
0.6978859150568628 0.9612929805300292
0.6756774344704446 0.5032773606494438
0.7171996042978754 0.05667035076342941
0.13042743983704264 0.5529820031884256
0.21363499726700508 0.8713008621211207
0.577855807695649 0.8087687960259111
0.26163902774516057 0.25978630121181356
0.7082120801293643 0.4244654669709176
0.909395953790628 0.5487625702148371
0.43648946829051893 0.34990899190937363
0.8052185031317527 0.5963546529822006
0.5726120592787396 0.8217393582385435
0.2794120843902814 0.8900189116657244
0.14797797915319677 0.34149905660447955
0.5546057791218104 0.3510468976907881
0.5940836749408751 0.4727051851503232
0.33314716693688773 0.4364105104624496
0.8900795400696166 0.8162065084658778
0.6433982120432302 0.6092901726557307
0.01257991704341821 0.3898634952470801
0.4201118564790267 0.5917698665223878
0.8648609384208221 0.743150308601404
0.92546325710602 0.7408718735427169
0.8214068277706661 0.85987655746942
0.16687066004407725 0.031425925667552645
0.8573510621338905 0.9622763013766269
0.44860160369233193 0.9071376390774042
0.961946451269825 0.14294359603272944
0.8947568265331396 0.45084526832748484
0.1093802847220775 0.8835297379539926
0.03210907402695318 0.31797711510447857
0.0989307136922497 0.2781329484867807
0.24938519747304055 0.2516437913447982
0.9034148605183585 0.627292232770067
0.5003287112688208 0.29808215956852036
0.42660212374470796 0.8582119197330296
0.6291416318586847 0.8799349113006221
0.36730830588165775 0.5208832216692438
0.8956332976918893 0.3754383354771047
0.8682326420825275 0.5800064950236197
0.5714424215137128 0.8390804342421736
0.039965926140955066 0.5938389966775155
0.7065793487556826 0.9395852675108329
0.2551523231969941 0.9002264842348111
0.508387869834046 0.2201971145215218
0.8278660761545762 0.34995867765042465
0.6621146480441504 0.16250708818626647
0.4603290812783172 0.21711315262739084
0.430844698858061 0.09859952241032155
0.9041944978942014 0.3375931140356143
0.25881908712322677 0.15204394234228324
0.39893839391215 0.6140855678614172
0.014886353277299369 0.031451911661279475
0.4393421179594985 0.21305198981243145
0.2713055791578691 0.7327822944444935
0.8272757979204186 0.4194514485683858
0.09546089835107296 0.4761496123160114
0.12488228908685639 0.05902934350128963
0.5918968354466703 0.5463915486635531
0.7807000186493178 0.15617998622019047
0.18031186840575697 0.8028241905324949
0.41056786076936214 0.1555359802387819
0.01744539867617334 0.7172404795812877
0.8111051203854436 0.7771131144225314
0.8245326178324732 0.31421683361349695
0.040492765496616734 0.20650441890568705
0.2579152418638808 0.034148633723972255
0.899215250678048 0.2812937971733034
0.5043596058560065 0.36883002653193664
0.46405887118184364 0.07231445977644779
0.7639728194124784 0.9978010695125883
0.7884990621199623 0.39112967259145015
0.02519049497710424 0.34273136444538066
0.9434655509845984 0.5646926356092277
0.2256168484655996 0.1977086348197572
0.09167128119824719 0.023076064701519794
0.023798372553284652 0.9353224064774939
0.48288866824602983 0.734689111522957
0.3936844978215124 0.5953108142194559
0.7592483225780153 0.8060254149606867
0.39623216865679467 0.4658001794141986
0.7783856864039831 0.1470665368648898
0.5595835703177454 0.5190683708112791
0.48656415123638364 0.49567208547407415
0.002968608321408439 0.19069835789572065
0.20273386860179987 0.7644213100033037
0.9272358000402958 0.4078594069372137
0.7996862586442799 0.31667696111374655
0.6374482557387988 0.723636198942788
0.616926371669263 0.6019195098085959
0.7495400486613857 0.642665538287561
0.7037439388626934 0.5802695308034456
0.07041412262264313 0.023076356865856518
0.2254327520885393 0.4353889031619589
0.1408959706341164 0.2717614012374898
0.8947377555321954 0.8116734766966911
0.5888728647300681 0.9095260737040971
0.7886215223902597 0.6977530748286649
0.15427181571552295 0.8496321822532191
0.19040068623211326 0.5616255805178902
0.4262214895231222 0.6230572796800118
0.15509094457351047 0.4352238746094135
0.12925312280520918 0.10172950664424185
0.6778565948169639 0.9136637712011058
0.8162573450323851 0.3340974919428612
0.4677108884076939 0.6042352158294211
0.26534937988903207 0.14595229693357048
0.4653686846830827 0.3070461520481145
0.6727052903083957 0.8326480441791746
0.7795027488104103 0.22649431646428342
0.11529079832141553 0.648857099575368
0.0248660302150141 0.7625905336856103
0.6393041751118729 0.5669494418234395
0.11765905824045109 0.35241503882369307
0.014774761475388587 0.2146290815884404
0.14255629212819598 0.2231299956953996
0.7362281402686042 0.6894516031579303
0.5575647896455482 0.22870790389816253
0.13040100739171234 0.0405096812717296
0.0011450861634949572 0.8562076362988011
0.3085571464853638 0.5277264623336566
0.4866319482642294 0.5767692935884134
0.26657644117675905 0.9078572039730235
0.8005924916949374 0.9877835804886685
0.006442775917458787 0.6441658247313196
0.06908993203951597 0.2907097006308592
0.34896669520399004 0.27282683952890796
0.15376429616722964 0.8628085874943685
0.22725478142654665 0.15841931851028734
0.8122972447306898 0.5715566447563984
0.5627407510292557 0.8038900943702119
0.05832343919858762 0.7676555186536147
0.4836114591207501 0.4025166042016626
0.5887510612165558 0.5952131876077063
0.07939477131299033 0.9388983877358834
0.19249822153422547 0.7870111205162722
0.7995113190341512 0.5875954192646764
0.14803309880398197 0.27326850341935627
0.8370393777972795 0.03424482021273656
0.49984067368110496 0.6604122757756885
0.5126889780394386 0.743952564528638
0.593245682619385 0.9716720761594893
0.6874260135705417 0.6215782420850002
0.23294546488211187 0.5786595053425008
0.24579718892394542 0.11419097390786481
0.7905121033000218 0.7076052834402324
0.13406081768782374 0.14368345618298162
0.606993734184569 0.018195866544880035
0.5762881019412702 0.7544978411177827
0.041608134291472476 0.05201727301362946
0.900255205176901 0.03955864719272428
0.9146376789712976 0.03999472798631398
0.5425973809847855 0.4128092013086275
0.9377839077652652 0.4449843677033969
0.9344739793686099 0.8873446625197423
0.20201138844414745 0.36793848091118475
0.5139049476126265 0.2589598226889387
0.26999854234883003 0.4011850683289262
0.2411376127618301 0.4737663378029058
0.20237949073340866 0.9312612783891556
0.09593257012443424 0.36250871397842
0.19717284101301824 0.11367751108775681
0.9186985962996328 0.40888937644174583
0.14182229384202927 0.49152376052765545
0.2712781277630665 0.28641966964992016
0.8590989676410274 0.011866749794733344
0.17096029830824344 0.5084213828386417
0.0019105539739527888 0.5618232951151203
0.3320851891186747 0.3978509457197752
0.19918310834535213 0.8236625178666446
0.887386211646298 0.5445914752161278
0.8340069867325184 0.15888195790934767
0.24110183146362596 0.777681288515961
0.4430125497417179 0.6211479084993512
0.8134371155928399 0.04817879698462613
0.1923756914436865 0.1475735250290402
0.6392009758919301 0.7693185345198161
0.14937689512789687 0.06139183019179151
0.28849585749160633 0.7388003238738077
0.3145654982074759 0.8451573782297321
0.3724284382894498 0.6992267495021192
0.7067837829766694 0.8264769030689636
0.8389477506819332 0.6074183323062676
0.0556574409749071 0.11090482602503493
0.5739487427539016 0.12120933824952251
0.05573540527869758 0.17256693890464958
0.3386765893133925 0.9273567249049368
0.03215701170600527 0.2448067087111847
0.1886517058372037 0.3840795049681287
0.7397878766735373 0.7860801310630012
0.47526588010626925 0.5224704887893517
0.18188268649809136 0.4990092870167069
0.7642028494001367 0.7151165266077177
0.6497759845493505 0.3624357028037819
0.5291738728717972 0.5087624862049083
0.8395326205534193 0.21214718141007105
0.517911859611129 0.518668889190071
0.4725988208016896 0.10749427647374987
0.6747703261123978 0.9733425206645412
0.05421146807640942 0.33023237656860704
0.6483315688825892 0.2533691870926478
0.6906397222801706 0.932288958976984
0.06142722580695659 0.7421488932292151
0.8890666281591946 0.9292368581448216
0.4785306377001872 0.6514193824729821
0.13624717899668037 0.38222750034632225
0.6297398009260762 0.9247725540621143
0.8333702722846608 0.21720474258382905
0.12618421059184026 0.9380270869867433
0.3254934280071149 0.5456116958726169
0.5026793098906044 0.8994597765771584
0.4933807295933199 0.8543264677770228
0.6904509829386816 0.7959187860383647
0.26126322642802036 0.9407161223639426
0.29768269922872115 0.6540868332988483
0.5013578712375395 0.5163015693975772
0.4510013371940882 0.6781880948148615
0.1283955768286098 0.30425966146808836
0.4771265831418172 0.8633691353172697
0.7391083723505896 0.312583571707858
0.9447852345369905 0.9888197062700192
0.5137734846118709 0.7883085003683847
0.879497179317823 0.48953561173238636
0.4621392879173647 0.16389297355610077
0.8898718697825789 0.723662396171
0.6092240927348853 0.629254628972123
0.6804094163820349 0.8185542846680884
0.13025273547039062 0.2966770718073557
0.09703067398615772 0.5299165599222349
0.1633143046307326 0.1926991782242895
0.06167830282683551 0.7647073250024743
0.7806545630595225 0.3123536559389377
0.17974818567813955 0.8127291227132785
0.7170620876214668 0.310825247932611
0.9816602674864761 0.4016948841116488
0.2371659266425481 0.3856714722938419
0.410571481613754 0.9093227735712406
0.21131865741900513 0.9709602693073354
0.7929655963422664 0.9242686433914931
0.8180256995032478 0.4265414180203313
0.8247537823233682 0.6503510488953783
0.2696973029916625 0.06935964129847072
0.4028642487281291 0.016000745365349678
0.17486961288114333 0.21690879643613536
0.9836287165215465 0.9027970073657894
0.6707581039466257 0.06280260781920144
0.18088037116474287 0.5533092723770123
0.7159936370620053 0.7758208694622666
0.012706784144284278 0.6092101152532001
0.7246697699400015 0.6217654764464526
0.4924345503766119 0.007708970763302236
0.5960034427725109 0.555323899819292
0.6110754092810153 0.6110183591633005
0.501719109787812 0.37140952229798163
0.6508487546673942 0.3936683145151769
0.2422597800127002 0.8922049743092801
0.3005573613252237 0.9186138785613662
0.9448117910044194 0.584795860955595
0.627715776683307 0.08645346455462821
0.16818943508165063 0.6493447271868997
0.17160269185527777 0.8751539968681754
0.2983974750076934 0.833234055264819
0.41763206955799603 0.26967951816625435
0.5928365685203725 0.2963111354129342
0.9777245076244327 0.09605792971478877
0.06741816661779465 0.7488988928980365
0.5736144578146178 0.42080556537683944
0.826438973069463 0.6891585569384178
0.379065620902973 0.42514403834030934
0.07083475104089842 0.9705794941732175
0.8649927636449837 0.16248476253718525
0.2036641814133482 0.9147804106169337
0.4327414500166933 0.5633508039302337
0.19316518470626964 0.8423136567624367
0.23538510097129817 0.4521167425745234
0.5556810041411091 0.5812125601393143
0.2695989250246953 0.6704156741925995
0.9450072665859055 0.6172151782101012
0.5359914731639204 0.571011753774264
0.3018658861185741 0.03411552290587627
0.5101158440321374 0.17216478769400045
0.6573821521068426 0.013336227679663581
0.7264498747836197 0.8027721491776967
0.5319710825967321 0.5067955681402312
0.7429046090735674 0.38068111161515517
0.06528713842554335 0.2993493150504678
0.9494168328973849 0.9919584427050117
0.26829791154995863 0.8357780539624362
0.18984226744972243 0.12340728722444516
0.9722008412611955 0.466767603454997
0.24853072253204034 0.2605732697324641
0.597861854015366 0.8480704073062042
0.37505396211938535 0.1689068581067421
0.6798357892150146 0.5085125942464226
0.5444053511917124 0.9079212174454632
0.6218958668889267 0.10497144989554763
0.8005238188269395 0.6928424101522439
0.8002037431304247 0.5742085564034911
0.4019804684766888 0.010663358686103797
0.5301116727587722 0.6412411095148083
0.06924591935642765 0.0013449764675630416
0.8567791828944102 0.01681398748725549
0.20659890205623244 0.6488192232742169
0.6544941063234126 0.6800469310393589
0.5231696411927191 0.7451589952138917
0.7524427913724558 0.23847376546596988
0.9042028729477498 0.7923533437621435
0.5598083293469953 0.3335902961999486
0.6032881039355711 0.5832765035001681
0.1331309086703294 0.3696616752363986
0.1804470172119943 0.15931117068861456
0.9988456775469152 0.7590591737701184
0.39012991087156523 0.8673307367007488
0.284284848134019 0.8610839341952414
0.8772269466841716 0.9666269800107796
0.08678478282878932 0.9088106868225274
0.5768781107548895 0.8313156647350295
0.6143256384286242 0.5095074763236731
0.6702309605940451 0.10304855684939618
0.5381597849669124 0.3317454311969126
0.0820979967312665 0.6194184642263865
0.8952112099257774 0.5065427041013058
0.18872884609626417 0.7909783842193634
0.36228883882611607 0.4994416419290397
0.3599075953079476 0.272792367526399
0.48372484326099263 0.1116028681889174
0.8060856869512751 0.5763239140656169
0.2566857283734725 0.7007713504660369
0.010989842402399752 0.07857375892476948
0.6733040661244591 0.7073043689061624
0.5648974780207419 0.8188411710531638
0.6410829506086859 0.7132226399527135
0.6317959541667619 0.09201998787455312
0.1547847347280007 0.10461262299829999
0.7141066625191044 0.7711362238360326
0.40238667039162834 0.7917832622415317
0.9203855711110318 0.36364255401080947
0.18541100574235037 0.9517034729343108
0.45520102356950853 0.0006207046381656589
0.7123695920561999 0.0660711277370114
0.028197746421811276 0.0782038577958033
0.026666835158272617 0.5937279580262809
