10 7 100 5
823 750 809 656 831 726 805 854 831 706
693 703 908 800 738 814 786 904 1210 880
878 824 853 648 711 728 722 1187 1125 1238
726 802 687 912 871 869 991 1088 1062 1184
861 905 680 755 738 1140 1155 1202 1087 1109
836 733 679 791 1111 1139 1193 1092 1239 1158
743 764 770 879 752 1224 1044 1025 1141 1031
757 803 1623 1489 1599 819 1057 1153 987 1242
674 1479 1576 1631 1654 1665 867 993 1136 1212
871 1688 1605 1537 1471 1676 803 805 1068 751
2 6
7 2
8 8
4 3
4 1
4 5
9 8
0.40244239070622445 0.33435577966133134 0.5807842513548169 0.8820233910126412 0.33421249714429335
0.6574333023594381 0.6739869916909187 0.4904745729113376 0.6700324334411476 0.12156006962392568
0.8968867009288275 0.30689369143499895 0.9783843875350884 0.6998759650297437 0.10571613261506707
0.31639430859132267 0.4753112871946256 0.9526633801697919 0.8923625837940623 0.2997662960901531
0.6834570102700273 0.9597624944937284 0.919028553360979 0.808301783354404 0.38250314215294545
0.36054740940518 0.5146050149095074 0.8293044266085146 0.41089042380644214 0.13738106931541774
0.44795841067953424 0.9500267931654076
0.6819667696771465 0.9638314613863801
0.7070187905176095 0.09774151294751565
0.12474635030545045 0.13845600039030592
0.8244886872964956 0.4478947126472572
0.3320636526302507 0.5012230498378862
0.6180581435801131 0.7152897861522671
0.6562115961759205 0.7139034945408178
0.2165912116118729 0.6161755179530592
0.1162583871435876 0.842603105044798
0.7948343017361752 0.575113515752363
0.031385003140498524 0.7308211206584594
0.08602462613171147 0.83093046686578
0.3153323598260862 0.7780579524118605
0.5373105427518508 0.060629702042370726
0.3790509639766897 0.5036502830219476
0.7623410278416527 0.07208285612193377
0.06956855905634196 0.061585998902759176
0.4407024964835988 0.1851126777247296
0.41925464737081963 0.34008066894532907
0.729993695098891 0.733510295728719
0.3126249790643365 0.9551131353477758
0.6819222477890359 0.2955934223999652
0.06689965908697748 0.2947343188637961
0.44055253224861457 0.0075070043035014855
0.7868303913974035 0.2604343656828909
0.1730810174583337 0.06037417463493511
0.7725882617068089 0.4317579854993612
0.017575881168784946 0.5346297772610522
0.5440598610767655 0.16071836699430664
0.7130023965244658 0.2659149977707935
0.1531451573293936 0.2593810238113745
0.5112921000483643 0.07854559304062625
0.5731819905923352 0.8355721936862754
0.30675654429421617 0.6885685106196187
0.7304101771226941 0.482325854876541
0.3131992490295794 0.5926533316775195
0.03434495943192961 0.81626989739144
0.8889508430105062 0.4601056407971975
0.05116497359912553 0.9429193243026646
0.6578928796074544 0.013690463301741618
0.6047724101167122 0.1743565370731679
0.6099897328603476 0.09917948590886216
0.6414705433400016 0.1315883821820667
0.14546163310747406 0.9380900126298792
0.6653673402149414 0.19495034967342972
0.093374606716633 0.9792103401781487
0.9755530123271037 0.8955929941579999
0.08451946070049665 0.18632733317250127
0.8959148403728088 0.2894683833115652
0.7411380431511054 0.9202169522232311
0.06814285198097059 0.7903962390643868
0.82923700231253 0.05378117250144254
0.6280743781347116 0.9089512543920031
0.6839572559540505 0.7991739728492919
0.13706322821916395 0.08122482135266607
0.3641461114809279 0.8445083638034527
0.0376096105688799 0.9683291106860716
0.7194427090761379 0.6815939350287061
0.28211128553106235 0.8900456396618459
0.6091131451162395 0.8286630798577443
0.25525494819539873 0.7523746723170521
0.7150370270014781 0.335532148964375
0.668998448017019 0.08244312269098675
0.9422642696135131 0.8689468022858517
0.4516800648319115 0.9980462432643145
0.012358226331949496 0.32806008663193076
0.8480047262274513 0.7944271794307347
0.694294475503261 0.6859469790638864
0.19152708247189 0.9710023084563144
0.8557481988022102 0.597778055412957
0.6070012241107019 0.4153518062139727
0.8514399841674916 0.24318760556531527
0.6001618835947655 0.7467461233554908
0.16864498213919643 0.7171126962651502
0.6973098637786213 0.26032953857349517
0.09642013108080594 0.3550404323678116
0.9846998976078589 0.4322073559634927
0.6766636628023692 0.049493089145092206
0.230041132802981 0.4657524395249384
0.9442295789988062 0.3554328108935505
0.8162659710361131 0.600299855351345
0.4743850282696389 0.9860607963489592
0.2720198071859967 0.004438032587805285
0.5466780944412357 0.9587443476539477
0.8866478873559493 0.22306280119692312
0.5696488181014019 0.920177495975872
0.4503452392429972 0.2015073397542131
0.03616600197915143 0.6666970793062243
0.4269077585285368 0.8218441487710757
0.09050166459099884 0.1822659525713599
0.015008867186130148 0.7831014531190468
0.8374352828502463 0.36117167646856707
0.44524445289794623 0.027925754899710054
0.5839855436874704 0.7234762594263928
0.6234864428519407 0.42219706502607224
0.45215035511667456 0.3395337650405905
0.26663023447449286 0.6895584357666205
0.27405497983738947 0.648907530862594
0.9475164267107938 0.06276186877459278
0.9424813754723071 0.3588731592574539
0.6487890892610806 0.015448348831103687
0.4464212292067071 0.2505696386191869
0.5139874293115358 0.6002993881936645
0.31911194519297426 0.779656981996105
0.3779712697711559 0.15815406001390886
0.23118100037138767 0.1887739859425106
0.4127432705052012 0.6977407252228855
0.48959036826132785 0.6200330626996526
0.838817398128533 0.2589226721883531
0.9549268723002635 0.4162530001041578
0.9602112936949145 0.7018846053024528
0.09688831893691696 0.11904878353498094
0.37637788199435485 0.5370218488003107
0.9765372823310849 0.7857158247955913
0.24418608499928784 0.7986278570360206
0.07311568849007566 0.9862968659220555
0.45054147759550256 0.23282035338658735
0.2784041782142599 0.04493552102211895
0.10506947386869303 0.6746642152107771
0.37859960889231514 0.8506858028900675
0.25723377160675454 0.9364761357051803
0.3090951420548862 0.7758321121132326
0.9227660177195214 0.5251921086970566
0.9492925306055446 0.6615536032890128
0.9020357740688674 0.014535133260018762
0.10666035286817088 0.756741827335907
0.6714207099505518 0.763243762667382
0.9805079161745316 0.1706430856990664
0.15822801028257216 0.9904238733057102
0.2390752693583873 0.0556914189125115
0.5008573223804496 0.6309326999478204
0.8437921771217098 0.41180634160378693
0.6811470225604306 0.6973205610482673
0.18135315402863195 0.8700603932559514
0.7874597472761939 0.005024152613986255
0.20654221666330752 0.8018457802625849
0.9646321212541689 0.23283469382132438
0.9556352322653532 0.2425051463787189
0.8033214005981113 0.3016891755123605
0.05999003860390073 0.6193966284870196
0.2600399876216972 0.4426779232051983
0.19351930610181323 0.05166616432211035
0.36243896640973317 0.522570858007072
0.6053297137278117 0.8883679101247519
0.2981497822065329 0.8904145638652787
0.9573285711203456 0.5858362920875104
0.14307973320082512 0.9431891640760806
0.9241077843065595 0.83206194243892
0.03256998510233533 0.3997459125294178
0.4675126409672703 0.7055535168937763
0.8757556515165912 0.03295195271781437
0.22480456022787387 0.8366551752672398
0.4139332619040108 0.821860632626306
0.3802153857209136 0.15950680652472515
0.18134893234682514 0.29254611134387454
0.15209849509308682 0.36676160677018244
0.22641194750698146 0.6582763526675055
0.6325168880691325 0.2529796922227383
0.44617320220579937 0.19690815995024535
0.507926391564671 0.473653738070019
0.4495759388752716 0.1764836463045134
0.672165615029932 0.16136573295687007
0.966225284039425 0.0075325598704572005
0.679809918820353 0.01800948901467625
0.7253913905930278 0.18711864449805815
0.7580148832243683 0.8815312573578897
0.053747020827292324 0.03189364351786472
0.06833428996326019 0.6522701367888291
0.07202000632732286 0.9734385281327513
0.1462746932638621 0.5014278327760504
0.5665484575516455 0.290735481537725
0.3076299496040862 0.17970573488049646
0.8386259464859898 0.9621725167118567
0.09305030185791052 0.69611317235695
0.5044940103306592 0.5995229188335724
0.3508648720909251 0.6366699729573337
0.0976665751928103 0.2561773136171306
0.3307334258254975 0.01921556107246669
0.6479320079482298 0.9651696118880901
0.7614353506371188 0.8397141984922152
0.6982325176593291 0.22664211402229095
0.5490364585378431 0.19115354367828075
0.3639654167780777 0.8700580607199822
0.730201641715388 0.13958077799520718
0.5488963530766671 0.757904007224824
0.2910965282210236 0.8852397561743139
0.9155981116306131 0.9555226597242203
0.5452375571608485 0.7378599758424049
0.20708745289430497 0.21279225645238786
0.08465565608635495 0.2911004810913076
0.33737970702999465 0.08122573432799696
0.3315867156807497 0.7569313720740725
0.3703547100870841 0.35940619288685527
0.985059738489632 0.22135397947583457
0.26695606548489015 0.45189942194094224
0.7351874613289267 0.6141317850163908
0.21572347687521942 0.935096598841471
0.12897023438781652 0.19952541686234193
0.2776542135027382 0.7723424717936704
0.22847861664753188 0.41708380913189225
0.7221896407756154 0.8259719858514103
0.952216623621509 0.6140884622421727
0.46299861277787246 0.6924416081584603
0.9654311768634305 0.31739632886278346
0.49118322006840076 0.6421529715419525
0.09560690353333778 0.822767842587323
0.9181145010899576 0.3575691680299613
0.06792722649781235 0.202618698831871
0.47196530080717225 0.10549569684129145
0.1451388086264167 0.8577858655325561
0.3149615195870443 0.8014799521332414
0.37970182500646454 0.9228546859175011
0.2914817933094087 0.5690087656154159
0.5423158266330881 0.10736514923574414
0.24603719718134842 0.4928276372607203
0.4264466459018741 0.49812901962305545
0.5259254935869815 0.4507528500664699
0.8832768124236356 0.1972288034839027
0.03585583673629533 0.2848246784909314
0.2570746210725021 0.13612273515567486
0.3303439862436539 0.6613749173004566
0.737779477839452 0.775924717493049
0.9275947258091679 0.3148018762241507
0.2855763174460977 0.5010973429131009
0.7694620936073395 0.982512950074016
0.30367632366054287 0.7342682562226512
0.6071793430237562 0.16982586615313
0.8661503417357044 0.6366235580466464
0.2793208863960204 0.3304625488619197
0.5508429786530937 0.5470635611213304
0.8373529307798437 0.08916311045220326
0.8785900189498403 0.4261743552707131
0.830734031907693 0.5819563348145307
0.5246798612225145 0.6710164698473666
0.4688481278389238 0.8473339378252234
0.51171808992469 0.08501578620167694
0.9203767164018972 0.09492950471231132
0.5169578402766484 0.1985920530680303
0.1825901425343599 0.5212418930324805
0.18950477984327962 0.19294302591746781
0.3658758001117328 0.9313857868380027
0.6795526237228409 0.9931908168623989
0.03789358965026768 0.6107435381843085
0.48006428141829316 0.6840141677466807
0.40110945345215043 0.0273103005864217
0.21281153843460943 0.7146286601616421
0.20767810027090405 0.2586451168645607
0.3163734265786675 0.250015312550977
0.06686479025192105 0.13865073250899784
0.777265131608766 0.1677034967762736
0.03163831422179508 0.21882556323807067
0.4443370923751355 0.1376403543169311
0.5715038803616175 0.8367280829684314
0.19411505233325355 0.595963269062751
0.594500517574801 0.46418957233034663
0.7083744736455073 0.9732792595443867
0.8069874994845294 0.4339297763900476
0.5874028112155116 0.4063637675055414
0.23958857793891664 0.28261760870717634
0.7807345462613682 0.06140414711792874
0.24197047093967972 0.9658700617152081
0.986989344084654 0.9873475878621194
0.7963238397454142 0.3012607513430854
0.23777220997131776 0.3631413380519599
0.45855908514315424 0.11313160565975311
0.7544650101721089 0.6392848912150593
0.7775388720123271 0.7700488656660887
0.1753411317679976 0.07607520324260819
0.743777730047934 0.3817726049543071
0.6414836731995954 0.11449157366395402
0.8796025413611193 0.4784754499113917
0.7963463303333154 0.6899093652548587
0.8018510304527253 0.6417984281105036
0.29054730148350116 0.5794884216951008
0.10324142248867729 0.9867134340833501
0.007806853874720021 0.9799602069072118
0.605425840659154 0.2138783926725485
0.46071738764967174 0.681586784917185
0.3370355268547751 0.18382838777083266
0.9998577986987982 0.18620438467780787
0.5621537879571108 0.015964056724590447
0.975635697238483 0.025159499536543395
0.4913982413611986 0.6479127980494583
0.7495790770752122 0.6915936744623548
0.3789253062674265 0.6444535557778022
0.05801730472085298 0.4901068435988445
0.3057733825553852 0.15009195960841226
0.6712218407494803 0.3253184774918918
0.8960269652905601 0.9878176768899081
0.9943229382165375 0.9568731815856362
0.2589050553112877 0.6837581324438162
0.24880523082576 0.13448300396676371
0.15964726275051033 0.8593410547651683
0.09207508560567934 0.27087264638409225
0.861419843717613 0.8981815442871306
0.1859568184306315 0.24101576535045943
0.8904568056770346 0.5683150064257156
0.040276161368214325 0.8523336777192425
0.27715399869572344 0.8155473397498088
0.5472071260205402 0.3969213726589045
0.08884777360358109 0.15334990777686408
0.42491846130326927 0.20575184472453234
0.036959811434027934 0.5025157975449552
0.8888401002903024 0.18542581813770398
0.22755492284758927 0.172151153286618
0.8929968064417442 0.9298513922385467
0.09531953810655058 0.34902661166054605
0.11050310117801465 0.06896379674372333
0.415019096499154 0.5997456507459069
0.21805721990843918 0.152558664410666
0.40191260352234903 0.5274231905846021
0.807560889351272 0.26235431213813376
0.47900970963500056 0.4635320733625783
0.74036340861606 0.831373465477443
0.5019075397101522 0.16574943415377286
0.8352866988145775 0.9156328543275829
0.28841312193257873 0.8125570084837093
0.24856647752721783 0.3068931375135404
0.5177116672200961 0.24809434693917676
0.7411533922932128 0.06161003439207646
0.5334354279675471 0.21388262595516383
0.7527563134722839 0.03991506485378116
0.8853612666087762 0.3238271429971513
0.5296467365271547 0.3334310088940806
0.9480820023752039 0.6889432280526904
0.8581595986606652 0.9501644295147373
0.1553987290368124 0.6273597879200932
0.8775244257008119 0.9995404118413282
0.2086112888569278 0.29657742955908617
0.12793962517139312 0.07939160549332014
0.2922642437105387 0.49064260560904804
0.9052457280952377 0.8044793630209719
0.4597023141396239 0.9313441095729598
0.23936753243938047 0.8331442475268336
0.11180762617872086 0.46809054383070614
0.30354331258187206 0.02795803818263143
0.49702465551302155 0.010240315143587253
0.48608052220048115 0.9010937135012953
0.8466880970118 0.8363191687496341
0.7635475859548517 0.4975135911716497
0.6991892770705654 0.7941231253265384
0.9442665969552684 0.77417188430449
0.8986929056532837 0.546977476424297
0.6462585729091077 0.9145855901314539
0.29019712863648595 0.78583850656224
0.6081931432786536 0.3367885241445434
0.8659231561609788 0.09583677488055442
0.006649245039861862 0.6553523353865991
0.25195139587198456 0.9017752694393362
0.03163926988872778 0.22036335136284602
0.5027706912967682 0.15730407664814283
0.9752679013130026 0.12716508981550434
0.33290423248797585 0.21270631822007302
0.6610769724050025 0.18145483684039787
0.672583145017007 0.7259264212250915
0.6403600758844781 0.45225657649441575
0.9730685286885512 0.8857129475748311
0.8616811973890155 0.07935427654850002
0.7989451809920523 0.41977801500947276
0.40505648183136755 0.2440571833801921
0.8813366698995455 0.1012981033505953
0.77000106553091 0.28246689184775176
0.18228956961979792 0.5339972134097997
0.29052463266438333 0.5731864284740926
0.1852436243835207 0.3665576263343846
0.1995892463814719 0.8399983781059421
0.991030408549066 0.670047823882564
0.4590704427795447 0.5289704145340006
0.925407415185354 0.6841505115968736
0.21561314977041013 0.9974371532824664
0.9205242829446096 0.028396412115305303
0.562960795789661 0.5160860287083602
0.4292706739752141 0.6167389356499484
0.9494628110103014 0.599888367219465
0.46336808873039304 0.25238410191148275
0.033809539372063435 0.1439729281473614
0.790163087280308 0.8734534569134711
0.6957280760156406 0.8135725749960099
0.36688062038663927 0.7343860890056411
0.3504600923925463 0.26756825463635936
0.388437582705917 0.5302014376904336
0.4662583728554539 0.8384963371029432
0.8132711884582537 0.28270154094814837
0.680578329002516 0.8775461186793747
0.8506293063845412 0.5467780750116302
0.6316702552607667 0.6294190173023855
0.6796437627229364 0.8796692539312165
0.5220397234860741 0.7749561397360472
0.7376379504170822 0.4484683901530997
0.5881174459927936 0.9332938102354955
0.9975429716055733 0.04883129910111306
0.7898840959937576 0.7444744138682318
0.9711468806703694 0.833098090241212
0.9195323410449536 0.3932973998917757
0.7259812074815077 0.04940324674208374
0.2638763007161482 0.5284599680260156
0.2148079805921883 0.8493326403595458
0.42919613222026176 0.23163280604299175
0.2118355883606089 0.45470119380741725
0.03509191342082851 0.6461348623178509
0.6668294822867311 0.5944098788925343
0.8399788740892817 0.5325923171292288
0.7129031495444982 0.3771392325659224
0.707649159033418 0.15227220788581408
0.913635757883078 0.022075688670964766
0.9905840567016546 0.11186973561959035
0.5388753795452905 0.7455300557150448
0.6851668303486527 0.738363769805259
0.2526165255006694 0.5488157393771167
0.38398060494013975 0.3590143009249114
0.8286649139631415 0.48617973509792134
0.5666358623857717 0.018722249872489938
0.12915468179491696 0.26218960602549424
0.7605539707404927 0.5582675259729382
0.9472885781094484 0.34939334177294
0.5383874670421711 0.7574240516239514
0.6809656858646549 0.6664152277654538
0.28860963277744456 0.1605846027656359
0.4614856302979673 0.6714660680734812
0.16977128952426557 0.7165463450599363
0.6882877312957913 0.4890460897899014
0.5669176883794715 0.5907869793126808
0.10939184946120872 0.6156338177459952
0.9335210867319987 0.5168488323552161
0.7396231993442675 0.03176621355910769
0.1342948010682099 0.5634263047732666
0.977325467431192 0.5173565566001284
0.7717886792218929 0.762547366063389
0.33047568262842675 0.5765293236831386
0.4865618177321891 0.062295958731717116
0.1851436647032858 0.8054240203261573
0.8459211893246692 0.8925585872653252
0.1452877840627551 0.6295823201440616
0.5062331553670854 0.33412373912435656
0.5231238916947152 0.5482964534137107
0.9394483116976557 0.10604060482108446
0.23887491728335752 0.4191590138284329
0.6923971615794984 0.42777675939916326
0.8154043550758394 0.4800755942801793
0.3589002165356303 0.28046327987251085
0.8462698164649505 0.27137735167722066
0.6325279493233618 0.4020180306261878
0.8712602285394422 0.048345434892739236
0.3516869434573846 0.49827106432790114
0.11411515834442532 0.16144440525957138
0.2766251790400458 0.18670465368235045
0.8862269662835185 0.1030819490201007
0.7611018740782571 0.27298510124120323
0.19237912517428213 0.5623050582437936
0.6169098210204704 0.5148780317238739
0.41117619300494623 0.09405631326996677
0.8051174453937298 0.4671018399431346
0.3383851919927203 0.6949788214544621
0.15067357829028305 0.7803126814518799
0.6890005960166745 0.4650290645633335
0.233864313764359 0.0039492592201124666
0.6553458626130835 0.9960252782103127
0.1287686338957279 0.6054362006136438
0.14972456948555202 0.029798419833124923
0.8145308871536541 0.5334086974315508
0.2983807380683252 0.16160949402763714
0.2921223197753564 0.7982719185588361
0.33584003070284596 0.29932613981538503
0.3588644422264453 0.049425068349743695
0.49951799467727986 0.5628208199329934
0.4722698879712759 0.11493643954725341
0.5270764897303284 0.748203670709902
0.26644236510905883 0.37660052839877856
0.07856338606508695 0.6081721257096935
0.6478463081633974 0.03186545488829373
0.4100497575161006 0.6170941017907785
0.8126202096572726 0.9338262825971637
0.02128778628777206 0.7750889417980316
0.8339754394753394 0.2886515476893472
0.11711386559730363 0.3307439266482666
0.4663717219538954 0.461721052653715
0.19636206443285054 0.5776702882243427
0.6218892951674313 0.4928090417251503
0.07680102970458358 0.457649560291685
0.8330800487396246 0.5250697959721229
0.3149828585308698 0.7785074132708234
0.7013642027724813 0.5142721819237006
0.03682941842926746 0.8437632130323989
0.36816334636814685 0.5145148942834454
0.2656909111830621 0.7126296781886334
0.5628661340350352 0.2170573616739977
0.5080131530196537 0.6370080021938587
0.13681343418786174 0.17619116005054214
0.8424665437248229 0.20511760492828968
0.37696621397630414 0.8173763596576504
0.9421827757877446 0.8335435598499872
0.17429818336367786 0.2947039041789643
0.3849921022719469 0.7348688923233784
0.04918809324481166 0.3583246657399741
0.8131455288259382 0.9193677491674861
0.17918553909182866 0.7260263343234354
0.09240976169890014 0.7523051463380908
0.12249665231823603 0.6249207110973638
0.5706994466841206 0.9355818354853618
0.4641713607793847 0.2636990649503821
0.04585401591732596 0.7011609419751201
0.4437393685438422 0.6578432070302545
0.5770342358600065 0.4595897453227069
0.26126426264060676 0.5216941408566638
0.9407339388534472 0.7515836465134971
0.39538937468289403 0.6707880281984111
0.15377519114727445 0.6760642107300627
0.7560380267166844 0.05383664999179527
0.9980400894049273 0.9466889631304984
0.7804074499464457 0.6339746860987554
0.7207227311568642 0.7643672816579774
0.9919572091641666 0.0718745722758185
0.08599643471411311 0.7303837275297183
0.8290616580676771 0.5672898983102261
0.22740859058211815 0.23481385505112784
0.8649418547027665 0.5220741779098341
0.9762607056734498 0.3753810878880479
0.6229017734019506 0.12266249445834543
0.5919452386290966 0.8029691447042371
0.541548459722015 0.9735253466931324
0.6186568545725932 0.12901930248911242
0.009793879087298674 0.048855744365787324
0.583409617410424 0.8326716014554378
0.2743815265338003 0.4512447052447892
0.02989796227915753 0.3931129561223039
0.8799815776254796 0.3395339860188602
0.20881673492923092 0.004328191204970633
0.6459335233864931 0.9177474391442224
0.7405726014926708 0.6915304532591102
0.6016664022514815 0.3656650463738573
0.8155620389339746 0.5025862513828234
0.9641610525839768 0.6142491046109921
0.8071853630473622 0.6728712205004925
0.7159440967856614 0.4899209098244086
0.9863116073664184 0.5828105401156802
0.16422870730001327 0.8177818101358034
0.11041638546546495 0.6567826067896547
0.19665602165641394 0.7507052976579307
0.428589854505361 0.9562797551005375
0.5867664225425655 0.7318332032411043
0.2108141596997679 0.931125601847395
0.13534829318029384 0.16492723059480907
0.7954502783193713 0.9004239421515858
0.22160007056438258 0.5010637378806668
0.39936996862825014 0.661394094442679
0.037333542207398596 0.55253810938262
0.35693664927734936 0.48167889237355754
0.9694415137598973 0.04138837959874353
0.31336681688736423 0.22080844097838415
0.6955570633820278 0.08171454337067674
0.7360325036916784 0.012698093127733623
0.7911012750087649 0.17758190380115102
0.8642855067940027 0.8043953784576976
0.9469736590414481 0.042481469381058234
0.037694135395082595 0.40777184929959787
0.46543034280144746 0.8948311331323244
0.517460932122217 0.5974347870188013
0.15198605579931823 0.6026453286814075
0.018542296698804916 0.8128765951377495
0.5856964600210264 0.7565031560391098
0.03739174213237351 0.5703429715982067
0.6279664131503653 0.8404751784741478
0.004970941668495321 0.7081185551609652
0.10241190386652543 0.18003033882636443
0.09108106941992467 0.8764821446832411
0.8501909001267147 0.7351937283665946
0.7509381869682863 0.6070033361309999
0.9988450694597615 0.9385869745040007
0.2797367340619934 0.7105670109124556
0.7407235845051159 0.989673718577738
0.2458131709439486 0.40740017186917643
0.8891463806503479 0.9641124548034918
0.545965842182959 0.24878699338142463
0.6321711962864134 0.5166374582991571
0.06041174917119463 0.05534403452921732
0.7569094349000718 0.2998065043232798
0.12891911451594518 0.39428148374666283
0.8288613891539469 0.4443159732308495
0.0861261831183664 0.6333661024831678
0.4763213663891346 0.5135014480179214
0.1644584608137183 0.7105229084206663
0.1875857843333888 0.08052081214936369
0.7588662997538382 0.7969772616087916
0.6288073387556861 0.016012061319982118
0.07260729169138558 0.7999210156528616
0.7370867859675319 0.746495953077609
0.9767994252691856 0.6281360318214644
0.6814301275124117 0.19312580011032043
0.05152309536598021 0.691287306013272
0.21260286256879257 0.9060828449049725
0.10347089040246638 0.1046800164354722
0.7549953604794253 0.06847111131118666
0.9679298322177257 0.024833016698113664
0.4470723746602727 0.6220470252656662
0.41441544883054693 0.4068106559674982
0.33704641978853744 0.41955633070495013
0.4314279869300668 0.43035241276351566
0.7509415943697106 0.05003498510378068
0.5927736130879806 0.43765780170698965
