10 5 100 3
791 809 830 853 830 809 791 775 761 749
808 830 855 885 855 1085 1064 1045 775 761
831 855 885 921 884 1109 1084 1063 789 773
855 885 921 963 919 1139 1108 1085 807 791
884 921 964 1020 965 921 885 855 830 809
920 965 1021 1096 1021 964 920 883 855 830
964 1022 1094 1196 1095 1022 964 921 885 855
1022 1096 1195 1344 1195 1096 1022 965 920 885
1095 1197 1345 1577 1344 1197 1096 1020 965 921
1197 1345 1579 2008 1579 1344 1194 1096 1022 964
2 0
7 3
3 0
1 8
5 1
0.6397284733025652 0.83031233488871 0.7827585277351539 0.8716815960914472 0.31572872237716015
0.5867483873395589 0.6551239149062154 0.3822369122100827 0.5140521389687882 0.2559611605362891
0.4474112010459014 0.739085182120292 0.3568802980367849 0.3149269059459963 0.4353863571512012
0.7859352185353203 0.4719431536899124 0.4605022693234548 0.534234436276554 0.15376251429919813
0.8737098850316181 0.4610457422912497
0.4118348504546545 0.3140514315151719
0.3347670718408564 0.4652609626475428
0.8514554000086496 0.23878266072661947
0.09049411199629387 0.0453339468950027
0.4741339814213581 0.6301079756307328
0.7935177613456874 0.5984428826798098
0.2436508341639696 0.4586336892285725
0.14620099515217233 0.3006701329036394
0.6834432396586192 0.8266901831679792
0.11690290515787827 0.2845190037208958
0.15696816987059647 0.68102094847923
0.02537400597068795 0.8313512449205489
0.7687507932556423 0.09159651758456877
0.08211420069361575 0.5835426516696856
0.9330026588241225 0.6506697444032659
0.03451180569708323 0.9780730159722106
0.7249354939174082 0.08337501338468423
0.1554098389534293 0.5188328356626568
0.8370462172653439 0.7611607446066657
0.07205804516545622 0.9607215635975777
0.19601311296120993 0.4017081402282039
0.7449484146988192 0.3664189755110865
0.6486382215719895 0.8827521049204972
0.17611283400501487 0.8906202546192139
0.9261882862446631 0.6172521879968076
0.47598292878619985 0.8501960872657903
0.872306495988421 0.25326403603618575
0.6946121694357035 0.5145027161335971
0.9789050252961335 0.38172518819775414
0.176368473062265 0.19448112782037152
0.32189004329185145 0.24941503574770296
0.7560688494056074 0.8741338775018475
0.05513066898969443 0.05412369936466277
0.7343055944641319 0.21070085122628557
0.016509016687946687 0.7307770745162874
0.4115744282362144 0.7680339024846947
0.33446974047056144 0.17816483708420794
0.5588758552122464 0.12819234626492126
0.015575330478282856 0.1762336087797225
0.7016406200590941 0.4670724455599129
0.026937550417484246 0.10728373054979312
0.4436269454530686 0.6519833404220481
0.7829805495719351 0.4789662037078404
0.44918910925105693 0.10438670604408196
0.43077050734386635 0.3330014598485649
0.11433430655251509 0.19884293227433059
0.5985232712697337 0.5317261084950156
0.32361244371211906 0.5368631575436571
0.3778773962193962 0.8386805554375467
0.7459390510776429 0.283413260051107
0.32919378933902976 0.9350561033385361
0.2533644278207845 0.5073481732241136
0.546927569317849 0.18275645967488563
0.17226248619940865 0.91440258691868
0.8562668026818878 0.019541752619210095
0.5818591825392614 0.14534636396379796
0.3583352858285789 0.894892942694127
0.33097331827958776 0.799925271636786
0.9444262105896444 0.0442702866443494
0.907820250959744 0.8125349218275839
0.28734487275357856 0.992506739902552
0.49987655836554956 0.672309734712806
0.08117288515202614 0.32644354759795347
0.06335964191157606 0.7826648777704126
0.04780029796064489 0.09412379066429177
0.3987557592103055 0.1384574976432602
0.1690075712150736 0.03695606531889051
0.48184505005880074 0.5037369882545708
0.9888814827068411 0.7075592305845371
0.9572178119569783 0.25833832782156896
0.8483357653563579 0.5481270837218593
0.8749487893133259 0.8028683977330529
0.8308294003658399 0.6851057097961213
0.8959329606335575 0.40474831489235363
0.7549433627424533 0.7565281507010821
0.532587984039163 0.21010261330932334
0.49656751292445467 0.18881597499629454
0.1969952752817672 0.5688782657534024
0.30764094401871045 0.7429782288747295
0.06979925775906914 0.5034759708397283
0.9156067702129203 0.3819783915962327
0.9962049549700518 0.6931157823782848
0.9237770997700621 0.06931956948357976
0.04285833308376241 0.8486979753141544
0.8833450602512687 0.5163704998375964
0.32819552173134725 0.7248292357905777
0.9746238722524321 0.9904008394521056
0.9796985954601203 0.6421576439386671
0.16028646274200908 0.13902334757307755
0.09832290305829305 0.5732651194321559
0.7513730189534384 0.36929636446457415
0.8758776235656487 0.8843242519312593
0.08664510802657555 0.20545316897697008
0.13355676016324547 0.9829273520188009
0.7249090113261738 0.5435567201806524
0.7565149950359882 0.2551062830490962
0.033538762718026804 0.5967050598816883
0.27803705671308876 0.4449846199852261
0.8944509487647692 0.7046759839178072
0.038879303917204844 0.03357569431348284
0.5877320178577048 0.6830564578278355
0.37953472806720634 0.17171411779114631
0.34068252383691533 0.5523531264332056
0.49047165466217835 0.16322888752151932
0.07882832679337959 0.7211887631465652
0.49116360798404446 0.65621132126732
0.2804014485600894 0.9172311163720259
0.136590787596919 0.7755882674999011
0.2668768700088491 0.5829884069107139
0.8083990875653939 0.6949434198559552
0.1287136207179902 0.5200089892934809
0.8462460371618734 0.17446680059234443
0.3441662004244679 0.333143154636252
0.5427509278988276 0.8551176433727872
0.689607528171617 0.6933365135085565
0.8815663868423327 0.12281234894752835
0.2817198671830179 0.15645135829375367
0.30610856829300737 0.2785196351627459
0.07666525358333076 0.2301251324699327
0.33182355075162495 0.6715800903520186
0.9437728873797502 0.37106363801319175
0.7788588464538102 0.9123978792464515
0.3104889815762941 0.48568936736388113
0.40804001334533413 0.8394446166363776
0.25358926932471215 0.6766623113414949
0.03253800558599207 0.20128722226254014
0.8982850249056316 0.17752919659042887
0.5433346054034451 0.058177082200830954
0.8789148873611079 0.9403018509083543
0.511190709927114 0.8598918310113681
0.33060610591727735 0.5288769564754265
0.6652488530566889 0.23698162717245452
0.2222579526285111 0.9633867727673657
0.036521329210464915 0.10864620428335559
0.5504075793698398 0.31266649845016814
0.4533688674387515 0.4739559923303336
0.6924230578049246 0.8918728086945273
0.2594729963312141 0.12142244194379082
0.1220465993046207 0.03770528320162825
0.29321010048122553 0.3448755580339746
0.1068384555920614 0.7844137328154006
0.13388749230341923 0.852441053606489
0.9574498109149359 0.8021013413020344
0.5216555579867659 0.9507284299726306
0.5607020898630197 0.6993027750500105
0.25764238784817817 0.47730673974664484
0.715044028835234 0.5385746525286228
0.3955532046121577 0.8068846501471798
0.25467151156593526 0.23186671455654762
0.881552411872006 0.2547840519895517
0.4401800939278715 0.8234510607172549
0.6888745419640583 0.8666937838061877
0.5835616761666167 0.8390641556973306
0.178296030356083 0.5670137306616849
0.5832684615623955 0.9110643526084128
0.6893762775001042 0.9456761274321854
0.6326382910118622 0.1659527731429562
0.70801664938638 0.5711765946343708
0.394568914564305 0.012108859576360098
0.9591288225702965 0.5841572279472127
0.7862755593787101 0.16276256168438175
0.1532639822521984 0.01757688135316382
0.22555182997029388 0.15049755569408707
0.5837402152733737 0.02905071270287496
0.7964705730901658 0.7527530984890161
0.41544734187541765 0.6080615311499269
0.535684426532389 0.06450452416488228
0.24822205853620805 0.6101056201163804
0.7825382002883072 0.015502741901319839
0.4576549838603965 0.5643351938011691
0.7125675745928557 0.10216710279537344
0.8892287502903138 0.2530668262844671
0.8123029468617484 0.08835375537158985
0.5200753615379319 0.7640179194162735
0.05271389117281644 0.9101433539187485
0.453420918020655 0.4127197624108232
0.48088447127665757 0.3535551831453114
0.947616734769344 0.9024134733085134
0.4412209200166619 0.25543930855385244
0.6765032986719952 0.1642993554490657
0.5866570859772857 0.477598496134765
0.7277606583529981 0.0028418905197165056
0.15213111251758082 0.5392813598930135
0.5502049079102138 0.618549712221417
0.2599349202834691 0.8703192828693154
0.5032999165247787 0.9024534969663767
0.06104055254896501 0.4617532439885488
0.051132587057078904 0.7514608420175994
0.5206586522520704 0.8221687129794528
0.7013928187735106 0.9566418439383888
0.40891358995778915 0.31941705596763525
0.23361192730156666 0.9971812156880138
0.9648925352240756 0.19786626227249404
0.7127798133316083 0.84771114763265
0.6609754991115884 0.1935120892378488
0.8843971286822709 0.4925226065978747
0.4710834151362575 0.7553842466313965
0.8409579314808275 0.7773489871675403
0.652317506356151 0.27551497332281305
0.9780506843863208 0.6357128570261312
0.018069252679105308 0.7860177709508374
0.43460723752766106 0.41444710056908485
0.674545853194215 0.48849691463414935
0.23461026809045227 0.6592977313435728
0.8669002614344326 0.4607973203404141
0.7117279976027182 0.6152373524408039
0.3866824138795242 0.21093973749768802
0.5329398962260057 0.07996353714744497
0.10535498472933758 0.39449678190376614
0.817967427914774 0.3013276615134959
0.4808940477171071 0.2470223766100057
0.2813508428659677 0.023475566409541626
0.20864055137916915 0.13905369833929715
0.6347739411815276 0.7671844812739959
0.03138581256396322 0.10184857663798952
0.3473573491700104 0.7177663158046821
0.5842997355662991 0.8336631139931618
0.4021541685780301 0.09620096475424633
0.6463496320305357 0.17412986005901754
0.9701108680189534 0.7589953417538449
0.6801427974026206 0.9955815034268496
0.9856807257647706 0.8546525410666865
0.3654969766940839 0.2205272431766616
0.3971835531928083 0.37729604500942404
0.6544353395296785 0.6562078903291129
0.0867869557901686 0.9776548175083033
0.5342928323727147 0.9164901591504713
0.04054159335217711 0.538813492892299
0.42194750372498646 0.41777690878040064
0.6935913425325031 0.8804560169737117
0.5555844913002557 0.04107403812869692
0.5555898166711095 0.9294768909488944
0.6215677472332088 0.5097451973912079
0.5312519248707419 0.40740311365668647
0.9340441937204802 0.3751511697581358
0.964164543220517 0.5259883973199031
0.7536333284819285 0.8595370738073056
0.5789063682934854 0.9897472689943816
0.6558470000264247 0.10078962340579745
0.8365483005627059 0.38752236316999156
0.8138350701624282 0.2167711256934246
0.6215271531112201 0.2858931586583191
0.3823958260571698 0.7150787437059383
0.8503274860398973 0.8796054616578362
0.08633986811560068 0.8989967601970716
0.3038554253348018 0.11139264041071884
0.7920250038808672 0.4103723536970223
0.6744196591650686 0.5253192976082699
0.7072050185556846 0.09071787495335593
0.2768966766416625 0.43497672122703324
0.9703576813431483 0.17594835929297115
0.6874416830847743 0.9473717062959177
0.7223052206160665 0.9547689518907883
0.9755755498071677 0.9052039444588884
0.6961145203937835 0.06612930888095958
0.47186106665725913 0.7561471951341219
0.29961059013375 0.903251225843487
0.6693216712495791 0.31814874286979644
0.04714586868892101 0.07643632597907124
0.06106874958900721 0.5322762260458822
0.830091969283197 0.6054707705728155
0.09071795302970487 0.713844625868344
0.7546739423614435 0.7690555863786674
0.06935058944928496 0.4985079689470888
0.8075060261850227 0.49411804773593615
0.21533036015296836 0.5340440987591581
0.06668235397456579 0.40825232024214153
0.4180569835927417 0.431537393707897
0.9364848502423693 0.5017082099614987
0.22692276581751103 0.053086976633310856
0.7468992012110842 0.36342195967035607
0.05602916355472276 0.6444530910146578
0.6378869805453193 0.5760768677007464
0.8109399907955952 0.45545165470742965
0.435730029760492 0.32016133971351923
0.22031028468885827 0.2562116769530287
0.9075440198465206 0.8847171326383862
0.5244751326219084 0.9987397183402702
0.6905253273001712 0.9430849497717639
0.053451801676609456 0.3114021086626011
0.310063714930932 0.3768202065209616
0.289168255769898 0.2184468018473129
0.6220894237047248 0.938513104121774
0.7564595743483198 0.7835069066724478
0.39486559285962297 0.4395316914221221
0.3663417103394475 0.5574575704382372
0.44256934984610274 0.7644600694275945
0.7176350449111475 0.8088464941968789
0.8569715959841573 0.28203219459084106
0.21632496287165592 0.7513677249894211
0.7931933595893612 0.954570438763706
0.28462778629105134 0.9112908388568455
0.6483975925027761 0.42984370184704646
0.6138128226486828 0.14043493900628912
0.4642428134552623 0.9524939900458296
0.9969818535222541 0.6805810277013589
0.6784802478859302 0.2571024391109753
0.3270294813760004 0.8731927824218142
0.25809853515661274 0.5170177198090125
0.36963614957263125 0.4159758895230332
0.711128298751567 0.20192095182321013
0.040010483594300705 0.06584915995316587
0.6776877845530811 0.15031543657193613
0.12407358390100809 0.000793213945950999
0.29170779826853566 0.6845915407392178
0.2983243235592874 0.20223350079918223
0.4538528211944941 0.7567781860490397
0.14265318045481945 0.7979340154292234
0.9433050493433188 0.3167037870758178
0.5578432496459296 0.2640587500283056
0.1836906102027327 0.4532711767759785
0.309467086470661 0.28149856377426685
0.9319412431672454 0.5476623936339629
0.8354232583190098 0.007012394685891543
0.3745706183125388 0.43932794257766905
0.8802215877147026 0.23314440581722917
0.6595570039244574 0.561122064006631
0.3103426257729347 0.07051334349545546
0.8982279322897337 0.3603997581904479
0.6592806153233273 0.47684629340861817
0.06472935775542688 0.29948715127092185
0.016585791956075457 0.6814989511246672
0.5536236651461988 0.01522130893138729
0.5576086813237597 0.5585143908124812
0.38345563810985706 0.430082423117607
0.800168368498847 0.889528446113621
0.1726769583264549 0.043110626135467234
0.013698318604314474 0.6316392549080292
0.3733061801523927 0.6543964446165875
0.7935560251738605 0.2503319461633595
0.6313213397610062 0.36199012421129595
0.6228964422809073 0.4028830056824473
0.6516784561750406 0.9925109956915588
0.4415783328349845 0.6858692090824332
0.7696909485479226 0.40056528265640257
0.6806836150523119 0.8423923550737238
0.06580241941194043 0.9623354875334749
0.7301952946204326 0.2152691726204896
0.2720342597777796 0.6757245758773938
0.5088600139932113 0.4671727780666133
0.4159147294019374 0.7511431120893641
0.24713787574928925 0.7539517313312558
0.8026269755839952 0.31814984403242397
0.06123216425823008 0.7813892865525283
0.6171583566547063 0.25016953349601034
0.23075921017709677 0.2440393485789556
0.04548753368416669 0.9176439499188525
0.8844230022345687 0.9111132681177936
0.4153448675073721 0.9666255788729092
0.8959681370093462 0.7097787586083282
0.9830287152563837 0.5470857230180928
0.9204234346271638 0.03159124777664846
0.3176758042730621 0.9217214712508561
0.8980102812798054 0.7968278613594466
0.42146382163182894 0.3745078505738335
0.5148538299036136 0.8523423618761159
0.1961888404290799 0.11374458080583483
0.34678112296491537 0.8831108881652294
0.14212557799275127 0.1774344384071116
0.28552157033187964 0.4706488214125524
0.22492087058373023 0.8851402533222275
0.1024087099703177 0.8531493265667134
0.4381989286506678 0.46071463800291435
0.14711504500699912 0.39421992141067164
0.1544069678485429 0.9692567797180913
0.7783822661549153 0.6836704953871187
0.027184979747512328 0.2321263507861886
0.10823312879295832 0.5209878942724433
0.4064621409400675 0.5932073077353166
0.15570996018398575 0.2947881304232478
0.5133828754353822 0.3548832520938645
0.13442157133204624 0.8367360664626158
0.47605255471703356 0.6631141699122858
0.38279964674721945 0.8635813072622758
0.867848258249394 0.45592493528652445
0.046668987855007504 0.4810263400731398
0.38702262482548067 0.816932681776517
0.09086793648332914 0.3753314078569403
0.6852334586679614 0.6923658487410265
0.36993982065387954 0.4132462876372458
0.4063374465840104 0.8210095682458642
0.30408232661265977 0.9146423481680814
0.657181634019111 0.5543681165691416
0.25853987485745167 0.7575996327159245
0.9263911800365936 0.0553114308381204
0.8469868638386069 0.5923905874657445
0.369298153664362 0.7786841361266508
0.6882024463694807 0.27530590258016696
0.7816163742253748 0.12247576714539732
0.9625199870880152 0.9653273880171909
0.5217667924106215 0.787164462887594
0.16408440958428083 0.5894808426537781
0.5851888086507546 0.919380477056462
0.9353876492989919 0.14622868938046674
0.07185408931066939 0.3698890942897941
0.07017215877310501 0.07766969514962341
0.31788632845628517 0.15320102753674014
0.8023916468125531 0.2819094722460955
0.11218877014526396 0.15085897910489265
