10 4 100 2
1721 1623 666 1897 861 489 1857 900 1519 1457
1519 1287 1344 917 681 460 1090 786 390 767
1984 455 1187 994 1325 559 454 1234 893 1838
487 949 737 439 420 479 437 968 1327 1593
578 969 1889 1832 1941 393 1058 1960 827 328
1040 1279 390 1415 1123 1583 445 471 813 626
421 929 899 341 1776 1092 520 1862 1790 1610
1887 1384 475 752 608 568 511 727 649 954
1130 756 456 1418 1452 406 329 977 424 606
384 2027 1267 944 1019 726 1784 363 361 1466
0 6
5 3
2 2
9 2
0.4565464011748736 0.7119647572596958 0.5427860582775633 0.48539451685627555 0.48328290358685744
0.8215042318010861 0.9278662515926022 0.5613962858808317 0.8084583384996313 0.19705156697524107
0.4061109121299382 0.5697106283418872 0.7662370546838095 0.4211085862997699 0.11657569617861352
0.7933695856850398 0.39773303766412416
0.9953287578190693 0.9273176143672386
0.46308440033070397 0.2592963119685614
0.05603453296183303 0.54949772123424
0.8535765973317033 0.31095861864449215
0.9863934509712364 0.8539586037516538
0.2500592115815796 0.3110230460016059
0.299761017489675 0.27450268123352384
0.8519841112848523 0.7269265236427382
0.5958037770210856 0.41976217431845964
0.815700954443167 0.4930240618369881
0.3661583337709604 0.8997831433931318
0.8426257183088237 0.6562442568891658
0.7657882734614725 0.39803798916993016
0.149687743996737 0.10260660682979528
0.9497117956794989 0.3492778988195111
0.21899449875612698 0.7573893170322641
0.032109508775014506 0.3281266725054812
0.37851221142257385 0.971097192988247
0.6223780892680608 0.05190837736317788
0.8486975042882201 0.013887127261699828
0.648821228383609 0.34085679457735907
0.7727017331346557 0.12646765443595664
0.7936834998599251 0.3329543581391692
0.787077658260803 0.25990767843548057
0.4193743816267126 0.5089344593057552
0.3528593451897446 0.7589832711702011
0.1942623854489114 0.9154217961147209
0.37489491009334475 0.5776798724220003
0.07967569287723708 0.5193298428948252
0.04536094489751474 0.8764782826108857
0.9106206391382274 0.5662958386686503
0.11425100522386988 0.3306531018640071
0.22863096263496363 0.7497940347582097
0.6923805595655712 0.6921747421815563
0.8607529381931762 0.015899645783991057
0.5655591438346832 0.6296869941238437
0.3659680208991638 0.432003103076672
0.6812032992702148 0.34706613189034785
0.526609402484183 0.6189395464523162
0.05982217094558728 0.6085879265755001
0.2624797831183081 0.2525394660896416
0.009395012365678967 0.008174998026305502
0.06852822233780143 0.1473116533638974
0.135099986397772 0.15657601270846455
0.4069078138416704 0.4045293244394832
0.4727173837831222 0.37397017592502424
0.21418706094581275 0.4818895837271202
0.01734416308212916 0.4379968955304214
0.3916161460189025 0.30474754049853736
0.7205831057174699 0.47826823779964656
0.5687782460939985 0.21729142463655537
0.8460851665030913 0.451385975674812
0.6569698064317935 0.8538206708262159
0.43903251476625504 0.9189771898672234
0.3702228431601007 0.2254039170555957
0.8836406547794322 0.5652803354799463
0.2428152012393281 0.0050935576042243635
0.8385885519403455 0.6518901381808955
0.6398564621822098 0.25984097666487327
0.5251217998571378 0.8310022095544607
0.8720414693853489 0.3773877619931796
0.09140334812633588 0.3110555112893969
0.7385793021834326 0.22106418517076665
0.11246305258652356 0.1766943869357538
0.22515174888407596 0.012558140116597727
0.9594060543984924 0.5742970475528921
0.9686372117791926 0.3494171508850228
0.7429684015258813 0.5195265473603079
0.310183767490825 0.5950145348877969
0.823993356276459 0.19389339585962473
0.05942403823325071 0.9058637078454987
0.1001141772537475 0.8580474060337
0.7148511440071927 0.19885192258953133
0.6197427272595326 0.6918882390862202
0.31678539573631714 0.493382363301347
0.17653536808997172 0.6895341840319305
0.3476308643150068 0.5143894413372458
0.6447133882438749 0.6940695687387557
0.027691981527032894 0.5856102262195653
0.7295650161212741 0.4256145499424169
0.3413785230323654 0.960453811912132
0.6055587823434159 0.4675838352166717
0.5661779052791531 0.34696340606092924
0.918105755288608 0.1176054923999843
0.4276067788358817 0.2072104617037942
0.26829506249719626 0.8043407318073832
0.8587221441874737 0.9325146975575245
0.6193871988957464 0.6331403617861509
0.21876670392072595 0.5757382756415117
0.14006312942646182 0.28738423795740764
0.7940975514394046 0.28970073554410036
0.02725604970920048 0.05178275758083273
0.6780743088760752 0.914593949619612
0.36661030192135113 0.3211214809939349
0.12965203049117813 0.9255921518919281
0.2765714904091956 0.681766558113738
0.2767679915635455 0.08096236422298975
0.4536151157198953 0.9587746851010883
0.08574954638876364 0.5512512893336416
0.6347206648968522 0.424211988128429
0.3514790418429823 0.8969247965921683
0.6389898057093826 0.46974534464572515
0.46425414887232197 0.9803947437788114
0.2648486275768136 0.12498076455781826
0.4201362399103028 0.9820234972291171
0.08443782434241198 0.5478955811112791
0.8694611081096242 0.39268555120336845
0.00829385371137037 0.6827643718621328
0.10199710346627167 0.43738926155031055
0.46078461993322484 0.5390848283955969
0.3077601934021468 0.5752675974143886
0.14462798206413274 0.7983962500891801
0.5530197316163015 0.4214080345645297
0.4082137294849262 0.40109345606848446
0.17265799892448275 0.39707016418440255
0.27621481932072434 0.11391783333759187
0.3868078998040918 0.011779969859962769
0.4962865640532448 0.6806782580010753
0.010342676204935008 0.3434225509071531
0.12624145995131664 0.8581331783008503
0.5090486286994256 0.8840384316783094
0.042750164226009524 0.40335605292110577
0.7407246599330857 0.468916588484245
0.32982665149904045 0.07568042108362016
0.809655801250484 0.1382653371404996
0.8587788493471733 0.8378867565755297
0.9501277308616407 0.33646590488032535
0.7794592219090644 0.3370033431351007
0.3377687725971277 0.36740213369814345
0.4401814888547886 0.3865884233793484
0.0680242565752871 0.30864890872688866
0.6015139000773306 0.2571605459263968
0.6177599757723198 0.5037239776702147
0.7012386269147657 0.8275756177177769
0.4601241721735416 0.22030882441060862
0.5831918310946953 0.7579293241394518
0.518439263405287 0.20819042038003577
0.4168158503913142 0.9894980596856866
0.6927821168168231 0.5086555620557005
0.7565036105642389 0.17878100554429222
0.07390001230376542 0.2002640084971552
0.5782946197652328 0.09760660340828586
0.8919504180469606 0.2530767788458206
0.9570797884675806 0.17614937394739583
0.895607574693519 0.13846602903309702
0.707392092074058 0.7361093921057607
0.4818924945983265 0.10817916215512025
0.3388122865661307 0.48235045503185714
0.8762489849612392 0.40597910679346705
0.22601266463133118 0.5520253313548269
0.3415747431578089 0.578078801989854
0.32178349105493886 0.7299954282737942
0.9809146079470872 0.6418866158409464
0.22461658086439984 0.11684445067295868
0.412093560489347 0.5316175459539796
0.7736574366410811 0.2536656653615521
0.24919785804112093 0.781556462997254
0.6475018070089078 0.5568691639758048
0.03492445812821199 0.5300645138210178
0.8610611938059882 0.8313517780290762
0.5004831555719662 0.2535112160848352
0.6687108726687556 0.37157542873246596
0.31700731529611725 0.6989117426343361
0.8274318959000417 0.37250489897288164
0.8208295168351041 0.79019022798381
0.5362368207573383 0.46669491624469517
0.7975401613143596 0.9930288475064364
0.8753457900468231 0.586724532190227
0.510302300181108 0.01791446877943592
0.7708498188173347 0.2359257101554897
0.38763020662394765 0.81536829647021
0.4158871623114906 0.4654639674318404
0.5516239640941183 0.1673634472207166
0.7123200161033816 0.7248261556729503
0.7583003374561961 0.1293939086925533
0.42040642390885696 0.9476333927758411
0.1291908142027831 0.3365737741797503
0.2281786937142516 0.1387790282841106
0.6844618024126938 0.8024601939437996
0.6881505288256902 0.5348281923267704
0.4829805583066271 0.5178700002389427
0.38377402795472326 0.1342419146432141
0.5147627924753913 0.526831519772635
0.1566095760637236 0.5276057447627258
0.25883038168210715 0.4695293641132747
0.7771882597792921 0.7258200903016137
0.9848078178286086 0.3021488677957922
0.1210510906074973 0.8720888792797032
0.037343447264759355 0.3963174471939208
0.7303841676623752 0.40383262378428997
0.7689889496839979 0.7223681511227666
0.21610168890484194 0.28121854669635504
0.07962471001322546 0.36203156479326704
0.5529054151247017 0.17290244588954828
0.9169506708216915 0.1514794031888047
0.9213256664525826 0.30123551429736706
0.5954038542724311 0.6031222666320792
0.20195020927229979 0.5437236375757106
0.1596194364886705 0.102584862643045
0.9765298085257033 0.7504487169786649
0.9866016538579783 0.46549366507265555
0.8154711554066334 0.6784774920232899
0.9505185242537837 0.3316220135989214
0.12132456977451889 0.23033532260692335
0.9231806975049335 0.8716172697417774
0.3029772399757862 0.3148003854312127
0.799626386512311 0.08220747521347294
0.21334169159196592 0.6796937907890301
0.34902805251643754 0.8560483567681398
0.6681263195787963 0.5984089084864077
0.6159991807911138 0.44623472036479095
0.9336390026202042 0.04490729671689553
0.204950083882097 0.46953563741104154
0.5310825481733403 0.38946159195833663
0.32572511564238926 0.584856599035996
0.11301108519447234 0.9938794105284736
0.7156191272626145 0.45370108396205944
0.08338641341097852 0.3014391535135743
0.37604676764075884 0.3805651469365825
0.5049724850959678 0.30687951764196386
0.7969776899758074 0.9072037175870256
0.3526527900996683 0.5074271272175892
0.8416210951689846 0.8381960566368101
0.3867131064630416 0.38903581829235656
0.4605870027937282 0.47554975389045184
0.22136219191697393 0.5958507566800622
0.27777580155816084 0.12795082154833248
0.24389022622394707 0.12581977750805917
0.7088381830382116 0.2953727640571737
0.4304276511273748 0.6773439887477464
0.669987431528569 0.9238037542998945
0.9756937314151746 0.43535847381353876
0.9837569241189972 0.848316212480404
0.12549785021568294 0.7482768693406403
0.758268708691314 0.22696220495931918
0.44201354186969666 0.5405622390664382
0.7389222836263523 0.33310232433983344
0.6082886542804764 0.5941893540750989
0.8191602561982927 0.09673694311563263
0.31691686206635605 0.41251358483106726
0.36428954429901617 0.23528408807983303
0.22072876325733315 0.19098583096985222
0.43119832189094764 0.8161615502042359
0.8248672174294862 0.08206492026570777
0.09272261814498806 0.8650586486930854
0.4950314495866135 0.7514614021764932
0.1959389929980926 0.9913870925556603
0.3772776942858511 0.42572574555343334
0.3140515659076215 0.13104065114218222
0.30600555024563136 0.3441484237146666
0.013204618602025153 0.808574915898592
0.5477185107072475 0.19725894500736763
0.8630694435772919 0.8799254582602523
0.6569984801781361 0.9591804789829041
0.6821913243206079 0.22170090553121868
0.8861308917911357 0.2570747259921058
0.7041677686099779 0.5429491035607845
0.5307336795097357 0.4346100538303095
0.507651258807212 0.8708645453601302
0.727639789832949 0.0941727062749127
0.9650286130280552 0.4600701956482276
0.4525442541684639 0.38518455271973706
0.14561803337214463 0.8571861414832855
0.27427558351848025 0.13825632466141013
0.49354872819309836 0.651440599278458
0.23651999736186125 0.6551256149334277
0.6178721922959538 0.6946934463584209
0.8999868482588798 0.08893452735497887
0.33011586416734473 0.5572829836741553
0.9484186069337319 0.5683111740313178
0.304364070463649 0.876235131201144
0.05492930670846108 0.605475505234043
0.1437816211277958 0.04360626187677874
0.9581307390962641 0.18075967092915102
0.7891566491412443 0.799938846693125
0.8549139885187313 0.9180213187137547
0.7512728039654473 0.8220406656624497
0.2929751041768627 0.4847175797192145
0.37410828726917633 0.06463981860528945
0.7951324597892291 0.3918765190086333
0.20397716214561634 0.8935745879827077
0.7405753909965993 0.6967129757364092
0.33295985939550277 0.13766417748560245
0.07110308005705646 0.7641771642022579
0.4920864977493917 0.7605252227532493
0.5821136030385388 0.4445786703632628
0.8015069563008637 0.532513590110012
0.7951315094182982 0.3839532100083156
0.559667864091064 0.5505990901056228
0.6699276116722315 0.8349440980233265
0.3399248412717808 0.0034922142199744766
0.6279848947871662 0.17927392505426032
0.8231823237338787 0.5335375244857654
0.2209221494231144 0.14498057999807168
0.7094802904054698 0.16783866913408652
0.7599826084999297 0.09442958198952778
0.7331872802610595 0.5454554760942609
0.5132985407890045 0.43920819279960943
0.7484109415483362 0.9874916115547483
