10 2 100 4
1329 753 545 1599 1274 1580 466 851 548 1663
1545 860 1125 1589 755 1435 675 699 1783 1845
858 799 889 638 1369 1127 1249 717 995 579
1513 616 1379 421 1562 472 700 1076 1205 814
1679 1183 665 1628 983 1676 422 739 987 1434
508 868 701 970 1099 1504 1104 1616 971 801
1454 1471 476 515 966 1245 746 1078 1326 1445
897 901 425 759 1396 639 917 1546 610 1086
437 1405 1381 797 680 525 576 518 585 1409
423 654 492 515 1166 1587 1353 468 783 913
4 9
9 5
0.86368177363778 0.867584272802381 0.4948361779019729 0.5546904282508489 0.2418146512042598
0.469043442597463 0.9930662319568158
0.28641737957038704 0.7261916945258966
0.8984654686175482 0.2217416075969001
0.45038383235543633 0.6222232594993486
0.6244159238319045 0.6120548556335559
0.6476145713584589 0.6463120144198706
0.43856781468076744 0.022835610017845953
0.6595700234151631 0.05500338229964963
0.15091185224856596 0.580871609386362
0.9105803311972989 0.501867418164242
0.37368239413783133 0.5420605098024791
0.20927520616597084 0.8100527558346842
0.9327739803699087 0.22556812672710458
0.57243897792258 0.29665345943487664
0.9429710815026393 0.5692080228128464
0.1424834305458913 0.6168289886233611
0.15264088124054842 0.8972959228374602
0.11360479275043622 0.636120843197661
0.16535147673455874 0.9057423521835515
0.5048179000734463 0.8465660398711317
0.9157600262838814 0.1474125151320178
0.7659840315852204 0.0017269745232326716
0.9790809921765538 0.5553497286648987
0.5886637645533586 0.29159772068454637
0.612567859025162 0.8723540030954167
0.34996824561190376 0.5206690009762978
0.04977711142737573 0.2835220620101311
0.9927903171258203 0.4989930824288549
0.6331363161148642 0.706490745936107
0.037843062493003066 0.14293076549319395
0.3645685986181466 0.8511614362366235
0.13008443826182403 0.7402814222510365
0.01885915574341457 0.0340986044201006
0.3110149037734047 0.4224127319881279
0.3966074858115274 0.7400123483882555
0.04630737457820455 0.5698832927246156
0.22796121638954236 0.6895470987753021
0.3756600643003285 0.803943544947813
0.838089391997447 0.4958843885047606
0.2884147884509731 0.38237740371972473
0.7923190452668591 0.29322020968139095
0.8531540772100537 0.7210937259088246
0.6805312521371232 0.6576168904111936
0.6317882821749201 0.4479995599686666
0.030967111669165215 0.15762259126781597
0.8822639836381136 0.7834448270059615
0.5705977070935053 0.5657973428896916
0.654936637655658 0.30008042135717017
0.007583777806827063 0.6159058841824336
0.8872876639693779 0.3102604178766688
0.6520472414733836 0.15791145038430088
0.18170648372692777 0.12829090136869814
0.5778069517300779 0.7303388834110782
0.32324684701388473 0.29885436123588893
0.5766917855479774 0.8752521126709063
0.15209750436701142 0.8936172906232493
0.08980203809359844 0.3040981036845607
0.6927007672379979 0.8381221667366245
0.27933538433626226 0.4990465951957821
0.9067203571494147 0.06693799532771161
0.5956474665552174 0.26086390978589846
0.8719627162177748 0.6342194464900894
0.09232593001907752 0.6282432813369612
0.2745781817089705 0.8101807401248999
0.5882141139061137 0.7119704018005188
0.24810540733051067 0.8722129362950355
0.161536640709675 0.07351147516841783
0.20816801825612252 0.8413214067256602
0.6541381618119826 0.02665333861300545
0.09081536035352333 0.9311968360092768
0.00034060919301781567 0.7164598203520209
0.9205887000682358 0.2926882283228325
0.5840458525444858 0.9465576256920907
0.3070388322486819 0.7051885144186647
0.682392933632954 0.7378634979603005
0.8608833682585675 0.5949847103492023
0.26909564867557334 0.502193846210403
0.48602574951686695 0.7044807612820847
0.46428717164641586 0.7179799871474632
0.351620030813111 0.5371774075552258
0.11996906034192367 0.21658356083294006
0.5237822139664563 0.3416978997775122
0.9112859051844022 0.017038999535490706
0.9132025149652874 0.761662865662877
0.056415920359401905 0.08843911628094303
0.3541436535763032 0.7120446074228075
0.7044298010072145 0.3679951905207062
0.6729495412540081 0.0430590555462671
0.3616336922972041 0.23112326050431564
0.7843937908011946 0.9921137606158852
0.27756147350495675 0.7017195272715566
0.8977478698837205 0.4287017071525627
0.09450548459804176 0.7585489691402336
0.7953843924652839 0.203861147407443
0.916104946990935 0.26332902718166173
0.9286750953510401 0.8681362401322623
0.10197540536467531 0.12275566511030678
0.9018023293138404 0.7906313140899661
0.7232001316584542 0.006794263900292918
0.259314978567023 0.7125127288618973
