10 8 100 5
539 724 767 1007 876 832 1064 1081 914 818
690 921 840 643 1107 1238 1206 898 781 640
469 1036 754 1210 1039 1165 1407 1056 1304 776
905 661 832 1333 1218 1398 1133 1484 1098 1224
477 695 938 1059 1113 1510 1455 1344 1509 1221
865 810 1008 1036 1170 1226 1271 1249 1465 1141
655 737 978 914 1409 1253 1432 1331 1268 1179
536 684 771 937 1080 1263 1173 1484 1362 1028
446 525 597 743 1114 966 1380 948 1123 910
471 668 581 652 680 1257 805 976 1054 980
1 1
3 5
7 3
6 7
9 4
9 2
0 4
4 4
0.48520001046157846 0.76382049984193 0.4687787181252308 0.3640456584661043 0.4266865273282022
0.6658987790517208 0.4463506741776643 0.7624334926060238 0.9831144252594735 0.2641307372123366
0.6791932702232077 0.47819574896452266 0.829459169684156 0.7243857907037703 0.2926918768898228
0.7225774744346194 0.7105682638724149 0.6057449981402137 0.4678617716458879 0.3810085611596322
0.8888703450811746 0.8024610905014709 0.6921891665690612 0.6441987143193291 0.18259352277119867
0.730708491620282 0.8677586567450373 0.3375101318825375 0.36664630658394637 0.42662458633542355
0.3177386531605559 0.5393408690394385 0.43557912243551006 0.425008988968112 0.4670876797240048
0.9957893649354219 0.38398543756875636
0.7106723898543563 0.20919252313119863
0.989356790592882 0.0712858811902164
0.4868943889800359 0.5978773650673062
0.4509463492414678 0.8488527046704384
0.6035634571460937 0.3365824551751715
0.6744142723030768 0.4768719913710957
0.6944780212467123 0.6275327227054504
0.7380994264108691 0.8390454808726029
0.07694870476043425 0.2908292688444918
0.5735622531539173 0.9736378197990982
0.6561292538129957 0.18439999210651425
0.5491821956549019 0.7907690167045933
0.7681968818980025 0.09784220527993104
0.4327085602684486 0.8385297829034029
0.0590342224241549 0.20668226517475197
0.6516819317634635 0.23096238114336343
0.7273161033697206 0.9746008327178795
0.9713771613896884 0.5815968799758009
0.07126701127388246 0.5811408804086269
0.9415142006333348 0.5905527545504659
0.9105674841115519 0.9893499263873995
0.5418816327761617 0.6296253483538312
0.8488479358400629 0.5770196449919471
0.39925584071664844 0.42792560657545464
0.9273780850140767 0.44342913997850086
0.2978914458635493 0.135832413728999
0.6329433698441025 0.040798341681556716
0.8148057450694284 0.8944904757064776
0.8879343309234649 0.5069124881804945
0.19726480473101815 0.0742204284301522
0.5020717655311306 0.8212312830250437
0.23509987575025315 0.8499306560187265
0.9194195602029391 0.7641076972848657
0.746736616651881 0.6539107576115295
0.28680895205115675 0.42963113480100357
0.5693983384934795 0.7500512261594927
0.3772731908438238 0.11566098686301562
0.3847860294792109 0.30738156375576065
0.3019376571172796 0.12641688357041736
0.8401423101830428 0.5349538231361362
0.19064970789822255 0.8606168006816788
0.8325163747293525 0.5951166907922443
0.9512576113933575 0.10737100230092222
0.25586514519559533 0.2342048454309258
0.009026038512304435 0.2844767097623442
0.5421629080353261 0.8681544634390501
0.30675458972514247 0.058541215972648386
0.054035286958521445 0.7245798042690204
0.8430442995148084 0.37673020477757024
0.11476663646361329 0.8481072564056729
0.7898986231129959 0.5605610054097852
0.1833820725461508 0.55976552260476
0.2174584298051374 0.35165901231558205
0.7475045181681914 0.2551400377386166
0.3252123751067386 0.30496752903901037
0.9996133757757459 0.032303367743196754
0.7795001189300281 0.949529559837138
0.7345844892367899 0.9292240312552562
0.2257366991400811 0.5038467349164737
0.7177505848200114 0.4800566788011025
0.4265171751511325 0.3959222498232897
0.6449767928742152 0.8804837720675371
0.8866072709342947 0.045308623023622596
0.8449155002367386 0.3575143570394492
0.3288498582531576 0.834945543384265
0.004477040689168765 0.3291697463743726
0.3700658671979298 0.012629032076137081
0.7167155797570708 0.6618290691973461
0.4657892866081128 0.09328955499388636
0.030376769388037683 0.1093109134159973
0.3043929973828414 0.09918143757634468
0.5743685008405182 0.8345104397816654
0.028628107591151863 0.03134597222638069
0.7458502218293284 0.03906113212280715
0.953388538142302 0.6942700460766347
0.31592304845614394 0.6434734378890394
0.9551116346328528 0.9617848082079328
0.4651142728044493 0.8137518135546642
0.26511032974317095 0.11808327204372837
0.1785568841709897 0.46630966803467166
0.8214430307030216 0.746315190218928
0.7137524738192627 0.5239288695950055
0.8776691629764755 0.23653780384562628
0.6226550023022432 0.4198173325053318
0.4975775561956619 0.002416335355997612
0.11048650888376588 0.7665652217327303
0.11474058387983121 0.766735079506677
0.11755955645011507 0.03887755418449368
0.20403119604301034 0.75770034573172
0.6222015531714642 0.38730616075351
0.09270672141645564 0.9056999771949155
0.02087462565702025 0.009164152327090003
0.6508778933088442 0.47622200884827337
0.37222552583319657 0.01780735077371487
0.3586073859888841 0.3654787979053109
0.014663195538903384 0.00643187135533041
0.6828203412769065 0.0592409945117951
0.9189726178672069 0.38984196459481546
0.5291118361483147 0.7016408135555801
0.9374024046497611 0.9019106312151619
0.8520568523957981 0.425165761631638
0.21802181506263385 0.36631848389248
0.5677167044601759 0.36261740184877644
0.894870068329173 0.5212131837211351
0.452121931803134 0.3699626331617245
0.5341859435563925 0.9636059682931122
0.6567734348884453 0.22045169091147065
0.3131965983437237 0.2087099817941227
0.7500688637360102 0.8809895664858616
0.6446810708067086 0.5438513854095643
0.3539466048097979 0.23519306967592613
0.6699958538417043 0.08604510415548661
0.6869857385696814 0.3415360738981281
0.24435958451479833 0.5921908169398398
0.07032880631679728 0.9279147662194958
0.5318627966335445 0.355509511653628
0.34223519886677667 0.17772932461034507
0.5675173924263204 0.414814618880639
0.6106950552175716 0.45972156413781984
0.5612708254713477 0.38650503049725815
0.7366192830885887 0.3720039775038744
0.5451536625597893 0.0930418382897662
0.6232975419250848 0.7173634560767732
0.3215896522354411 0.3552837020496613
0.23578729975223167 0.9865206587140212
0.8608423044853264 0.8722871811219541
0.8937355097152297 0.9344450783921501
0.5736202509974386 0.9544947901214444
0.4942296667625161 0.09408213213293215
0.24215251333845966 0.9049474500198151
0.8574037833397987 0.24539485712055464
0.8591556735421171 0.33074202122025187
0.15761918230891303 0.5260644842325217
0.9309246460133132 0.5426556165720384
0.9262334168399369 0.8197971806294402
0.6404146965325896 0.4885880893171821
0.7392590191106241 0.15640277757580034
0.06128417196924474 0.44709692137160273
0.3864719176407836 0.9468588819799335
0.8350441470899954 0.4775515336800169
0.8042604047618513 0.9815081089402737
0.18225702392938836 0.9513030568782239
0.9523267543834661 0.030666739791149977
0.7272861749536612 0.8393865249203791
0.8812828762527605 0.3275044210997018
0.7058854234709999 0.7362542990777283
0.8282560978900548 0.06108409372093382
0.4769687407377803 0.0038558807119706273
0.8336223736356632 0.6417128077109477
0.33845713077426876 0.20323391011457081
0.4453593131940208 0.570689452715085
0.1015012190463751 0.7109812127478836
0.1456078708652091 0.03922930449926887
0.5035372765722339 0.3846767387742067
0.6601066130085036 0.4852594905789227
0.7147047389085244 0.535182583306441
0.2641904087438558 0.7811588802883058
0.6707237711776213 0.1774229605974298
0.16193851585586416 0.3867629519666669
0.6416598190789646 0.856407754145927
0.3702482215365839 0.30181425232905945
0.03640019971883279 0.029576403349754088
0.19430975425173158 0.7416227329532947
0.17217032808331312 0.9922547201264713
0.4527824175835238 0.8560952061130356
0.7098369733023975 0.8068569534518073
0.10683813689921906 0.23825153529235688
0.8079522843573583 0.06507721579598913
0.7742769977541664 0.01251207338231275
0.9061764929654874 0.6305809153857949
0.5947375191584678 0.2866117363507681
0.20600052462885565 0.9569103171431195
0.7958252445417815 0.5007791535880697
0.5863075644237097 0.3519144954404356
0.846190390754457 0.3072789405357672
0.6689800982237852 0.8739079826325049
0.38766444087511687 0.24240139931512483
0.7072476573876152 0.823277280847716
0.23777752495211857 0.4878891429249761
0.045369932936891066 0.07004868918057516
0.9266740552843908 0.5356348677899474
0.5305506479533606 0.10798490693683549
0.18880392435306925 0.25562142035236035
0.6232154905070937 0.7180878137941515
0.9695362890761499 0.282223135556541
0.848894801971616 0.8469109729522946
0.2792364363364408 0.8916478631055955
0.44179255735975764 0.4709591389191037
0.859032265245177 0.5859189084535117
0.5686185164168793 0.7768287405125509
0.06723276757241536 0.6641941256507427
0.22904335520719799 0.9463274331520974
0.3592626235706762 0.33904052859064726
0.673048890255743 0.7348713604494956
0.3886471021729767 0.15148129436857438
0.32582220021089103 0.5859434669536705
0.36882434040675527 0.6083646007241168
0.7091867320698932 0.5423534035043602
0.19300328798394584 0.7596732073185166
0.05199984922317191 0.7291942953975135
0.33905048156664397 0.8006930248410118
0.44999373644238494 0.7339276985589991
0.22985180126213778 0.597587862414451
0.54728132166649 0.8046442011001065
0.5501393065293914 0.34926433501732124
0.007204055683669219 0.7526416347668428
0.043432423962895594 0.5399961421699067
0.1072781537163996 0.6478057598577542
0.32677910585159364 0.9025523887677753
0.03426686464508921 0.8447372992676843
0.9160374766290664 0.8254172747711048
0.7951557955958137 0.09284412960739052
0.37119128263443635 0.9643111146683094
0.9969329786633145 0.3109658727786726
0.6223887559578205 0.8483744331931631
0.48105885579336216 0.5400704086014108
0.6847054616459762 0.9592590983312208
0.4057047890810177 0.7047883247475473
0.5135408424471943 0.7965281762925489
0.34919158074414036 0.06336836566492399
0.004533662669965688 0.2295686074305303
0.019301287669820866 0.9419669869458933
0.4618796473728266 0.30472378879286466
0.8055148167959503 0.585608855560428
0.8705756341966575 0.34597633162332997
0.874248611547916 0.9902943395154591
0.6907968658828152 0.1412021451458958
0.6009042022093216 0.5823743990974577
0.599050841767977 0.14140151709139492
0.04825391602371587 0.0011354121928266458
0.18430817064783644 0.7699794825980424
0.15039440482875244 0.46560217750153887
0.519730805030777 0.39251921685772295
0.04665600376762824 0.3170934118705315
0.2356023495187407 0.052972913661086585
0.044988895219812086 0.2566569429968186
0.6919691518419042 0.24322383036282402
0.9982754507850258 0.20629205812135076
0.3747825878182758 0.813069485404704
0.2872463034199906 0.9478303061131619
0.7255028201055296 0.5968418692281436
0.03682389234836547 0.26782258344787513
0.30908861902472684 0.05991833683792591
0.9848397236843092 0.9510090253572065
0.40501054904466405 0.26088944461087227
0.21692366735465263 0.44455694338075524
0.48533640958209623 0.06961858476771932
0.3218478531949853 0.8399577366321918
0.5999296374947305 0.36774119544887274
0.5396963475162204 0.37159087139203817
0.7668251531202568 0.07636805134617619
0.49673417427671707 0.603652378089067
0.40181642053714284 0.6588400888162398
0.5788635876524031 0.06844777622417686
0.5677907157359172 0.8089138449763988
0.34167453826741845 0.03847445495831314
0.5533651456499271 0.5173643101846934
0.09522034672097224 0.3053172585457844
0.6998554845983103 0.8304473652613407
0.16078352125120876 0.6883244331443628
0.12484724386465818 0.1516248746094575
0.5183305598573185 0.26811413789673266
0.7944860664304008 0.5351787090585727
0.43269751584679983 0.9039120148507365
0.19251740158662423 0.11448973909604732
0.826507056015408 0.4624446076295048
0.9951622321587419 0.795863173054147
0.25280774845147036 0.7214511401039809
0.7840729319315447 0.3278043673243043
0.5794824033823944 0.8170422510590933
0.3523425320084903 0.5666436653254339
0.35210057177466436 0.17376531860866762
0.8910893161479674 0.009798777754398413
0.9160624404152855 0.9718404701509693
0.8987928912690064 0.1425583971911566
0.24828735613382746 0.35055296733992325
0.03625748050435407 0.004629761301521151
0.9862398443623184 0.22024012467567977
0.1653290030427168 0.3540077590039252
0.7243540151579211 0.9664978721400772
0.9911080410621711 0.17764496654143191
0.8896851475071674 0.9099389292228808
0.13394800704530274 0.6742957894016082
0.15327479861348237 0.9000737055577448
0.7051740239047801 0.02110422031921555
0.36648209998668935 0.00643722348417608
0.4628423522802363 0.5880871099414269
0.4516023542260801 0.5932744171731856
0.01812682209128358 0.573658571567842
0.9624453028614217 0.17800181753015298
0.8050586484431592 0.1264321318506061
0.30240593229000323 0.9924767106302501
0.44069846589728745 0.0381454527953784
0.14076225748551363 0.1929119811352893
0.1468458323012365 0.3659868900532024
0.5382654425342126 0.028475725418906528
0.3540681079081187 0.31338661150352753
0.3229241961065028 0.7041954404091846
0.7314227225986674 0.627890930150256
0.6348705512486674 0.1619445301008744
0.6589768212391764 0.9946021290125469
0.030178644467180993 0.58592589088947
0.5608828349277126 0.8003090468654968
0.5323906675309191 0.9152940621789261
0.6509192038131999 0.736788415386467
0.6841261637878657 0.9527344023051068
0.5661355427764938 0.03055677443616034
0.15810808064301463 0.30366319296039856
0.027675838899287042 0.521876081938951
0.21543824455650085 0.9286964029928613
0.2421882132438078 0.8530485402119858
0.6964820205930646 0.044098105420014244
0.7734065112287807 0.06820351092821553
0.7550467191047032 0.3235553716705941
0.32284168573022076 0.47835504955339614
0.769670197441835 0.7524515888945367
0.9353710993850128 0.8806352986361494
0.4580172702017862 0.8816998656863586
0.16713145338490687 0.5067742687776482
0.7529553230859296 0.655973691589997
0.9983718485519146 0.32815547293223
0.50005766213214 0.6498904993443624
0.6795207084968302 0.8044370101899054
0.07254596031304561 0.5659181181376269
0.185906753130463 0.9534609367365494
0.7572435028144602 0.25740190076385083
0.9288438586181482 0.5636781836438061
0.7680943117957895 0.16995074892706152
0.43786101157598556 0.016460599578288493
0.490771703470124 0.3663457027737229
0.8957380219506634 0.694119786538226
0.3139749847551878 0.25900135899740717
0.48174409094167836 0.5615853148993855
0.10554037379807579 0.6491852753497016
0.35945236424616267 0.9088566282756241
0.1941563923139702 0.13363169382992535
0.8459901312410412 0.8890831232997278
0.6895764810910117 0.022411568476049304
0.9346424217111633 0.5319902116415747
0.3907626763697347 0.9159960435896317
0.28308493488065123 0.47589448098599085
0.4507021814423058 0.867650289334331
0.22816970607193565 0.26305889569695085
0.3933404500082609 0.49621128995479724
0.13058160721878354 0.9588424203771988
0.024366789178213333 0.8822756100956968
0.02785896945639066 0.07754508298595075
0.8236299057433616 0.1347563223432371
0.727244601165999 0.9319700528183457
0.7025046191203568 0.566670609531011
0.7835797004737635 0.1442701003595952
0.08798374936179365 0.35589681095195624
0.0622296312840287 0.975906484351319
0.7654756579281865 0.29824298981510133
0.5283117412796361 0.8862818820193574
0.1979249918793755 0.8792393436608807
0.9242058354733766 0.7679048603610477
0.5071481658038715 0.5451161857541851
0.5879501704568948 0.07378842513350414
0.3232688130953212 0.9112621594868964
0.3600659964210009 0.4736499589701628
0.37448601267211523 0.5247036766846715
0.4473517038060493 0.757796556814657
0.8613076798390571 0.2929034441426661
0.11393172452210609 0.9116063124677407
0.33937823052597116 0.3638971044034358
0.8892915875046163 0.7475185692337243
0.01865148686935325 0.6686256029116298
0.8439203647821394 0.3106342951696812
0.5005768695445245 0.09497353025218924
0.24561823294266705 0.7233879228363191
0.8395955828226471 0.5866448162275439
0.18175231700903915 0.18457780360613651
0.49320039766262314 0.3016890704766775
0.8211771666531347 0.7345115417773707
0.8945822296571482 0.648731678919025
0.4284585085331758 0.05716675226979406
0.9648936405602535 0.6180691458922958
0.6845197754435066 0.5531054164714084
0.6409764103799751 0.4035921275986034
0.8413608714739271 0.26676044388057973
0.6443316450363141 0.11473637052963226
0.5109700072149639 0.44595119521714555
0.14281565731292 0.6768503697699539
0.8640808230546528 0.2529392218173223
0.25612505882328374 0.762854085091379
0.029820939706404426 0.822764520633589
0.9672712987987713 0.9714070327441195
0.06890026901624413 0.9904495070697403
0.6439515211839761 0.5261311151016259
0.14930913281659008 0.7767128084110535
0.1155233703324492 0.8585933932757417
0.817662917111764 0.3867708643521215
0.9637397214863315 0.5839159076914906
0.23054224712568194 0.49856274863231986
0.2964485373764896 0.10166794709485272
0.8247934296764097 0.2800762296992978
0.8000192440722769 0.3790921473332596
0.6937762330952251 0.597925435044969
0.04565229968973572 0.7392894333672881
0.0211742708672642 0.32312633217020625
0.09347544590594481 0.11491063547513436
0.5416129145026831 0.2973640432855196
0.5450234276514072 0.5036605079413359
0.4278494203840044 0.04658446304721653
0.07776254533956317 0.11847071422609923
0.2421829717029751 0.332894673931708
0.3091888357227426 0.9828886034220419
0.14018837477039692 0.9395746710797943
0.10567474690657153 0.5266980440267512
0.9372276795977177 0.9370392938216883
0.41825417835308865 0.956837720437729
0.2871381279140217 0.43535848414025136
0.5402005249787343 0.3731908576122829
0.8567248692944183 0.6744772106571397
0.3395816635017255 0.755557027340255
0.0837148297711734 0.5182800044781231
0.39448530966843753 0.11852747834833943
0.20537293880038798 0.984097625745693
0.04337875137624336 0.7915814085190396
0.3631540095375032 0.3669965893529372
0.5057000527397517 0.47049294097772143
0.100838525737595 0.8405859249238825
0.7708390852169862 0.154302167722985
0.7846593881713553 0.5533244786457352
0.8487785216483117 0.5928600597289653
0.4529799423322607 0.09242384131771186
0.4718723947118846 0.059628581085641175
0.21176504381537598 0.18386721728304156
0.7555249300861979 0.7185324929164194
0.6187251382874952 0.018613658396726684
0.527960267574781 0.9862217418976671
0.7713999139014851 0.6772110105066791
0.6216043259653274 0.05676375451445659
0.9203560038493908 0.2215666577882347
0.5283492313685239 0.6890513365461999
0.7403006987478842 0.7711889041906475
0.9899163780484681 0.22180672211020136
0.14817257276802587 0.8634586112514644
0.6306295533771891 0.23997939068830942
0.23908839568605877 0.4710433940632839
0.3847604327929801 0.3257356757248888
0.6807520470743935 0.42342955111987757
0.16606936752910806 0.8586709731259012
0.06842434485468152 0.356458479151885
0.6216621699119185 0.07722213358675978
0.30548399164273254 0.8021716289779066
0.8085219495441578 0.17145143343406333
0.7075692327009844 0.8356587004740177
0.91912947689532 0.7684120918491337
0.8352100507912603 0.5733739610121731
0.5663533894267696 0.5036435809509268
0.6090811601173045 0.315554897755697
0.12653338194308694 0.7293763484965541
0.9335904428234967 0.06981357981818892
0.2517853205066858 0.7821376110334868
0.8082559348401364 0.5598662455617558
0.723628931735697 0.8885735759308464
0.663365801594721 0.1529533773274656
0.5266104276086241 0.7702495296900131
0.8653812241802972 0.30540937660072975
0.9724256976226016 0.26736862213122237
0.5449240567265672 0.8836710536455494
0.7527186421757621 0.8126228703797367
0.7845268571001633 0.4093127283818667
0.025936356354578693 0.4553043318660588
0.6709374258859977 0.903264895116795
0.9035685385872887 0.8741806746514094
0.4748883743468435 0.9711917222657127
0.2559298720816192 0.9425598225527958
0.7574856794927778 0.07755987418906485
0.2614625414190499 0.4315604852103643
0.19404028768602233 0.3830311298934874
0.961918985169874 0.4912922740270462
0.47806909938457576 0.9156399704839222
0.2275546866942526 0.8036427795608372
0.6704562706160035 0.3752215238875152
0.5711318655285633 0.3674822162050084
0.18832306005308408 0.48271115055185
0.06776053096685919 0.6012276503050837
0.04314038128605757 0.46899126711566197
0.46724043910745894 0.5610777497674173
0.5645853668681446 0.6952181145409873
0.89586703030803 0.3445397612930716
0.12974594264220718 0.5489473885803577
0.031077155715182547 0.8270658383440819
0.028877465567235916 0.7374699913969602
0.42141098719618353 0.07546479244971871
0.6127394407611937 0.9003185328119456
0.8050692027728426 0.4518380423728776
0.4182869855771736 0.8335658560418864
0.15187909917960152 0.5762329177054639
0.418631152911612 0.967191685064015
0.728480404936737 0.5381326160054924
0.04642425674038364 0.7687994191157863
0.1622131136817644 0.33271120312912594
0.8381263461436979 0.7830808587695712
0.11462171949526367 0.046044116055268036
0.09453786942983555 0.9293909108913001
0.08617785790819998 0.6648209277787722
0.12269175629027917 0.3709343864908734
0.7304126133576887 0.11060858195568501
0.049085789510205036 0.9966021074331761
0.9578558953546528 0.34743508128028733
0.9210590805272023 0.3654475283120895
0.769858007583254 0.8072925567074003
0.9236825830763367 0.7522792808290455
0.8879037276439179 0.9160418136561337
0.5949821773462196 0.7898990421759104
0.49458368889095583 0.11947831187156455
0.8859376773065304 0.9708626315818907
0.2232222198318614 0.8803108866887848
0.37914909102503147 0.0952113185191783
0.7203055556151507 0.8225266043681398
0.6765667884773108 0.22874283937537454
0.7098226075618268 0.06070887809339731
0.39828297920184297 0.5789857817632784
0.28288888355599395 0.6899086389739273
0.5282028494299611 0.6857162170528739
0.7472877752484444 0.1402593206654188
0.8714753676818332 0.4319306118897772
0.005785659591578618 0.3907088415614479
0.08398432208272943 0.565475133409971
0.7193370078624381 0.8962439680833814
0.22952854591116645 0.9495271629233579
0.5874103403549922 0.5849564515097836
0.141998979713843 0.6327511309590299
0.6748909959380023 0.2713572412576597
0.8430725986981995 0.26184445121601163
0.28771246780188053 0.09648820383333478
0.6581102867727917 0.44132094398925914
0.4542046645421982 0.8258011338177045
0.4711498603587685 0.7367288741615627
0.3622626091608141 0.5761563650217958
0.6926199423416659 0.84430147969821
0.9430913206262801 0.8241394868631753
0.9135336159487557 0.16908508819623247
0.6131393944414991 0.8405139834737505
0.6665996417295079 0.3831489302710316
0.9162503220244005 0.6122657791095762
0.6906895483666728 0.4347768393727842
0.27095197346593647 0.09359534444738848
0.6997810870121499 0.9437812200922111
0.04180987229285127 0.7081887591452687
0.850644364665728 0.26348422762025603
0.5478095920363977 0.9458947273349774
0.34091508796532 0.359313887649209
0.6196870948861999 0.9188798807045242
0.42914711407638984 0.2575082655896872
0.8539374148787973 0.7424324793019139
0.8543944677802786 0.8682767554302135
0.18186973384497374 0.659706619657416
0.10528596161685733 0.7470372026363585
0.5907005438953341 0.10219368954084018
0.35032014955530744 0.6330640996762873
0.5482561695380128 0.9171893665892652
0.5586027677935739 0.21275553864511387
0.6807123559894022 0.09455849683730855
0.02221711432622886 0.8284322125308932
0.20427174688049243 0.026715107639651015
0.6055601185574577 0.35359986823409306
0.5164909817948047 0.7174279881639092
0.24217350162558682 0.3212906740570922
0.6621146846268757 0.6254450284274813
0.4187261527402928 0.21844642348411591
0.7384595783455916 0.0929622114002766
0.5194942380113452 0.07740084147046677
0.4876628175977944 0.2775021616346385
0.48034178157979324 0.1516196362189688
0.5666951536664551 0.4676962013452104
0.44611808735676894 0.13901692536026888
0.07476769112289539 0.374409749423934
0.4213278423860758 0.49549413458992664
0.40136072146208623 0.8000826061188313
0.4149421715738695 0.7747355678919727
0.46858799098410286 0.4068656457981714
0.945305534155277 0.1258931899835498
0.49720868728083367 0.4592982456128085
0.39917409796612824 0.951777651523287
0.439180799303857 0.22010568669136976
0.4851150933373969 0.5200871814408148
0.7138308831544224 0.0036468950173309533
0.14452011630248274 0.27888999997537844
0.8906131662791474 0.571325959823171
0.6433624474519004 0.14652677683959792
0.5043594611707662 0.8909184623899435
0.6762137772075996 0.6126261444922705
0.05060298793152218 0.915059679658266
0.744121933915155 0.4670377593856867
0.68415252541312 0.5242738758181913
0.03368370217748384 0.8475086976318171
0.8566750156309639 0.4731824609938242
0.05340370897737201 0.30510800363951085
0.897687914978123 0.006806934971757661
0.043870051624721684 0.9795288941022391
0.16083494421733735 0.0524078259952343
0.7914247810520192 0.5624771907903572
0.2127460203766156 0.7397537505158469
0.11950783677551069 0.9380245804327332
0.6286844265059144 0.6922872568156164
0.560990998310372 0.8109521125887336
0.5065303252426205 0.5363061423352529
0.4170869656999019 0.04408074171115617
0.17197454411430924 0.005610194026538506
0.7127885708048456 0.41544416650165417
0.7917408434064557 0.23337722435521568
0.10287534831672462 0.3564652832170605
0.2306440725840797 0.6702928894615205
0.6643886889228088 0.045392019639516556
0.2781494839235854 0.28559780956029
0.83536707735136 0.4256888780872532
0.5756836862418582 0.7598656427666992
0.10504752374987669 0.13415638672457741
0.2031223972510532 0.3265143508254027
0.8712061923781351 0.08541326516999792
0.4113885018619847 0.774881997291516
0.5293720774924036 0.17070693619637045
0.947836803228332 0.03499564815461431
0.9995124286841761 0.1553466941089927
0.053991847573948704 0.973937362534326
0.09574547899697072 0.7529003517054584
0.914268925474697 0.6512990426419636
0.47574379610488204 0.41391241786331645
0.7011127728562299 0.7976379430959464
0.2550205176646587 0.3251417056046171
0.21574715660651989 0.2972037636162559
0.18213822397610047 0.4800555642181257
0.5610310618066188 0.5837454566297418
0.6059608675726083 0.14005107069735034
0.6137096927300953 0.2238830677178314
0.6927988708615074 0.07582735409008867
0.9467059641225719 0.4487517729100061
0.25502173552632557 0.22781421114888478
0.2997418095066726 0.7900889238066995
0.05838932909308192 0.4719757365411499
0.1557278803760207 0.49524118512131654
0.0012634082818014924 0.6197496398745235
0.4644407076973771 0.8944721224522636
0.17616755967098197 0.7254142007609234
0.20168529023656312 0.1247036282959122
0.43479828038165236 0.9446767081410212
0.4672533777283363 0.6031058569528567
0.5495409707418786 0.6700845983786021
0.5477995250887473 0.9064231584135116
0.4471325047828971 0.21876123419363802
0.059466319332037054 0.07790145089681899
0.34014865041595677 0.8678424819189821
0.39813742844234623 0.9120154111612016
0.6115577877959208 0.44830371951227055
0.11467840323695988 0.8874802536012549
0.8238509369449096 0.8698074012397474
0.2607031711983254 0.5008247987466896
0.3702968606252006 0.761068642905276
0.2785466628850304 0.629291727248432
0.1496716277120107 0.21086696661352167
0.45106287022974567 0.4580221720809008
0.30223597186418516 0.282647400398649
0.021420374638736916 0.06022012069863236
0.8134359843714394 0.11331063003716602
0.44138088470471026 0.9534131016157785
0.3798224550338323 0.9746501404751993
0.4013616536671287 0.9108134152983025
0.45467723480197253 0.9856088663083966
0.9770201739394002 0.80927553232363
0.8671538993976153 0.3368191803336935
0.9982587302573749 0.0114228633440292
0.8311838053079215 0.9359967279360031
0.18699180618223643 0.030939490177274154
0.8877376256572589 0.8369548418853296
0.8076538364232273 0.7720064435208027
0.30577790884229694 0.8809937005633519
0.16136534608221087 0.06697102816721534
0.2684211659733151 0.24697167445705315
0.2381940869141268 0.6635450051229945
0.8599626042348534 0.474654199834291
0.2921540841959507 0.8201461212746357
0.7760132875821193 0.27574785405329294
0.4450737903870712 0.6916575742626432
0.7112514845120574 0.5995010397494431
0.25477558968870606 0.7165819725502263
0.18054380491954292 0.12382997407984875
0.36561395885138226 0.40655713952159456
0.016466831604070586 0.27973499894524223
0.4835482979264403 0.6971360835857388
0.19257751614353236 0.5534692837145059
0.782479341711688 0.021279458981287025
0.4132052374780877 0.22287518999703404
0.5763107396728862 0.5140498302467205
0.7005303919182704 0.02922393951959723
0.38772758040311084 0.5501489419747423
0.4554337274139546 0.8566262767191395
0.17226994176002175 0.17776222978296152
0.25095623068836637 0.11533773155369187
0.6723260207351816 0.28223918130868997
0.3709285194762455 0.9869361548821078
0.369063293065788 0.07135067985166832
0.8884017443667562 0.6262906918547091
0.5605932690039706 0.7059049455753614
0.1853193592638751 0.6386134243062784
