10 2 100 1
494 456 560 551 523 527 482 417 443 325
551 597 681 599 612 572 575 481 404 373
682 770 731 721 811 782 680 626 508 437
766 859 905 973 900 887 824 711 601 540
903 992 1056 1175 1152 1062 939 832 703 548
991 1176 1244 1400 1428 1285 1188 951 813 631
1126 1327 1536 1592 1721 1592 1327 1116 907 637
1097 1399 1613 1775 1858 1799 1513 1180 969 751
1120 1410 1675 1900 1949 1754 1500 1273 928 742
1103 1371 1569 1801 1777 1666 1461 1132 926 702
9 6
3 8
0.40786717533532824 0.8032513448042191 0.41312699323693425 0.7445342523405981 0.38165339129182896
0.061703750279134884 0.43079986744789456
0.49351005500619105 0.4196047675419079
0.7378563397905076 0.12019588554989613
0.42470414141592316 0.8669191433977872
0.42598947297370615 0.3217927751030347
0.13872919254802363 0.19698069860328626
0.12670623488298172 0.5199424453812773
0.9885325026943745 0.3570523161699508
0.5023074230290412 0.8743736096731118
0.23494761113381024 0.011000115951361078
0.7549392435635365 0.41395691014240965
0.3801723428328452 0.9924619852635395
0.26300214807722044 0.1039417435993828
0.8941090315510822 0.09690214407776376
0.9500407091510672 0.20693641420676423
0.23715061462403964 0.7209640786309071
0.37197919207639063 0.09077409974005946
0.733310187813905 0.512079663781476
0.8651138279109409 0.8494748892861235
0.24969283550893207 0.34510497630789727
0.8123911836212541 0.317862726579456
0.3959935451004628 0.4726777043418766
0.41921710503660425 0.8453740727372345
0.7636850535576034 0.48691299042151037
0.7317234230458709 0.4847469480928217
0.2160093293406229 0.3922494933624108
0.8467566520459504 0.1392431083609127
0.2471068071403857 0.5499204200763763
0.8953863300673823 0.4583783475887411
0.09380312313473227 0.3851750820153734
0.4798615149266514 0.06756159809543716
0.5216496710491645 0.1810899355978075
0.17907323884159698 0.9515938022920376
0.10733050821178769 0.3540741335252884
0.5308055033922647 0.6977801670460009
0.39144530976277525 0.9618930590794501
0.09724937045426074 0.25398835249614127
0.6104539829265385 0.3376251109294819
0.8234679788457506 0.18979880386470538
0.5365925133130311 0.21585916938054428
0.6500393543272824 0.1844550574292203
0.24642968069262405 0.4799041132323525
0.5330088674702835 0.9768800651728682
0.5015704793272333 0.14117808163686263
0.7559798048250708 0.35107267023718536
0.1556268619172121 0.25024747987837825
0.8350070876308193 0.5304719120182684
0.5559615536862363 0.3296024399485862
0.6397222102701983 0.7907159364425163
0.15412583634597699 0.18223670647413237
0.41020491031229733 0.7337020446199354
0.49353169705184285 0.8441676925030464
0.69689356052599 0.0024636213681050734
0.12295610525212997 0.4228282048821992
0.3126332041271149 0.9657388339250739
0.22654597202259574 0.874176841108592
0.1350327998882388 0.32380385876580897
0.3850831902221783 0.32363448160557184
0.4546359421113042 0.552786924064324
0.34119160545081373 0.3700169479204869
0.3761827289555404 0.32401196596519877
0.2108803359776139 0.4381821182963248
0.4300931132115493 0.46138128549269686
0.658361542139074 0.9795745672128031
0.6742872073557376 0.07926689508226525
0.5503735942895567 0.9629752419231492
0.059365380036273674 0.6875463060167777
0.989013923857964 0.9153085278239521
0.23034671378928895 0.02001007421622636
0.37785502900753243 0.48577090524223165
0.5035364631281505 0.737360717393917
0.03772096574242001 0.12287323919869486
0.11434587297434384 0.4415277591415747
0.1360042515844646 0.9210949436824354
0.7052153571291968 0.17128407361297082
0.9000110404334434 0.6863145269110875
0.03761887781109885 0.8179754253340885
0.926696254583915 0.02328423123866452
0.32056236603645694 0.10079335055711591
0.3531364108385522 0.5269061235322847
0.5214155937396807 0.9589435749357944
0.6740120159092098 0.06404610845352154
0.7833649867712142 0.03269593136543136
0.048296729307141906 0.7878130464025621
0.41309685822208464 0.768936485333314
0.47474446418693206 0.6024338361503878
0.9639560102880482 0.15701477416315357
0.8345197321178031 0.36972721210683757
0.8423627391017325 0.9468535158330513
0.7178281922964809 0.6589296316152211
0.416436272840379 0.9404629092313708
0.16774167391893946 0.9229447102034705
0.864303923589157 0.8669471215010627
0.09125893320601164 0.2896376200384094
0.8393526120184385 0.07595844607110913
0.6558275657333483 0.044711889858070286
0.10693770885440745 0.8941672264651179
0.9737274539606864 0.5973337514677592
0.8747477862734485 0.1819109318138714
0.7107130901462433 0.7582725631370506
