10 3 100 2
1179 796 1320 733 1372 827 758 726 819 759
1393 1312 657 1345 1352 1225 1307 759 955 1296
1180 1055 1387 688 1019 889 909 1213 694 1047
1334 884 771 824 1019 671 672 809 953 832
1039 1378 1422 637 1301 952 1085 987 1319 1303
1155 842 1299 1399 825 796 821 591 1121 922
942 1223 948 770 820 659 1250 1355 706 1159
819 1110 815 880 632 943 973 717 1074 1394
880 693 722 836 625 599 1428 1033 1237 1293
787 722 846 1353 1034 1205 1111 948 1080 1445
5 7
0 3
5 4
0.7738448584302366 0.3698408653793844 0.3676828591705766 0.44624927777881584 0.17577888022087365
0.8379369889907988 0.7079228814456153 0.3227176934921247 0.8360768706976371 0.28900298212579845
0.4662161348054703 0.8540457381688349
0.8011534731839611 0.2029257752785596
0.12328591269779188 0.1528579448031504
0.5508449470987922 0.4665946088245334
0.5769512657064695 0.9410561784466391
0.07803492987416605 0.055331639362492746
0.21639647844437726 0.1232210497439532
0.6347624910928531 0.9281373677357849
0.7937377855092049 0.17580526269586194
0.7821211178643059 0.16031538809129975
0.08543100107681245 0.15605718362120613
0.5495409225204151 0.7787385422866595
0.20021963232365958 0.8531997857377223
0.7819203041819625 0.16422683704105556
0.9539005230806934 0.8303441355043832
0.7255284918039338 0.38965614888163436
0.0018658903278589989 0.8087391923951694
0.22545096977221202 0.8204379421125159
0.1339417413740267 0.9446801426986409
0.9380170712635985 0.2680111953528086
0.053223027436078985 0.6947781823902672
0.7419047070946645 0.14566312738004195
0.46180832164804153 0.9499283687379689
0.7267106326182844 0.8283738454861829
0.29738591047484886 0.3161435824433485
0.12095746706030153 0.23140645871197973
0.3395856679944049 0.061921037812541435
0.6888618140806404 0.5782824145174301
0.8412402929978113 0.7683193508543578
0.6452363052619217 0.4609876034952327
0.038476760509230656 0.07853933854073158
0.9098497954531475 0.4501998499795754
0.21708196047551542 0.5871193833120012
0.2159813281200429 0.25028818371398986
0.4263987789894448 0.9788001450292436
0.5557238839897227 0.11658483513626705
0.9202989982654746 0.028058442029631925
0.4595352976990621 0.9766151515947672
0.6271863290228674 0.6745225966069903
0.13517982130128026 0.37481058879380047
0.0979677178438576 0.7088262490191628
0.28031278511766855 0.26107157586512364
0.6572302263359928 0.5655843724261389
0.2441987192881636 0.5359144852430096
0.7567743875129687 0.4925993518613765
0.8343135669265911 0.7733632132506627
0.5711483981292143 0.3169564546451864
0.5040463724489121 0.34646200881837785
0.9503300473651461 0.22088459021805895
0.757754177637084 0.5344846895313071
0.14268940168448263 0.30755901427030174
0.39449875232047105 0.04746077649190816
0.5094831011573453 0.21458955409766944
0.9564110442527756 0.7706156090718612
0.9978618259062415 0.6183802332660708
0.4147128942984075 0.1934330438699461
0.9338221565267848 0.56489246894741
0.5126254866686475 0.30627070159169834
0.6331761665306594 0.7786840176956455
0.856566822555688 0.8458821738562836
0.3118570738383002 0.7222067965795611
0.6142035740843492 0.09045573146168451
0.1880678662490436 0.9453193802011457
0.9180715134826767 0.9657088942621583
0.3003982415416404 0.11925178190746277
0.7848627906264873 0.530473219607875
0.49644376246214916 0.13398646128726677
0.8543797246009233 0.2137937406052628
0.8012352566826793 0.39791162130957747
0.5510574730965376 0.4877391130701363
0.8350228627083542 0.9979302719457106
0.2793245592141165 0.8281765131204522
0.7647661009639604 0.5342458547529176
0.8654685662224282 0.23710113732492255
0.769196945876611 0.9355853613799539
0.4892670322977586 0.6416885473112761
0.057884821587611546 0.8117179460863513
0.1359442574021359 0.18254596016741842
0.9967603405048109 0.8392561746232057
0.29444586573521314 0.4703048215363841
0.8625026879674305 0.8709895741712834
0.608241269252322 0.07101565805742194
0.26453077353806176 0.10259231685011105
0.9445439079779647 0.6871138094709663
0.8399876940515512 0.717212680761036
0.037677760291302764 0.6524497312318172
0.42405855258225356 0.38127152496699424
0.5670769318978568 0.36612693383530415
0.09934893811345225 0.11712827260656389
0.05989906295647329 0.8420240305777587
0.7611754204755723 0.37644797456773715
0.6642104088065373 0.8499593565114778
0.753194848502355 0.10999492378257081
0.2544053650159661 0.2323134939424525
0.8976099716190622 0.8947873486299645
0.12291830844999208 0.4936667160528523
0.46240686180917057 0.9939072279248131
0.4111232100137754 0.6145785357420266
0.5064765964421467 0.3148992716136225
0.02707709697934102 0.4485625023262163
0.21501212058471264 0.03827053950256487
0.26337152792860663 0.7157691664281669
0.5188954964941523 0.7987710726530799
0.06825035472812324 0.9385134799195844
0.623635870983309 0.056868009659870156
0.787416739685006 0.23380566330909858
0.49068856444564735 0.28142765360621547
0.5001100613725911 0.2286590906230579
0.01573177978518725 0.1968044585201434
0.780818412792095 0.1758863383376199
0.17941179022488707 0.0763517157270368
0.13110070921200734 0.36692272959608907
0.3111688360339926 0.49361923344389314
0.2492944265080803 0.2435162327015994
0.882435471621356 0.8879105726639465
0.6911636522338998 0.7060749255495722
0.13731722448200667 0.6885836987210088
0.6559166281443669 0.5700108043072465
0.17169852437041389 0.22224617534349278
0.6140338112788502 0.3433926314440676
0.9678523117604783 0.8742485442914878
0.45349122584062607 0.810401788735404
0.19940284152629317 0.30773473985802946
0.8571115108641778 0.7402612169002665
0.31221785752597686 0.3270006736959994
0.6534174257474887 0.8961586945204336
0.15737870927476605 0.9583282371665829
0.40957383628675736 0.8985375124688137
0.3208588357412989 0.3679137776592192
0.6665606305468315 0.8088948539270062
0.6951890740434818 0.16526950951591157
0.6704587752745015 0.54727317137842
0.09708338090052537 0.47862575890091397
0.5713029870980515 0.8618070805004283
0.8365703388024746 0.8649875592789771
0.176693342589606 0.6505315001350367
0.8450150368516902 0.09497597905038413
0.004938471742260253 0.4319500126476463
0.4481828163557946 0.4003043262810868
0.33300628814214805 0.1457471732081228
0.041826832560282856 0.36769843908828825
0.0001771785339033105 0.8875701337723578
0.4615630963465258 0.5179440338262113
0.29731532666642346 0.36676971271966985
0.6269730636355346 0.2090526221053488
0.47839648529358025 0.11583166672055856
0.2744098662928798 0.438281233472124
0.4605991522756008 0.7966378294641958
0.20356175633157858 0.4503005139516896
0.8050061005116544 0.08231264214816258
0.6714143770696059 0.8311575109337359
0.24575809809549498 0.9680849241871137
0.8152571690844448 0.7830248423115864
0.8075338194734811 0.5313273338815867
0.6205331584170783 0.7686981568109428
0.46108074771994345 0.07159729996134057
0.7145414187453929 0.1433146882754166
0.3698165174301322 0.9193687383584839
0.7482399719400654 0.7341401045813698
0.36087719401515383 0.12988343155509607
0.23569402510585302 0.8459805856136109
0.5245986115925303 0.9189307423884341
0.906996820691766 0.17981320293513714
0.7764957012125833 0.6471152467115469
0.40775966157805477 0.6992817357103438
0.24251751961404389 0.3518979407393137
0.3364358573844586 0.21889623766045574
0.5266213700411322 0.25709277642665174
0.48052000165744135 0.7113286014536078
0.6325360262006849 0.1025632314018956
0.47191933940140407 0.4773556476875225
0.10408084573728349 0.20488609139941527
0.7045520708714956 0.6990809377916927
0.11802107579410936 0.7431155972333139
0.4547514733054465 0.37664298729040513
0.9178794725183472 0.7776055444364769
0.25405589210417 0.6635563657565606
0.7529448972572996 0.05604049365704844
0.29080282883196396 0.8899415306296772
0.9538220060667659 0.8747713711596474
0.373378786837242 0.19449125772235343
0.1950013343211887 0.8853364105058186
0.722137715395972 0.03178448138973056
0.09770982389323257 0.6165378985593666
0.16867650625523534 0.9950589064689324
0.1709377797193825 0.062244162781414314
0.9687405113826486 0.3463774968857767
0.9707089546536829 0.8243204972795788
0.7009005002263917 0.9864644859173295
0.6980857707475971 0.9178558901835849
0.3075222835905531 0.07583744066031017
0.007894183788639708 0.7783166214943169
0.6263678230678824 0.790969755822625
0.9887461748084467 0.20912906383438523
0.17260887460795749 0.8037049059923334
0.9909241532280615 0.04768667830002182
0.10584652268652817 0.08650220657893493
0.07612712272272937 0.512278946757166
0.6716217200472026 0.8342990376182644
0.46498230165951115 0.5101559078562752
