10 3 100 3
1008 1025 870 871 859 907 900 912 840 881
1087 1059 1054 951 895 890 1035 994 949 942
1190 1164 1144 1075 938 954 1016 1011 876 802
1396 1149 1168 966 940 965 947 953 955 859
1516 1283 1203 1131 990 1051 1064 884 884 854
1766 1560 1387 1250 1202 1116 1044 966 905 835
1521 1244 1255 1051 980 1049 927 949 846 862
1257 1076 1143 909 873 852 893 910 811 743
1065 1011 1012 915 904 787 905 823 798 692
1047 891 930 916 829 864 823 871 743 735
6 0
3 3
4 7
0.8280153449685368 0.9978167261516051 0.5555465757230307 0.4560212263681748 0.3887080065309825
0.3672034561263652 0.4407990816181837 0.5122390656460833 0.6773696955394231 0.34439712293072144
0.8560891878601398 0.36351304054603584
0.1816822527489772 0.8999015511551154
0.994116230384207 0.7814091429748224
0.769309657570477 0.9503217844844984
0.382254730441947 0.8664930788553498
0.57380530435863 0.17357607741788628
0.8955535493223499 0.4775733631601933
0.9056813356685052 0.630304738133133
0.15154545807158404 0.005132046332787743
0.12548310974175148 0.6214689319455244
0.765923795386662 0.361575722422957
0.5070244468823077 0.000619959951529081
0.2612188475756725 0.40861374864901245
0.25296106777097616 0.3712159255583005
0.7258614546845881 0.10122068842028198
0.35782456789808825 0.7555705895594078
0.4170109455093256 0.46134568503210827
0.7255362820477413 0.5302504354548201
0.16438310319810334 0.5801396578815692
0.42691777883925486 0.4900981540338534
0.650740217075513 0.7401026565429294
0.9823106053659443 0.6662281776906784
0.5941510295203101 0.6125603455900999
0.7728494970227027 0.8442557224662479
0.16509347075209613 0.1076962334764251
0.24282142014579877 0.027339499680105073
0.4748953084159573 0.22068394665011093
0.5988617179344917 0.10761484198667226
0.6241807804043475 0.6954855216243025
0.6490265756651075 0.1633466312064702
0.06325937722214148 0.3037610855581616
0.19292489536613355 0.9111237114596904
0.45534694803348064 0.5676728463582195
0.9032494944415499 0.5019598724438716
0.5579245401528368 0.5878591079597033
0.5175826051073225 0.8257395366504654
0.4241592967148118 0.24431013938271962
0.22081251067048746 0.6588036575005449
0.9418380909427877 0.2873983777793794
0.25212346246530926 0.5063839919491608
0.13572069577699009 0.16642779778602868
0.5679103053353798 0.6469831099049843
0.31421704605038236 0.4276130454955087
0.07261029740281622 0.6732127457892465
0.7173097258390193 0.9828576018477138
0.17715813371880818 0.18870560513930212
0.051571771910483566 0.533877548544073
0.5281800804318064 0.22350845655136453
0.641575525516771 0.34152222259176446
0.5617343484331925 0.8634348307597866
0.2267401876766708 0.7352557053418629
0.5601980672650708 0.2133891783776316
0.23896974774297974 0.4243588317430995
0.7165341090680717 0.6071955428963662
0.5346883245975038 0.5759097696017952
0.6236672333576669 0.31868890259528504
0.6311726373904454 0.9219968597402817
0.923933769302006 0.9372542530125232
0.8566282872513071 0.4171483823927973
0.9444112863327652 0.441365281691217
0.9404535527518125 0.6657819166044707
0.407469175008776 0.27057198278974615
0.13880278545241143 0.7624149034783338
0.7665334797747725 0.6986128104594054
0.3778137608296164 0.30352791647147637
0.8843589127496001 0.6870899205381416
0.018033606620863507 0.8923590407933693
0.3596167088298159 0.07387730222862166
0.766551582513354 0.6081275897165934
0.6299507662713923 0.8959883780999591
0.44701658211576034 0.5035145674091319
0.4060639237549941 0.7564651274088401
0.8380888584462924 0.02194845372195675
0.8370341946492641 0.30673514636628685
0.29566381364602723 0.4928092672769959
0.4720663583107272 0.2981373351714618
0.7480146128678042 0.23928954377352807
0.12946399496032024 0.03745626974199756
0.5446065757833418 0.09384045660643103
0.41009203194080057 0.4444577312028062
0.8667019006448058 0.1544400811645823
0.37937258995894063 0.5139392175884876
0.2576225482173966 0.9455574830743361
0.9210795966137237 0.5365130364619526
0.04115021005203334 0.255630206140798
0.059770769166936244 0.07645336073146125
0.08168391386476492 0.054259699669945594
0.865812877601146 0.9538803874544133
0.7446922211597593 0.38400614942334044
0.15340152910041516 0.11721499437436589
0.30540618779499074 0.6821721282368558
0.699203544223711 0.6908737782656598
0.046054133320008406 0.41437797627166373
0.5433791582761116 0.9583346791697083
0.025468105020217235 0.4482982278075738
0.772688992967357 0.19756890299992946
0.5891757134153532 0.6721441038984044
0.8886276688132555 0.6456404681392975
0.7211345105997387 0.8789061788682435
0.7598793952652576 0.8941488158574644
0.4982923913689339 0.7095562630838421
0.7922352862459572 0.9330039868960573
0.1943060168436852 0.20663126159994483
0.09001848041283678 0.7638616817451795
0.19357331902764008 0.2006956270781104
0.042033519090578286 0.3345307321550659
0.7244795412660034 0.8017003656112747
0.36444920520165724 0.8519511469684067
0.11133119029014327 0.6756940548244663
0.24050553265970698 0.840390472279716
0.9287438609136442 0.5681642253540826
0.07011399911922012 0.4956482605767689
0.7313137857447942 0.8525325107916546
0.6240539060152963 0.47990059682503516
0.9614101992528754 0.9666023319763661
0.9723234747318166 0.6131679366829272
0.017609489175142823 0.35509100868998256
0.5899163852968399 0.7025189478033003
0.24865564862415157 0.5477918286738539
0.7658293093124151 0.8558471250712125
0.14027221659281652 0.29586906611946384
0.8945761004776795 0.4299407794473815
0.7646296735453837 0.8691637623558142
0.6461155270153416 0.5796208565704226
0.07148647618177062 0.25884963100274905
0.4310694578720786 0.09389610338000476
0.8588252718352665 0.18502744708210161
0.9950289627857261 0.059553299608184895
0.9302516227620146 0.44909256191423763
0.5291339960747994 0.3816328783038254
0.5479818744095075 0.5693538747973268
0.3280042106984904 0.45739850137553706
0.5341943472232737 0.16017833366688072
0.08950844850009454 0.0327208751992909
0.875808094801696 0.5926383977505798
0.4675887196542181 0.6959232287292172
0.4839230252937021 0.1935718871834904
0.7172770968197939 0.8382866044049495
0.4459106427397821 0.677899472320928
0.8505433978004813 0.07619374354010788
0.11191942349068795 0.9178104993183687
0.5639898656518978 0.49889585944072845
0.8947129649277561 0.3891659243424177
0.09062443066192105 0.7576456897876649
0.24778744175522927 0.6791805021066317
0.15707897743838672 0.4301577130000316
0.07266336738847956 0.9989224563906483
0.9816808866108089 0.4700850210092278
0.5148989712312437 0.5151215601292567
0.37763307413369196 0.2831865853576956
0.5842090444516046 0.6273260913172638
0.408068414407349 0.7027447336395205
0.46727726153444005 0.6728776272710508
0.9143638539955428 0.8703710797460271
0.740717938776682 0.9587469562092985
0.9405995366538802 0.6989041043809245
0.12715404666827768 0.1047303129716497
0.5164253877117806 0.3532510083171849
0.8745791087345638 0.03956120128891727
0.9387133617886838 0.33369671137586243
0.5474379454206839 0.015138125460745444
0.730252253583948 0.35570428025567447
0.42035900785798663 0.9268317703939675
0.3750950983048471 0.4884546318398837
0.8146111037429558 0.196717459423843
0.8964871837670918 0.8005616993463334
0.3990982534189309 0.9287625847271412
0.2912245983012489 0.8104150444437528
0.02384959492755412 0.5261126358941934
0.4437254303195799 0.7194438236842577
0.8020944423927769 0.6453670329637002
0.31779551045159615 0.0010982856632653082
0.4654857694639123 0.12956982829800623
0.3847765910030756 0.11102512193120995
0.8317344862118683 0.8804270935691081
0.2504385435785843 0.11934356490166542
0.7527081474014701 0.828053285876817
0.9018106816363336 0.659115976984818
0.5448412518173724 0.9538572753230212
0.8224320093425825 0.22772887611451642
0.42174710658533643 0.8188350165945055
0.23071487385136735 0.8078355356047997
0.10682803152245746 0.7091587152382395
0.800005953028122 0.3989007951718955
0.5206346544329752 0.7373316937940826
0.09651905670734173 0.09840981537337479
0.0072458893225368914 0.2879200899861407
0.36204233795242957 0.6358618589771969
0.8595119373745306 0.4269623463628729
0.20241551290447335 0.9422692709553748
0.21562494456164516 0.9220102842514797
0.5067555335481451 0.8048296835507511
0.2978175228082114 0.027839252770279765
0.15323396779137544 0.2817633605431584
0.4479454420831239 0.018554208468501754
0.742311048726622 0.28181973566850904
0.3379397949484062 0.45122898570313175
0.5016848202106992 0.008036028546482665
0.6968249522858041 0.6752959522272293
0.9894774054202413 0.5428290703006378
