10 2 100 3
551 368 703 391 475 638 486 426 392 601
667 510 777 649 831 822 735 487 517 369
570 605 881 686 727 734 916 803 589 553
669 924 779 897 1137 893 769 832 837 548
749 1142 1065 996 1241 977 1087 1055 710 637
899 979 1087 1380 1316 1183 1343 971 933 785
1043 1275 1301 1367 1483 1490 1316 1327 1132 925
1211 1191 1367 1425 1432 1450 1616 1391 1070 1078
1220 1461 1512 1641 1496 1431 1551 1201 1175 940
1070 1215 1311 1447 1420 1587 1578 1370 1296 909
5 6
6 1
0.5169430858798572 0.3948287568131643 0.754795913962507 0.5240311297997288 0.47462517458464626
0.7983474804041644 0.765630695855658
0.5721147668085109 0.08883379498436894
0.7338688153078863 0.9461728744394229
0.06905340776572144 0.08163138818173565
0.4648125126572309 0.034246372156897076
0.9038277650805955 0.6698984711889755
0.4337675745771945 0.6519768775563022
0.8806018143950429 0.856438532739273
0.767582923749734 0.0912515323970935
0.8492383104418235 0.398388452720428
0.0920174788898962 0.7570775274554795
0.2049205689427387 0.7350434437668862
0.5180649341179016 0.08753689611367332
0.2665572514858985 0.7307586155945942
0.6490788856341327 0.5399290276561437
0.9554578535486509 0.018905871016254183
0.5625803734949735 0.1777212446559231
0.14829397252711174 0.19221442404883127
0.8021053270884013 0.4923253760085424
0.1065748155720847 0.7873665706271229
0.7176718553540096 0.015902400928922367
0.9675513014344723 0.1886740193462202
0.15739067730859757 0.9927147680831689
0.7801070377839499 0.09892224389931159
0.43533802683304645 0.7326353537159356
0.6207186651010805 0.115505269565358
0.3552939356788014 0.2942824212299284
0.08614900024284311 0.5448238688614753
0.02012827069229406 0.44510947169664816
0.7960707162564367 0.7401063317064269
0.6037558819288369 0.06307002312496524
0.9130411754393297 0.09912039508238557
0.5963999337161219 0.24975389892478295
0.08833393805415657 0.5832367909862781
0.7302397135507377 0.16914355980096896
0.6483266410963511 0.39627898932142047
0.9191026263372064 0.4786036350615783
0.7185377140829226 0.3005630191917399
0.43746767705119693 0.22169170478599454
0.12796947077403065 0.45209085848207486
0.1980884619333554 0.7983928350974667
0.9359796268004663 0.7417404828103993
0.5970034133443467 0.008575596282870634
0.11390412415784379 0.9981871885330418
0.3511121756977116 0.540921845061318
0.7379061132146909 0.33098755079642617
0.5729155203604483 0.4364575150567229
0.28480922909909867 0.858464476248546
0.9459231483303776 0.840115413952137
0.09427200181868334 0.580625528520565
0.5771577329909696 0.4290362178242375
0.23558911882158018 0.6361740159878091
0.11483593297762762 0.540970726799489
0.08818262075366712 0.9516901771605972
0.8317169055812872 0.9735398494176251
0.399676669896174 0.8916699754377766
0.5840163567300205 0.18453498770584242
0.2989276473676499 0.18537050727280002
0.5929774216276744 0.12132391762334982
0.24866450638124138 0.2086149435103366
0.03097819681988012 0.324554645382509
0.1880713282054387 0.24063167430895094
0.5373780753146618 0.37658045326286294
0.27024063456428027 0.9185284905906845
0.9688249823201831 0.5666822710850175
0.8209264672819243 0.02294688448877591
0.05308054261171469 0.8870993798186733
0.2779194091818 0.35198047562356916
0.4169164911763361 0.6872048209736463
0.9543023052823634 0.22677168556175364
0.043434879713572405 0.27182839651860236
0.3836285360651013 0.3973292095345209
0.8088533633342503 0.9569094153188638
0.620986605926179 0.12303952083531233
0.22921042451775153 0.022847389985277244
0.5916459759452428 0.5139828202872221
0.7495542161345075 0.025132998142977092
0.009156070716836773 0.836360833547293
0.7014078132114403 0.8922600767420252
0.8800898569242952 0.9924201269670669
0.9988954964075851 0.5757406444173321
0.5518094673045699 0.6952184267826342
0.1033056600291784 0.9329475379870686
0.10153358623537367 0.24361441619267699
0.28521079211655764 0.8856933848314328
0.8257199819601491 0.39114490378694766
0.44664441176853686 0.4874448548262005
0.8218589555152687 0.24297831400979586
0.9529436438463212 0.6130467021115822
0.17865081093576385 0.21603550747768763
0.07484651710407886 0.3673442105987834
0.22621775765375207 0.8528828201106515
0.4415362330765926 0.2599514531992111
0.03735947896733349 0.6369319526762545
0.5709726183444577 0.08434147512114065
0.6113054044329476 0.8891390291311081
0.012026977726522503 0.7165741913256587
0.48275310802337734 0.5598457152517133
0.12146774364839752 0.7096779288385355
0.165777813485267 0.32918953014622265
