10 5 100 2
915 936 654 838 767 969 785 773 1019 737
894 822 835 824 943 893 1047 792 1049 853
823 748 952 903 725 783 957 916 885 854
801 652 927 984 954 895 959 965 807 894
849 690 1017 757 963 976 1075 1059 994 1099
706 947 894 985 980 1097 1210 1132 1211 1038
841 957 746 912 1028 939 1346 1296 1335 916
956 816 858 941 1172 1342 1411 1444 1329 1027
782 876 845 1196 1109 1268 1502 2142 1779 1210
715 863 828 968 1125 1360 1227 1575 1475 1135
1 3
0 4
1 7
1 6
4 5
0.5542127060299353 0.8607048268203472 0.789932958534248 0.45786511566545185 0.32213065429426924
0.8333298406928413 0.9085844269378922 0.4405226643024859 0.6329437962311164 0.31635003612809987
0.9126679945090852 0.7702038629369278 0.3084130857871856 0.7035068758075296 0.4391383781665186
0.5917706614968637 0.45210034636740415 0.4853674764328423 0.8925679303631031 0.16390446825776986
0.6178615199623083 0.18233394661109892
0.2026356591527081 0.6785472092557467
0.4749553430938327 0.9232943025677895
0.861995372069376 0.03222546472610355
0.7986629222417934 0.25873642892370796
0.5588123715495967 0.3911139028527053
0.8598612381411308 0.3079433286241613
0.5221592151067445 0.35578633929892334
0.9908626713100468 0.8632187304426708
0.46246622682801775 0.3630088781206209
0.7777508193476517 0.720094291730301
0.7288851270084826 0.6281022668970135
0.9007807238772416 0.21803716675868312
0.7493254455876794 0.8786867145800015
0.04981180052919987 0.7923973640449828
0.7198895697772687 0.06643019641913073
0.5472373754447755 0.8364607484337314
0.5445947184118873 0.41172399120618786
0.4946962287022325 0.44888064130212135
0.1861765858851092 0.6188681805577076
0.6573040656593703 0.38645286115105004
0.0051980177763302216 0.020658742336109315
0.38226045839216627 0.8612813360862279
0.11050111193571222 0.11192007594872355
0.8709456027811429 0.9614847552844461
0.34529626501446664 0.21140735119063203
0.15919036954545085 0.3156612098245146
0.9706627778301931 0.8113545884222542
0.9380666073858466 0.9665475121212586
0.39049555396440727 0.3066179540780576
0.6357424286599305 0.6258970594579729
0.17781931230927528 0.20812003482760866
0.5008166738225786 0.6940834946621197
0.30096843575966603 0.8174763234849354
0.06133169852192499 0.47934421003563354
0.5581235959952489 0.9766857631384691
0.7778849549941851 0.11201380688178042
0.7119958329128504 0.26898863673110984
0.38465310605540437 0.5867903573981792
0.9917493911746649 0.7489051717245929
0.0963702820193526 0.457228238034894
0.5139837538641159 0.7676925253632789
0.85429465417309 0.14414871497620974
0.4642786550378175 0.8109845893526886
0.8389037262371632 0.9593231870142731
0.18224254116054728 0.1278544371497805
0.2765707016015537 0.762448003138749
0.5019973953423156 0.4750056896441013
0.464776940124225 0.24678606660509494
0.5393305806592017 0.9742700937004014
0.42290073479342194 0.5718009950065628
0.22732515861153124 0.06380579086277627
0.45053233187838093 0.32433747624827536
0.6145346159550631 0.4620735748376088
0.8584517932521567 0.20427016360139594
0.32220279279675834 0.37824393577994253
0.6917161512632308 0.9198860855919488
0.5816065476850445 0.9745083456262562
0.6007132069002277 0.706038034192598
0.6496087453933528 0.5055628003098958
0.6157317604778578 0.6026028951892257
0.5387800508271692 0.9695164141116615
0.8849287346942423 0.6617987974095789
0.862197121844861 0.2584805489975359
0.323653990890711 0.9445981035428543
0.5476290354018374 0.600671880970477
0.5738667551526502 0.863089936738169
0.968287643819796 0.7165785590992186
0.8170457369070621 0.1276588211887355
0.6303357806863596 0.852219617690376
0.4166385275630333 0.8737452301217312
0.1734957571761615 0.5864951406109133
0.6204571372390175 0.9293568872272482
0.37984810914471545 0.6099872524922125
0.005246808763445188 0.8376815865368341
0.4276959794553994 0.7533341435541747
0.6074881284583926 0.6119508843658519
0.33699732675301997 0.26209855409207394
0.9075081375184728 0.13117964259784176
0.8915923830255159 0.5180661906184754
0.025235680943431538 0.5877422969149402
0.07446383132407663 0.31405161433983864
0.4852521396279881 0.9278488943311327
0.4450899389174885 0.34557650746129265
0.3002382945154831 0.34955901456076477
0.9586856628345961 0.661608010928779
0.6143270307580029 0.6113158199118365
0.4063644436913152 0.39828176263992643
0.3455252476688282 0.7487545904171689
0.4931778004501748 0.9710523030476965
0.7239634092431622 0.9310430704398669
0.09687150591409388 0.8641268391963419
0.48394457328367224 0.877725020438682
0.605333165569877 0.11517119067404202
0.5238873572711524 0.39421622353034236
0.19410279858318824 0.6526836083378542
0.34569576418901815 0.2755974307761131
0.17815284901135287 0.4360677479293513
0.26420604529506053 0.9883838738229056
0.23731438776090763 0.24983714754747632
0.23195593980703078 0.0036414242062914326
0.07434162414995127 0.2459144186753437
0.7704769965024789 0.5180366526584914
0.408604497061416 0.4135016318917435
0.24131083716712087 0.2919543050721556
0.903295430337951 0.9873838339633789
0.609831215922471 0.5227491157131847
0.22736154562188737 0.9776062393448495
0.05708627529349375 0.3119974727967767
0.10292743708524066 0.8248797912103882
0.3532990533468561 0.42904007848637615
0.8209750334110828 0.23340246162893052
0.533730889693655 0.39793643996780736
0.3991315957789163 0.3892290218035592
0.830594306820142 0.7424657759201105
0.29466130145086944 0.6701377513452067
0.5834697093193921 0.872575330690726
0.13764315123264992 0.43912857358186086
0.4063484340901371 0.2551261290588007
0.9884718667917858 0.8128868791925059
0.2279063815405573 0.7046021064194317
0.11930314898376215 0.6787399090790471
0.8845555997423815 0.8590115284925637
0.4170072489178993 0.3776161414655137
0.4677573430695172 0.712815391407833
0.1013820582386078 0.3608298777894696
0.606363128648377 0.8023689774190754
0.7051306212333996 0.6130917482028633
0.9480810356006362 0.2145082915122194
0.46077174791350384 0.6777823619329257
0.04423182585473917 0.8684126298080537
0.07304506806006272 0.5746923267010249
0.287579431919748 0.7872422925912979
0.6771856823521318 0.8848850386943343
0.19942429637292847 0.17489460527448109
0.5026975800636371 0.7407409679049115
0.48428851753239366 0.2995518424318686
0.16042540034578678 0.1269024807235093
0.8630209924205678 0.204004228352475
0.5902120456840825 0.8720127777044404
0.2591015351401331 0.921287727032204
0.28150375385965054 0.3918169380596188
0.503841562425493 0.33454515553891895
0.42258521703702745 0.12089511314385537
0.10852471854475754 0.5566986617249894
0.7430983949652872 0.41501717960024886
0.1494931333280627 0.39174830359146906
0.7742840051424487 0.41033935115526954
0.6118793264309976 0.41849528542216485
0.23127929519235257 0.6614398049143935
0.7265716175261139 0.038349016323500074
0.42383205630955967 0.4594015194945986
0.5548223012609161 0.3641902704369282
0.16954771099554455 0.6521069813200808
0.7726788607348198 0.41412027545322294
0.5641636467385451 0.1269543120175478
0.1551429044853052 0.5063940680150507
0.05243683125002052 0.9229272029094606
0.14444931753236645 0.6258844826007512
0.40193673337105595 0.5583706744280093
0.10001983208072374 0.4047161458093125
0.960043336596978 0.3075381701180846
0.31465415196748037 0.9121848806825557
0.47207301165499516 0.6117722916293256
0.7022172345270292 0.6877261788530626
0.39126300164920225 0.5277649116480141
0.9446627176101918 0.00584462156864074
0.885708852884088 0.7929527910800036
0.17632643519435853 0.6593860331940038
0.2564075125860874 0.5982983103138813
0.2579033736434988 0.5195445360218272
0.7530548049062806 0.8929902884848104
0.7012563992112162 0.48308440640229655
0.4045834129832304 0.8557515508285378
0.179288648916341 0.33863752569525185
0.8856672395414433 0.6243771489121235
0.6296100684769792 0.24724181787047117
0.3860073846776868 0.04553945881183252
0.9049301456774834 0.9956129555576849
0.6992557650907629 0.9435506118951789
0.6689541921720095 0.5502372455000468
0.5173537139980262 0.8397759755637775
0.46237105789436117 0.36841227913871344
0.46429358093820006 0.1183008508859551
0.8546373384531631 0.4002481156505244
0.5371386442783783 0.06891129237525595
0.5704687347476121 0.40341274392021087
0.5989147338317478 0.8791777990158651
0.7776969719520723 0.01589964713484915
0.13844465505337622 0.5988374148015172
0.5905477064126772 0.8551855496775262
0.20729659166778025 0.378211239441542
0.6598840830106161 0.4559843868196456
0.46938938381281825 0.44047682079861183
0.8197205883841046 0.7080245235146783
0.9447359610090711 0.12470769211026989
0.37958878721366074 0.35700724444939835
0.293610646208567 0.4909422361617537
0.3616120982687836 0.657990865527887
0.617836050392619 0.9428887923199956
0.043583531856597135 0.22656483058988797
0.6973797660363239 0.7298619807069755
0.9627581685323647 0.8934470696021586
0.8178960727544939 0.6323179438045097
0.2309111738466325 0.021812407147349555
0.7335086174552503 0.02883005114215509
0.17861060296272901 0.453456127773997
0.0917671756287235 0.7295240161149439
0.3226148966039497 0.8111613611592967
0.631183546988656 0.009239490289455699
0.7928886469722967 0.47520549976811965
0.5282523781361093 0.7170550210104614
0.9804824027176968 0.6788466940851565
0.3172572306551127 0.5999606685387937
0.8378068270641128 0.02965873108915762
0.3937411318373143 0.5569933118454922
0.27617044570622684 0.9473927808804001
0.19621086064724347 0.42199992428481736
0.47328323702071473 0.36719125982345213
0.9522736047990426 0.5781788711787783
0.30889466691082457 0.5393881114534715
0.9293102664174779 0.1784112758120393
0.10851301237802957 0.3678755819085511
0.5469487267111011 0.5076514211727543
0.406240437970286 0.11370094413996634
0.22789841410148926 0.8862415158238215
0.9266655575764746 0.9394507059741128
0.3194449207895034 0.32401510728596006
0.002198122891199361 0.997797820121318
0.8062683529752235 0.5924285957052331
0.3541371456811173 0.6270479325283098
0.5186277266044541 0.5395217071962704
0.7967925107186091 0.16348954750968359
0.11977648462316592 0.0018649321582617784
0.7058524649269131 0.7556911531486641
0.2447615537730623 0.8404068331703745
0.27008335161525476 0.47106971523205265
0.29816750233763245 0.7786949558885934
0.21954398945339748 0.5417612680452117
0.7784371096187022 0.7275235585409039
0.6565547100555413 0.759196669635344
0.13069512035264652 0.33286908866226717
0.40066251196476066 0.814449041577916
0.27779096368721246 0.62092063352907
0.3407181378643882 0.28676956044096813
0.7725298018501203 0.04563250121202378
0.8916191777812337 0.8940048408023671
0.742356960740258 0.17727143718135463
0.5089162159957761 0.030411102143105273
0.5859448966306398 0.49564631747128884
0.3513580608630671 0.13114462115905856
0.21471973625212826 0.16323563286132936
0.16007654675150906 0.24577458469282898
0.438177888273789 0.18506049566584482
0.022980683783177858 0.5453686540242195
0.05452466362665498 0.33436800482930895
0.7282190755367819 0.06738387489826847
0.33234003247936217 0.6324186948449249
0.19834549531896806 0.7587154753960363
0.0021693258569950302 0.18436744392265592
0.36032194754758073 0.1497604397511978
0.903657673547988 0.31355882170196203
0.4727698250460912 0.3640960873140324
0.29089005583780736 0.47258616247989615
0.14782149804182443 0.4390391068771804
0.6394047833083765 0.8520308453102894
0.048511685742621324 0.30037669373059495
0.7850028582985675 0.70210816187979
0.7040861596019226 0.39726606621391647
0.8140307454491991 0.692088671422828
0.28220968688449055 0.93036402967936
0.9390992218821628 0.38205299298843687
0.5344190443860826 0.026612411147502346
0.8739340127472894 0.23902280670066012
0.5625049978313208 0.25358174472068984
0.5213196635815556 0.2895270835368533
0.9287895674918287 0.8520455005831731
0.5002800953180244 0.024624042064062657
0.7068867029164443 0.5762928139986923
0.4774872289837544 0.19227821756909202
0.410652010009668 0.08044421202335461
0.9644807021930115 0.9642363318188918
0.22207614185141167 0.09815405235444752
0.9174761123287061 0.7781520088324236
0.6851265120575043 0.7848468429437618
0.14849907586678368 0.4075846729041832
0.9370158510662063 0.5563890592471636
0.06561094946077883 0.08685975493629061
0.22970477802073597 0.14221832420709357
0.5673189349959986 0.07636613411895743
0.6475711555321093 0.2606273080253654
0.6161591941723881 0.9131233246555204
0.7024403921389719 0.7306734948548517
0.3777008980083316 0.10242005537813048
0.9703117378557804 0.7951283854914877
0.21920350486333762 0.02283043893939274
0.5442880694461989 0.08942660333383667
0.46601046425200177 0.3116323591045711
0.6091541502688618 0.7118246335040739
0.6353769900808408 0.8090204430473154
0.3268037961893202 0.6853179633997246
0.03811791157085631 0.6914958465027388
0.5025660714012734 0.47020372741974215
0.7463195221478449 0.4260602409987837
0.8919697779568969 0.8006984065286471
0.9352942544928022 0.7145778990137017
0.6830526861116977 0.7531273650301777
0.18531842271758436 0.5354470685552473
0.3220964234376984 0.07562494118558916
0.9097933260133502 0.4200431486495666
0.21467382491634468 0.2764111401406095
0.2084122033663771 0.38953335708958536
0.4578637092063298 0.959083801616575
0.9338822943383309 0.5730823066493014
0.8170438877000785 0.23330367126379525
0.13567372521151233 0.38567485569701
0.20615974196957998 0.062127202032322026
0.536163697345919 0.5979392363765335
0.7538149860013548 0.9255458490846482
0.27743513401806985 0.3396165066062309
0.3697402341962157 0.18042703727373577
0.5290643329412634 0.6534477706847408
0.5036001016662273 0.004831115909651684
0.642467636298526 0.40248966717707857
0.19514952332615354 0.6469511923633768
0.7023557163253167 0.8144774682088836
0.3097862688914772 0.5129873957441833
0.6896622129083538 0.3139702260952413
0.9831240924388873 0.21486461182077776
0.5144250500696486 0.17491945168806589
0.8232419313734394 0.6328970408427077
0.6525169511164246 0.21209468538882392
0.19741493804214016 0.5621676249121386
0.8027981544081606 0.09559330346249495
0.807450340970562 0.4968565880208966
0.2973611073100806 0.5787578796838055
0.3103128697284572 0.776246950957838
0.8036464010241895 0.9467540841941182
0.319051732860113 0.6776641648124255
0.7533063991453861 0.798555490988426
0.60167854393451 0.7905228707742644
0.43512419212968223 0.7625956602438027
0.16640740046188984 0.011340910902882806
0.5013610837051243 0.9388610048618675
0.5522132935624464 0.8768764903242907
0.8864205152212004 0.8965171892683508
0.9816299038286496 0.8245454614966758
0.7143787947191822 0.3746228283027804
0.6811877685562788 0.8388136426572297
0.5578138776379602 0.7008493686777624
0.6145946899092443 0.14471517574781045
0.36708042900534377 0.958140820808308
0.9494869000816537 0.07951048511202186
0.1839084619298874 0.29111911474028074
0.61526827572283 0.7543797417779226
0.9031021374123167 0.9314499459408625
0.8838072203963234 0.000228970922478533
0.488196457444132 0.6423631785312993
0.9041873373196723 0.7971073046577895
0.4373350990240925 0.4550507161936921
0.3219588225732961 0.205437598169101
0.97922715342545 0.601675841953933
0.28215444736392303 0.9780791027875291
0.616920944465974 0.22989898690552057
0.6530816706371065 0.08401367728076936
0.27861009100791656 0.631234466248151
0.5906653294015001 0.10578256713385148
0.39080033843181083 0.8890441384662371
0.32758804597107005 0.23185856050396314
0.19014904782238995 0.9396319303465077
0.7747514830256759 0.9336154616203236
0.6991765873705333 0.36274248172585843
0.19431361487983478 0.4862671439828432
0.16719889354743556 0.015116618085012412
0.6570666524206743 0.6759265945745176
0.8624712467001727 0.6389393033967443
0.7360754309607531 0.6629665253687349
0.2014006974831244 0.29428101977326837
0.31661970865321076 0.8384984683151304
0.001347015933326201 0.4022902185345114
0.7130696139074435 0.9723118190300166
0.3842521292080603 0.013104717886741835
0.7792680496798552 0.0406539916566373
0.9078158925039184 0.29294290190390626
0.019765871168194726 0.9153696595252743
0.7760181280529612 0.7939278566209136
0.5123073211458269 0.6678023152658303
0.871382036334708 0.11688780549763611
0.3695581602999194 0.799606519186399
0.9830008716824177 0.7599120512449169
0.8597514892631226 0.6522312958181649
0.7223966205037404 0.7200600603982876
0.7974207561665319 0.0011114540954484387
0.2365584716076976 0.9260147236654512
0.559601378321096 0.9638787942741913
0.6867481171717253 0.8880697843071319
0.9442554243813466 0.3209457573691843
0.027068131381980942 0.22042353868390863
0.24497843054321256 0.1961879239179991
0.03815339571219578 0.9350292658818213
