10 4 100 1
1107 983 982 1108 985 1068 988 953 1098 1090
850 1104 1063 854 916 955 905 1073 1100 1068
1086 929 929 1107 1080 961 1080 1075 982 1031
1032 957 1003 936 1118 849 1120 846 1052 1093
859 935 1085 865 1057 886 945 860 1030 999
1069 1108 982 959 907 1047 921 872 961 1025
872 847 1102 1009 1088 922 1111 943 1121 949
971 1082 1021 985 1116 1105 1095 1037 1107 1095
982 1069 1031 905 886 956 1009 917 1009 878
1016 940 900 921 1097 934 1084 963 1017 1020
0 0
3 1
4 5
1 8
0.3507944079944114 0.8396145152694356 0.4113443649264412 0.5368030555270858 0.10587127983668543
0.5079973317224168 0.735797851838583 0.7789580716962935 0.5135189308083044 0.23417939775239277
0.42381783634277687 0.5855697997779521 0.5937379019895354 0.7316663806643289 0.37109376298850083
0.8520537395134269 0.30829788709946127
0.6211846490431281 0.2728407077171868
0.9408578518744501 0.4490189471834707
0.646395740799321 0.03857912094856819
0.9450018472072419 0.40600588720500985
0.48222527052334274 0.368137953225649
0.47581423371785836 0.4078370687385331
0.779184466688875 0.39602013650327206
0.43988801053722604 0.6256680153738916
0.24016672385286042 0.15486700567495926
0.8170100683938804 0.6292794487229041
0.82170649244931 0.35000695760279155
0.3550489909573793 0.23070496082706327
0.9593808534328825 0.1786765437533897
0.3584754905720582 0.265133499530094
0.1114310567725938 0.25124563976055847
0.049920821543919525 0.22108768484783403
0.34304268320022446 0.39149933670390547
0.614778740578614 0.9350164850281704
0.9837498195428236 0.6378981718078289
0.008828152708774128 0.20445236113739762
0.8067864499285242 0.6297144940067769
0.7199730365266894 0.41971709196990115
0.022151695246006353 0.48244887960930294
0.353910320601597 0.5253008557526868
0.8932309111036665 0.9169006083376505
0.49464550982731526 0.45269918312683544
0.8950137218904146 0.3648080495218331
0.766572459384657 0.36177291965430425
0.5354677217092418 0.6540007217397175
0.7252060152465392 0.9391155815916854
0.8948112682468381 0.6521957848106337
0.4340056795300722 0.3237393732426075
0.33517389834440703 0.41639574308661276
0.6185581952342443 0.46197875145229217
0.3617995088478523 0.09536115273194423
0.058333408054671576 0.17018769065813433
0.4067466028237259 0.9273563641474367
0.6587086446962933 0.16275108198629118
0.7396390580436607 0.6504883277140412
0.3237334841395727 0.29875210662932017
0.34987695351288095 0.6573876825394855
0.16512783731221758 0.7396787076560396
0.623226537730571 0.6187406564104416
0.4811086933611053 0.5980990764811489
0.9991928285402363 0.18334857569716356
0.1415521643046007 0.18909528778608364
0.5264499890705179 0.6288669782259881
0.9619069172067582 0.7625937117163939
0.8336445960524734 0.20656079710702535
0.007493685784150994 0.16230967176545752
0.22519590233278963 0.5955181131439862
0.2462570803158053 0.41047602060805244
0.7393529498848943 0.7739540175829083
0.7956287455970306 0.02374189697430995
0.9263394858108427 0.1481385989740973
0.9350649203254597 0.7008853430598287
0.3459992712136528 0.21805973481443663
0.9802899551381608 0.9867418484014101
0.6493760349033961 0.6322366633758627
0.9596500214631853 0.26072325739362534
0.35040358518019077 0.8248766077257732
0.971565679341126 0.396047405654502
0.1272273174149825 0.46074327936782145
0.2525783169737472 0.4270472243027361
0.8226058339722375 0.6821065932707968
0.20335134296111113 0.6551790780346745
0.47561321810368895 0.24866887293139994
0.9548820071263324 0.533160944558182
0.4911070446134356 0.32122928934199857
0.542494710034344 0.43558366719807906
0.4004039320691981 0.1536343233150519
0.9926686746442481 0.768286946587861
0.3164337411165834 0.6030789272197998
0.12831719002851583 0.1794755224318596
0.7925947585084456 0.7601763709623526
0.32327333400650593 0.7871923184673701
0.3856444964727457 0.11853511606069911
0.4959059147584721 0.5464059357407283
0.6663155978425126 0.9154337632199272
0.7499643558836988 0.023464373678675488
0.7752171899143887 0.4373730937140097
0.09966963318329602 0.9140238360592396
0.9919882555873418 0.8760230677220391
0.687464276771937 0.9237603905144172
0.49977226526771656 0.7224554076525347
0.46181234200744425 0.6804479103200933
0.9824540145925993 0.43156315106853516
0.8534282026669704 0.7566556798042472
0.4868326921527677 0.42292965975640384
0.6000722034728692 0.48278086029576417
0.6025400433510362 0.5171682254474248
0.4273310761044624 0.47263286912193325
0.6415160213413067 0.7379634466684708
0.27386665305669244 0.7357304424212256
0.7966685086850878 0.7153362689455773
0.40047911510168666 0.8108945555261491
0.22519072558753006 0.06339418654386786
0.5556013285079855 0.08004015366310169
0.20857570833340744 0.732276181508271
0.5127846288793705 0.7408700980057994
0.08366983913244863 0.4423502904851708
0.23891310463577775 0.35701748626610774
0.6267580276279747 0.576404163617831
0.528736985377702 0.21946659181595574
0.48669951960145075 0.49488840493407005
0.3865043820924168 0.08392343432630889
0.3275114376931856 0.895911027476765
0.5409116936152694 0.46204935277603365
0.11867272996911082 0.8157509405837444
0.08112274155910848 0.3411078424130114
0.16212967269807876 0.7575494082456933
0.804503685116142 0.9034518123154862
0.349440511790315 0.6883978013212777
0.13921427567010092 0.8164538335969591
0.009924471243679456 0.9078408493179928
0.15979222711436813 0.5308860808053233
0.02575571428156387 0.9362950816965359
0.44512335231515965 0.3491155817182563
0.14268405752515156 0.04586706877077762
0.2600573311094021 0.31828363891168165
0.6776961725254398 0.07985967880000366
0.42566953426960463 0.30983842772768555
0.2761209959071671 0.2790883581396051
0.017452882919051227 0.6379377420593579
0.7703083528317431 0.6019754628015479
0.21382387992351615 0.7970255124687025
0.7709311503145437 0.060715341133932066
0.2752027568513449 0.15204193059615112
0.7288768265431251 0.37591120044950643
0.5756832207339939 0.7753246793616433
0.5940116897161476 0.5008910830829059
0.3295996659291571 0.5327054386522554
0.0452705404925593 0.7317061846966142
0.307312054780857 0.8534465540418759
0.4231596747201487 0.7101837224894425
0.8118580890747413 0.7737808091228229
0.7719052136745834 0.8053368312513189
0.7588986530806727 0.33861929738151364
0.6673179531191344 0.188470483523977
0.5419802600633916 0.3886161543412874
0.36314560577501576 0.9453729483931639
0.30718014108285807 0.00575459903591824
0.11644375381213279 0.38669497002430786
0.926418738498427 0.5384439909240784
0.08423894531703824 0.8066584240029704
0.7389617443935597 0.9890618768081034
0.9297351518658954 0.4064333286703299
0.5567284253112179 0.46441495709075364
0.9276263966722331 0.3958766283960027
0.17882965869153278 0.6094683709092352
0.4125170337296338 0.927274988062806
0.5461571296136174 0.709736541237576
0.925861466352667 0.2806030453162198
0.5127661449315999 0.3481350646409558
0.1872382170682385 0.4633755506055717
0.980491186501377 0.19486199610997024
0.2731013226857919 0.2017428819910796
0.9148062283130416 0.9227269273659013
0.6450356618143964 0.6937016455664711
0.37822397907315675 0.49370492124619303
0.919534915263766 0.6288104566180026
0.10295765688013114 0.3645337973737539
0.5529263532989823 0.3052029150823077
0.5686776803131972 0.19757965874587446
0.42675283900432204 0.36247518734667006
0.7034772170435564 0.120497670679381
0.5102181867562601 0.8801799739052754
0.17156978637021325 0.29238535486885775
0.7104064818668883 0.5201551849592987
0.7669727355066811 0.30097005513112807
0.942712751723882 0.7048973919647372
0.6734086706974745 0.3408122788796002
0.355945119874608 0.0914023673649198
0.1684583517961986 0.606026810872105
0.6121273462318177 0.00977167923203437
0.08718037454335903 0.502915283495998
0.76761841421949 0.8651832652292581
0.33663071365600516 0.4546446756048059
0.6100683912683642 0.935060871142946
0.028197835015899564 0.6019279372597626
0.6963656985736315 0.7555202288463172
0.06667115369062726 0.05078309593164976
0.7382894704730292 0.6679639082568123
0.7096421822030334 0.3007833051086437
0.9903195938808671 0.3139187715639056
0.999739190201884 0.9032597220080494
0.03039123153167833 0.3053642873285449
0.5926571179623827 0.7786945007488153
0.5427056958935024 0.24724012700937026
0.2841552514992367 0.9611462321247695
0.960203948511622 0.8449747390727094
0.6341551471607061 0.7853546204721609
0.6274379468496016 0.03182937496141758
0.9540887455095481 0.5458365683632693
0.1385304948282451 0.6839972561595218
0.04673007932722517 0.3027847754904589
0.7867971444943453 0.9313924025049991
0.8717119364690307 0.9084100104963597
0.020031419829501962 0.5377518761063351
0.7855941898513108 0.3557561553999744
0.30626731190662926 0.7134731138230943
0.6191724348576144 0.06177969437715536
0.5226972506329279 0.2906088069273378
0.9447785293306039 0.8659262770440246
0.7592824415535346 0.12945035926487192
0.9048350137414038 0.03129436122245699
0.24546732541305127 0.5289184534805613
0.09325757844588889 0.17248526652050788
0.2504968174106441 0.8386899718275211
0.26966487674545725 0.8560710711305712
0.21290068887757863 0.8251804409539614
0.23836279977695463 0.7950337013319919
0.8165259738334136 0.6274507681204426
0.07399838796990843 0.5201868990011742
0.9535837814403476 0.71975015321909
0.9325100071506447 0.6526076056524239
0.08516067042441722 0.13590334452908137
0.48817018607396157 0.6755208857179544
0.1868298251945173 0.9022799147157168
0.6799166667898422 0.26000838073559684
0.39351012984737643 0.5453143423611322
0.22302363847797668 0.3379461264700856
0.6967468033495723 0.6522301987024035
0.7704486496228011 0.8573802482912747
0.2630291373592324 0.17515933022540953
0.40549580045428124 0.00878726914354755
0.5363004759121743 0.7318201911721789
0.05204314638298335 0.4747554332371291
0.8268694452053724 0.051490418957944595
0.09257466735771303 0.6024548276361312
0.8804449883492445 0.6110287690522342
0.42293425993629996 0.8585862959018955
0.3488041413504581 0.6673431695920953
0.30557589625211135 0.7714757889520831
0.18142922682450857 0.4742773896828796
0.23355459299281334 0.6235346058035429
0.13805643796819478 0.8021871484420955
0.6324911080644042 0.7769604861624821
0.3639270020028891 0.196843472676699
0.783302181782676 0.8238692968812229
0.4290151319635158 0.08782097471952066
0.8202125953928203 0.7402769168347465
0.85356572242968 0.8152803623817646
0.881767951461466 0.015775882460134616
0.8413266694650074 0.6312160057629963
0.6593152995096254 0.6017315449075706
0.600589233574031 0.019612035800282035
0.6056251467009155 0.6432917445341471
0.09855656220727771 0.7706712024101288
0.8723211173038206 0.011128186470210855
0.06524001012569847 0.9513143525522689
0.7338752418469989 0.7472736821934838
0.26287471763977077 0.7405858556442972
0.9975811351115107 0.6705803821478968
0.7782224976400463 0.6069725693272019
0.9741604213813437 0.006407138276693702
0.2555610858175257 0.8731238280607265
0.928733780667995 0.2830577889319077
0.6277786626884154 0.8401013316043526
0.4516051394933991 0.9323932785231119
0.26445521285216866 0.22559080472841408
0.4301800996750873 0.7162480969889864
0.8561182416031532 0.24308972409439833
0.2270496224890155 0.7579408300679051
0.41209881139516025 0.20060267357506545
0.37466331738251246 0.16403176964823496
0.47251294886058703 0.9896024499526861
0.46259785385927543 0.544381527609993
0.36148654777063993 0.047750328143272514
0.06629539651850536 0.45555084259704826
0.44314334392643207 0.6040807791747305
0.3167944558558806 0.2273744483201594
0.3870939594782914 0.4115549988544813
0.5327401158292824 0.48650596956296055
0.5826372852716275 0.3480968555149371
0.6328215582991648 0.22793684132424863
0.4854905027367029 0.19977625982719438
0.42742606394311156 0.9103860226292644
0.9535878165231118 0.9352327445877133
0.8815177141431261 0.42198442409180315
0.4503305553045216 0.6511113269403366
0.497004696294135 0.7786287126167737
0.9352166503694632 0.13787938874292704
0.742861560117029 0.5713268005662135
0.29795502329090384 0.27974058958377945
0.7938587698243451 0.5181620894103265
0.23069293018468495 0.076708653495005
0.5364662579711847 0.6796629445396132
0.2603337253772453 0.397180787224207
0.961483728784511 0.975015881761619
0.43293234146452764 0.2675505742524402
0.6078724873303687 0.6738990360723547
0.13091866353801773 0.7321866849480918
0.05975394368581943 0.7231625579885641
0.3043375580248864 0.9374531771197179
0.7224564199508772 0.21089864685161608
0.19275965043200838 0.7611387911418981
0.013276170099371765 0.7562620273828315
0.8669411635949682 0.316711220303036
