10 6 100 1
634 700 689 712 730 770 761 756 736 680
682 725 736 788 824 1173 807 792 773 705
731 760 793 864 1214 1253 1184 807 770 744
729 798 842 1286 1334 1397 1338 1274 807 807
725 785 1191 1303 1506 1648 1480 1321 1248 795
740 1121 1259 1401 1657 2211 1589 1358 1231 1174
713 764 1200 1366 1468 1635 1474 1354 1202 767
723 784 842 1253 1342 1339 1367 1227 797 790
724 772 807 827 1203 1226 1237 865 795 706
695 742 706 743 776 1134 819 786 702 680
7 3
8 0
5 4
7 0
1 4
0 4
0.5552228246933788 0.4151140635903713 0.4702811023534945 0.7676868303727938 0.48040036838531286
0.3742347214455764 0.8678940111491693 0.8309692275355454 0.9304249119864971 0.11227123298182429
0.6486817899543691 0.6225095616513412 0.5711404166971423 0.6423714387346322 0.41925775308005375
0.7096385832553835 0.5093952529970205 0.8825445442177688 0.6568276671383555 0.3374242838441911
0.7078144228819845 0.5684338511464111 0.7900207434396567 0.5724827216701713 0.2756577884959902
0.2845584469129401 0.8627525336772375
0.9970457683549816 0.9779016237301346
0.8337432838555356 0.15810469040296016
0.4559339674014966 0.9590052819012638
0.3750103928876951 0.9857946430951501
0.6728332859663582 0.27562924234945485
0.7424259456824533 0.4547870420587097
0.5989247003439162 0.1896074677898254
0.6829568191151796 0.14186752196634034
0.4999700039036987 0.18907511381208475
0.22254800149434817 0.624197939366947
0.4995994131188488 0.8988829000975296
0.17939993832611179 0.3372512480059693
0.8300071618186304 0.14705960502218907
0.05518859029721801 0.4183963939360944
0.4958735383031705 0.6927120078467703
0.08478775040963371 0.9757574618899814
0.3385713867976763 0.6010730920255125
0.5502222727851438 0.305237366248595
0.4699791757047602 0.4769906919586968
0.09022424172526367 0.5189293407927109
0.7760845505340634 0.16882214332550038
0.8619688321074246 0.12573319722702125
0.3207870729361435 0.9454542046103034
0.02227598976705769 0.06244584200879455
0.3873681440986636 0.9673183779425298
0.7833223392027011 0.027267095528264562
0.6335533923310528 0.10199793372850507
0.9726932238146704 0.21561293449771357
0.18105028196723172 0.4748326366940059
0.4232344744407348 0.24446750935207318
0.40692915302224875 0.5536977241434169
0.04249546677478988 0.21204727142582303
0.9219800608124067 0.16331782139076667
0.2552907301350067 0.05506007399377877
0.8533225504504836 0.457984823588262
0.5047566338084561 0.9148855718908941
0.75747055139522 0.018811172298646817
0.09835286714936964 0.0027210389394527468
0.31336358715402435 0.890003478371747
0.4821436277885871 0.5466726679767859
0.013360757772963971 0.2515131710389633
0.6613621415633892 0.20054566543192887
0.005721908025351219 0.1274072861872484
0.3704366348040582 0.08281297975340185
0.16277896362172584 0.7519491282140445
0.035820258141620265 0.38027966835465854
0.4114440633491936 0.8028101347130665
0.18963214500374814 0.9888117828762126
0.9032728588107759 0.43917443220432273
0.333798925802713 0.3043454440660305
0.5993452791058791 0.3640439645283149
0.7524783306438019 0.6413041676332532
0.21771266174868975 0.9434084669629579
0.4219696536578492 0.4624271834667659
0.8410175707043843 0.3363178130659419
0.4087320489697639 0.30710228045751675
0.0812335495765244 0.734918343498357
0.7267054218696773 0.4614834688529117
0.06187010294303974 0.00009306557630606171
0.7953007974071638 0.10253535958002313
0.46258456874607434 0.44313299421372787
0.15557471475799645 0.37098882190278903
0.20225985692744763 0.0763017671588091
0.44868007043623237 0.04570936925199298
0.5495898630482587 0.9604727801730009
0.1991251741208402 0.9945029389416702
0.8056687676225818 0.5846630964219717
0.9992300142511903 0.05942075576178163
0.43120320228576614 0.1747974551858107
0.009677017960328937 0.46212182188488193
0.1615155724743489 0.6323442895505889
0.6272700906195454 0.8616958229614329
0.6619716560879385 0.9406403174547717
0.9305823214088011 0.15712990489712486
0.6289771710986904 0.562603767747688
0.26920044467186943 0.32495819740652676
0.2591539574868984 0.47737671114534685
0.3441637861807578 0.9377035254323531
0.6279088901975984 0.5063287342044127
0.5935081624156211 0.38646083878721726
0.3576078654294421 0.0713675352702603
0.44278471051297674 0.9365418676425112
0.4527280208047242 0.3861910919020337
0.8613831717027856 0.30613691733417436
0.11221037516100862 0.49697381577856925
0.8069260280798356 0.9552049032689007
0.8936887584916757 0.3747571226507682
0.5057264172496987 0.5279927686382844
0.4136542002294652 0.7008855788742749
0.6308122081877878 0.1894770844305611
0.7558623462453784 0.11028340540237225
0.8412975276890222 0.9654204645403204
0.1639570133657411 0.6975673665395707
0.9499939148336545 0.3204349603908885
0.8231114910382262 0.5134194059257744
0.6349910957168716 0.17085510312972074
0.8212282630379875 0.5641651152900002
0.06656169407259527 0.8626824492984722
0.41308951237143443 0.3846011985658233
0.19100338789804017 0.6592436351081425
0.12420240946901462 0.9045369875995783
0.62041724326125 0.6288757576818602
0.7151446187007273 0.42822865625658335
0.23238546741778876 0.38104598729834804
0.3758983631503434 0.6362900649990844
0.5991107357009009 0.6925771300693131
0.40939201357858734 0.8705618818662688
0.919682592583364 0.8990134189498173
0.03362007394745681 0.6618045254313982
0.721193401703021 0.028413070819853115
0.7048832762716681 0.09717943160770792
0.9678218828888541 0.43899448175868616
0.7586625567253331 0.40818114513553416
0.3195521879276575 0.23778973422799088
0.39960470268845194 0.5474393857612709
0.29925473412952197 0.7744048422279182
0.5552402838737374 0.17694106668431298
0.4999553759930073 0.553960510750902
0.0695052111805341 0.40750026740144984
0.7277867021444409 0.5091100825222705
0.2488751375787659 0.06355643043973225
0.9274782057645572 0.9292887121226134
0.36097188356044296 0.6671671528829284
0.4586229903445149 0.06553891376480303
0.9460554860687356 0.7633677388685347
0.3349171186521773 0.12075633195257107
0.33614987881667124 0.1812353014931427
0.6268745505937463 0.803309698129989
0.9793760463697481 0.061847476754471886
0.5798500240147721 0.3440660609269639
0.12282620647231601 0.03313096281407302
0.23853390019788678 0.8121214492519206
0.17489641187755578 0.3732282436998404
0.07117930790423244 0.4143627904495353
0.931189538816197 0.12359869109552402
0.7503032216074847 0.3799854583418789
0.03948920335409145 0.5878178330104693
0.6018116230501098 0.4500525244874376
0.8470136689549628 0.8572164922048042
0.08843762612115214 0.2015413982912415
0.9532441630409325 0.7808475410016147
0.5925185731005669 0.2202275959888349
0.6949203980900476 0.1742033150576261
0.009723579089142342 0.0014412714542075822
0.8031202920288147 0.6010262787427842
0.8295230618225151 0.48866865238667256
0.6651238094651002 0.8763033697419156
0.24185116218178115 0.8912936377157916
0.4323526410927012 0.8496545364178021
0.6399163398835617 0.046292861380375694
0.9152514723219651 0.7505107672258098
0.33048871083980225 0.37484492462326724
0.9299893852165273 0.48550099207150965
0.8669567507279319 0.4802776463992646
0.08099576457140789 0.8831644645479606
0.05564170365643184 0.2623451351954751
0.2357990452984331 0.01964905167066222
0.21373550551258114 0.017384018645363097
0.6709728051193784 0.24119340134839184
0.5686226406076262 0.3506672015680392
0.17340672744750796 0.04805859752305497
0.12307903663564423 0.41697800136116037
0.10919062139996716 0.42010398000372895
0.28667808113274673 0.9966696853323338
0.013932004559001676 0.10093210127507413
0.973354143171921 0.28264092091238835
0.9068387514768876 0.6931254955709167
0.30907696240025584 0.5824584105496609
0.02769172168960221 0.8069874706075184
0.4684433900034837 0.638078220596247
0.3238576538364042 0.2032530946565667
0.33274345308759967 0.3965326031980758
0.11295566064109575 0.2858302751713353
0.6244540158481451 0.3403867688534745
0.8146759359701234 0.8938249681915555
0.7305987896338921 0.32672143361359485
0.7337871601913213 0.6310276900055356
0.22651837191362478 0.7847523811129342
0.9595046818323458 0.8039083279660089
0.8355761288001438 0.5797454315584669
0.06077437765995719 0.997188095264774
0.558911076495231 0.8051510806253803
0.47474969721190785 0.9154667051245693
0.7822319690771067 0.6734674955568174
0.3558819343751012 0.44021347348643736
0.05288793837910011 0.7983792658391151
0.000018115598818368994 0.417111347155922
0.9308068947269874 0.8520608512476628
0.9657043213356395 0.19160585648313555
0.9289067137564451 0.4272971166609527
0.6531163844438883 0.7906826564176714
0.9083073921455422 0.5880777915407631
0.7243547957115322 0.19684576368905304
0.3670283961523806 0.9166669951296404
0.8333865892350099 0.03714693485034126
0.6112146078122316 0.8207299108668993
0.5718724364907626 0.1273378690691378
0.42827495275686567 0.18051653906999143
0.5965458725198522 0.5518067057880494
0.7278792825584681 0.9757136152743444
0.7737401364858254 0.23515942683993063
0.9543305833680173 0.7819890333165687
0.820121347030162 0.5011317706615783
0.7035843493863525 0.6600752175632536
0.07120298562775496 0.4939756590823905
0.7601320741064321 0.023824890395151233
0.36333344482290375 0.7691487366035454
0.2682568453122587 0.9233817797089556
0.8145888847159137 0.7544133673922666
0.18429621398227192 0.0964008482861316
0.6899260263088303 0.434693321419789
0.9017701644260274 0.9361272152352347
0.5030573497281461 0.14490486581693052
0.40314069246518947 0.036488541863813895
0.9314947941648746 0.6027363166444379
0.9120183164554445 0.9576157261985898
0.44961335164572436 0.4009589413156993
0.4980664777706856 0.40917368477743654
0.2953416832836486 0.44246881045317354
0.3340960946726468 0.6900180215364407
0.45010479313227103 0.16789611104144808
0.5316851109800989 0.34398079698077333
0.8448852861703802 0.7033918202907847
0.9905277456706132 0.5960898573463453
0.8742102176848319 0.7177271205020501
0.6978179351321512 0.42262802260003296
0.0624661686559429 0.17560273602125798
0.45703654226412693 0.6072840786876872
0.527891192655499 0.3167193371628978
0.3976942325475483 0.5058921493962287
0.09522638836511854 0.3667980304490954
0.4834927938644029 0.9720267103333464
0.40828998562886554 0.5404906461205272
0.7693262737065292 0.05991174950756872
0.8149374726299015 0.03231264141822643
0.5402635721717572 0.37912048204158655
0.6176487591783322 0.9891429855263263
0.4302932386552556 0.806861729922181
0.35698197602158 0.20532374909442042
0.6235659253936543 0.16688250305456065
0.5329582340478618 0.6719842737900779
0.8154185021122555 0.13107463840540712
0.33474976155019 0.8608723687424329
0.467129667290451 0.8390664407278035
0.8046244562531075 0.4694194199080046
0.48832771867504765 0.05832280519613886
0.5440822200824666 0.8387779461853766
0.5582799078775302 0.7887519641215643
0.533754901676363 0.4520374097286832
0.48535493719985046 0.9376684204808834
0.28482452951574855 0.5522596629106784
0.7459352647468689 0.04443747642171125
0.35437083606291475 0.751626738156119
0.4555554976848877 0.20939344638505464
0.5430006980214579 0.5035914013596849
0.786425456989744 0.9407733911624174
0.07901499337789275 0.16762217142636215
0.8951326261977279 0.3382618633228658
0.6443536080374936 0.1723622722605629
0.8975083544057256 0.02651309459347262
0.7292531145007648 0.4898610692198213
0.2622062357008126 0.42529486888944357
0.21539413003152452 0.3948547386640979
0.7817150016992238 0.8489773691129416
0.3337087969723851 0.9318271730435608
0.9668534345418331 0.3360996736254984
0.6555713784910326 0.7909024616718523
0.8547866008276315 0.2759509460001277
0.034621040726204866 0.04066007751857481
0.09785901032237043 0.835177623637305
0.9632268208065431 0.03382913524638842
0.3420752535709608 0.19481534699529113
0.9914280001902513 0.22105272985921953
0.9333162118790905 0.737272382229561
0.5107149925379546 0.4125371528492756
0.6946452643168735 0.9401475765219229
0.7307643775131467 0.5020545552674351
0.9310306335895073 0.17658672570441025
0.7050749354766699 0.4569165642174329
0.7531522138662128 0.22787417938783894
0.5663434413755422 0.2652655706639857
0.45917692280820543 0.8268886547857293
0.486819872997446 0.14915574233911144
0.6279150528890391 0.4109526432926871
0.9380034819742822 0.20728323506309154
0.10836189455830958 0.13665163496457988
0.01455643703024978 0.029384119801008968
0.3092926004883032 0.7098730308876486
0.38459190369461593 0.6080959219302637
0.1304994002271591 0.8391980087476469
0.6502656300001586 0.4197069879217916
0.8119653557505357 0.8501448446041762
0.5214059206175019 0.9594394290133166
0.961244968412438 0.5074764920133532
0.8402621535172876 0.8492769985566739
0.24232848583535627 0.6841404774594433
0.9270051404592592 0.07175913205912088
0.31707781756592035 0.5894189721474308
0.6224813417733084 0.47512052766339674
0.14302205355093855 0.06275621106777285
0.05991025687628038 0.6400741720822696
0.5280399843666297 0.7002738616183559
0.7759848820806929 0.9109956769556391
0.31941020442547785 0.21155524897015265
0.22460120665788086 0.3218389971085607
0.11460831137196203 0.022321679450534315
0.900389226086517 0.389766468493169
0.5806212684209406 0.27886620991856703
0.9888313534953916 0.24437784304989973
0.753279633206412 0.46252353565369164
0.0017131973685002855 0.03453644189618399
0.9419127053694836 0.7955370352396136
0.8997392374655457 0.4811396536020829
0.9582227831301959 0.8323329470766554
0.4840440877933787 0.4443392457768347
0.9572874611050033 0.5310445629350542
0.742700598035084 0.48369410440360827
0.3841905843744906 0.6185776006332406
0.7847648624716965 0.2547986601216139
0.38135975833369873 0.630247777339745
0.2931412441913135 0.7310160786444966
0.49650750425519585 0.8802950299930126
0.4215732706691846 0.26057758876850534
0.4060249689990778 0.04960783558733084
0.3284877261616548 0.23472350828971966
0.4125837287129701 0.9243000956925331
0.33944825368738507 0.8206344450755345
0.567793102443179 0.2894889638171376
0.8935439278689528 0.5499459959462063
0.1803600903749485 0.8336704887073343
0.8913382507419703 0.9268656532404249
0.9807252859580553 0.4708121438618862
0.4736169088975306 0.4987178963824941
0.8438554822648341 0.3032192194406911
0.4762296930321719 0.613600655051127
0.6224239174452695 0.6748039299861739
0.2933437882815648 0.7924594510995144
0.27071169728482336 0.806710151639819
0.5070890110585102 0.28822305463313946
0.5284510137367158 0.5416129265802518
0.9476363895461899 0.7675257595521572
0.30471404555054393 0.907387200580863
0.41381226493487344 0.7921109401017685
0.8437360191537278 0.8530905833516662
0.012876957680334922 0.974503357700605
0.07704127399435645 0.8300845465744993
0.4916502592458796 0.3472530758490038
0.891769826825656 0.24122853664868638
0.19311349109784381 0.21909238739088277
0.7270231196704087 0.11129188393259248
0.6517230417608679 0.8763509847629836
0.11562940224311613 0.30235637544622174
0.5622619827235475 0.32713003563116305
0.49185066371971664 0.7817895712020724
0.43711701916470136 0.9381066183060907
0.012044105400669691 0.15444694395847391
0.6247745803475431 0.6324156312574771
0.7529387368097507 0.6757104799253275
0.4063737072479652 0.17328633359248635
0.0017460260788002557 0.898121713433955
0.3754671572509225 0.2639392473258777
0.993484187491211 0.22250438584800913
0.8289338188693407 0.5699020971653566
0.510074117897394 0.8662622362714709
0.9525232311642386 0.0600823109555364
0.9480010936476138 0.9464924083375557
0.6237201842567972 0.32489516996414003
0.9987415792581014 0.21068372673927938
0.2277372508860298 0.7641426583402451
0.34713045105777596 0.31709023526439695
0.3374110912437229 0.04626414023251968
0.3102080484494887 0.9479596939529662
0.935961216085704 0.24290315278524277
0.40143806498870727 0.3163414900732713
0.5328992710806746 0.7234663761898021
0.47317676150074783 0.3342519134983002
0.5799069385512929 0.42152652896558984
0.21978838629134567 0.10813948808480878
0.6070983113598645 0.5229382453774079
0.3338122111914217 0.20523927398716513
0.979835778971625 0.13464236413051944
0.3812016929762989 0.4864973024813186
0.48860421490948336 0.01568098646645044
0.07507231338190068 0.05643293804550198
0.17638069355488462 0.6049366530568299
0.36349038552429436 0.40175285453009124
0.6341555669530698 0.2422828044162737
0.5637029059528169 0.2926878759197189
0.9270220670672993 0.5618637480540529
0.4164617184178243 0.7149038272629722
0.08808722752917864 0.6107053367723987
0.8859594137005056 0.12305566981928062
0.26608640222982527 0.8133771431436911
0.1577963268645559 0.66878948671552
0.5205857122623705 0.2683543373626913
0.17714613668267032 0.6374118312862342
0.6329271395360665 0.5108078546290693
0.6324156875087374 0.6559849976420355
0.6566496170207721 0.9476074558732193
0.10970363659976856 0.026846249380764187
0.6949793482750923 0.8674262685202907
0.8517653621809655 0.8612563493918906
0.691064912946334 0.3522141833274002
0.5748366847609887 0.36806911399006115
0.6980645326677373 0.5728270551248076
0.060714590504812094 0.6299018727584405
0.48422565296175235 0.2898355593625541
0.7369813374106202 0.35312251036143616
0.9506492711433581 0.2363517234748984
0.37517689575987045 0.11948444517198742
0.7661500660376135 0.45050742306353064
0.08783196717610986 0.7997259395531882
0.6379184230828321 0.12488052141029304
0.5804597613798319 0.19529596712234998
0.6905788844707756 0.6784384121964513
0.9383053150333065 0.8300513260818563
0.6028971964322627 0.9936044464544418
0.9893709753614186 0.8782867689434894
0.6629877712601062 0.5080774712871925
0.7360898547511163 0.4018445793542662
0.9477837845765729 0.33723416116683125
0.8012707085142505 0.38662767390253094
0.07009375623363545 0.3346242975049467
0.16563722944564785 0.6419054956541801
0.35458072535806107 0.31582985225056626
0.22938008376064145 0.26878864460658125
0.6638464958219346 0.18491910942530865
0.8904888157975914 0.9198962609182857
0.5504334771829469 0.10244234804223207
0.24992583681002967 0.6513712938016301
0.8360650553029287 0.7901006441820355
0.9135607713583171 0.06074749776581667
0.15961869872984424 0.9079496102813152
0.5701344405692335 0.9970717427681304
0.4217242757871924 0.4359454946259067
0.7104514696837332 0.2867774507409373
0.08335152201802454 0.8724091998035617
0.9770070669802688 0.31186216553197776
0.8318499612748502 0.6414485002388908
0.17501201407189404 0.29466008245051856
0.09122266918679567 0.6759566086721798
0.6821792679842331 0.917758744262203
0.4498638726458488 0.21223824677344183
0.003922512538999223 0.8337704951164431
0.4264906136862441 0.8468059546408375
0.8776359778104141 0.9019300830985926
0.5069916495843931 0.23521622842890788
0.48541865434586984 0.17735175560726657
0.5590328189047551 0.8741483156588985
0.8947213483527114 0.6505099403692318
0.684984902586961 0.06011871083596576
0.18251521702949702 0.2602822671816518
0.29871173524797867 0.43668947096108224
0.04267426390466644 0.3818507872173289
0.5894886399911381 0.41432101132527
0.2727873731204442 0.7960086977430778
0.3067396982128394 0.5480408688638385
0.7043514837857303 0.08797204141493009
0.7861286202028976 0.09533012341800462
0.1410515105865835 0.006626882203949469
0.900163836584007 0.3892321066537945
0.5300102224169967 0.14487087754412697
0.19815246127854724 0.9102823940796398
0.7300808559015415 0.6947553819807182
0.46201825287681797 0.6809307373466622
0.22670291657121266 0.8439135352685352
0.8830127302705963 0.43691669047883397
0.11811447872754943 0.08492306117707593
0.18834883452971174 0.2621611971205977
0.024436576801039722 0.00014450232747376113
0.7867353567794917 0.49374251159865246
0.8511313611350848 0.13760822384661697
0.6527896746652064 0.4656871060061578
0.5281567055160006 0.003762178911741465
0.36631402468413765 0.792757536618965
0.5475451877032629 0.14313538156485173
0.6330112969543102 0.6707883564878305
0.15286538791719995 0.9432722267123683
0.40432115522156287 0.05590668318681491
0.4198473839714687 0.8695028176108826
0.6933090480211652 0.7022853205958752
0.8613709187513241 0.1673793444321594
0.1499755302785124 0.3381449705580364
0.7499372927932104 0.10267196680656432
0.16493993017468078 0.44098100455113776
0.7891000395047281 0.37932167794689464
0.5062252562186322 0.43429306820909797
0.503518824735397 0.16545311635568205
0.7829538406593264 0.03872414345301478
0.4298483681744505 0.16138814460513928
0.2263957507464256 0.7204664062513251
0.6557647362199697 0.4423652784555687
0.49353188076398347 0.6725665436165174
0.05356267429858752 0.050278182821289485
0.46179120330381673 0.9919034856408475
0.16582243309471467 0.5262939838733607
0.7391714952954878 0.869359356665167
0.13019161937385904 0.22381445609658246
0.7191991713894261 0.4606518423715473
