10 3 100 1
1102 857 862 829 793 801 1090 774 984 1019
1055 837 876 885 909 1104 1220 1058 1201 1168
860 872 1204 764 938 931 839 1080 1208 938
788 1232 819 1075 995 890 1028 938 987 969
787 774 1155 1121 1179 1191 1206 1237 1132 792
1147 776 807 1023 1219 771 854 892 1111 1048
872 1058 1156 1061 1163 1237 968 805 815 1056
993 1146 1079 1241 875 1186 1217 1228 1241 1204
1094 1210 1000 776 846 1016 1165 1002 788 824
806 1212 1137 1131 915 1022 911 801 875 867
9 2
5 9
0 5
0.7690508566402988 0.7857139972658985 0.6355275466263208 0.5632864827242111 0.17157829718094045
0.361495420386154 0.439953500871271 0.5483914477437757 0.45197723868617246 0.37164640600583787
0.8516683837260668 0.7853840896144018
0.842112151247514 0.881097084730369
0.29356817101981325 0.5058277332639924
0.021791881097426025 0.5037119947335882
0.2943753222290806 0.14291672968819524
0.8101686326826827 0.7920130430175705
0.44923678026147473 0.08930679022477639
0.24268621221617015 0.12010003171235306
0.46378603259232065 0.5349013743855908
0.9483033437257002 0.47634575828929204
0.8034099460524622 0.9883433217359148
0.8484396795005194 0.6215433921130182
0.4283044265670455 0.4356343448821809
0.567660387314399 0.03628985433400156
0.29410183310831783 0.6617624096125561
0.8858818820675771 0.945563455778619
0.2308496781402405 0.49589066276677984
0.7292322075631912 0.14852998121481464
0.5446478350717121 0.3730544791424042
0.2202888705595074 0.7193904519839449
0.5773280201347291 0.3178339087826132
0.914757493624329 0.826322282298974
0.38650157632507787 0.5346594259189184
0.8661997552915757 0.08903520316970659
0.43996463859197354 0.7338265558321659
0.6256124450179141 0.21379409637519875
0.7357164909101961 0.9554741250795318
0.5937508564317084 0.7219055168834176
0.0431351957074706 0.4745153154866839
0.5333041866691952 0.01843098745722438
0.6893382596088153 0.7808034902079957
0.1688172868071922 0.5616004279258873
0.4636239467566883 0.42349860404190665
0.7939293133237397 0.8724581274531149
0.22053637538892734 0.8098205264702001
0.8393034986112775 0.724029069453525
0.39947181260467945 0.31924830001260296
0.5760091529332119 0.3889732112979334
0.7885675512099077 0.7632372777030878
0.7922507502164506 0.5371217456646713
0.1745533882278698 0.7068644580055956
0.9744248463307044 0.924016858689567
0.392030531557932 0.843831755152392
0.3104238878349499 0.081861564129184
0.4918031934848439 0.04285547678715651
0.002335475443016488 0.9089928438819979
0.05302752179941472 0.8405180533181038
0.44540339844929244 0.8167997398669655
0.9538247686031203 0.8083510849089928
0.7956765490326019 0.6109637866726969
0.5601986345732382 0.3325389860511485
0.09707081988510358 0.9519952862999737
0.9572901116736097 0.8024872886147247
0.058449149453585925 0.45948722168893963
0.6299437547889666 0.6805909035173259
0.1009684542665521 0.28002192786326896
0.5353675812037519 0.614961126664832
0.12401721049797798 0.04400957822758067
0.3740502249326987 0.1539925525563628
0.2909549347747762 0.3419094267758087
0.9490031982737392 0.5210115752017841
0.19528735169626454 0.8516920793028395
0.9035148654154139 0.745084612006349
0.3203956753082038 0.12132798252315946
0.5686178296301543 0.5492258404457782
0.8457069881940404 0.3825652767055834
0.32919730791046153 0.5891047223967665
0.5701376723838718 0.15256015694678404
0.2707944084902698 0.25618704816233207
0.9392413876923971 0.9437126975693102
0.47365473900601085 0.3382602517924336
0.052602597921256544 0.3096960908643345
0.3706749611838691 0.5018477048957475
0.8474091487752937 0.38012549213459823
0.47053300674467824 0.385848260293453
0.7062950723102137 0.9484598505057824
0.27289268061933925 0.3488363248988495
0.6498110769993504 0.09603605943461235
0.4816852934373943 0.7178363937730998
0.13914936128425182 0.11283044307723022
0.5651702275107464 0.5246158303060191
0.1539132635017526 0.7789902488097784
0.7721667977444795 0.1432190091599168
0.8367776841891232 0.953665737397098
0.0988574495304666 0.8828169883070733
0.08997503703539311 0.8898457218034459
0.8842686775854547 0.3229903232183331
0.4369595767215646 0.7964105018689294
0.11711080060282741 0.22558128590061455
0.35372833252817415 0.4492482854977533
0.7714838739362793 0.0629404640247857
0.5455900307195214 0.5448032712462112
0.44831930435960654 0.29899312220217045
0.5754881037419459 0.1534894130679254
0.9287366925614207 0.32718002491465836
0.4344951101452077 0.8195717011045847
0.9974553785830267 0.07090516784071355
0.38456169854052535 0.8797155667867083
0.009422984454626304 0.5567677235162463
0.7653743221094675 0.7396289539089931
0.564575261573675 0.8517446958339361
0.20279146562842687 0.17939465521129594
0.49565186567505237 0.4605871174573817
0.14936398038398102 0.5652117929922027
0.7318391662417483 0.7505686148818072
0.2853453005149078 0.7206695126582832
0.43054053577694273 0.5904768594098591
0.042659745042944675 0.11851887138420913
0.06594486533785826 0.7876558339959423
0.7212572080772959 0.7708833413182745
0.2741432861541995 0.4736034569356635
0.612665471701352 0.19146365266522203
0.4631212003085987 0.15817523525694321
0.7239199872761162 0.8013875425677663
0.3617691033763286 0.3168329120299529
0.6132491462531215 0.19936176747152867
0.1552233480271077 0.6041283864154248
0.7397326679335376 0.8864901773710716
0.5494580429149571 0.08478435071494905
0.24899248481734992 0.9142765799735286
0.26896201026781563 0.009043953014260309
0.3304171642475666 0.6404611287077107
0.9561263445939212 0.6883794572460409
0.43341745974858537 0.2746923586814569
0.8349977383049416 0.5347967701621827
0.7576664259621169 0.7110578485227035
0.5063621545357759 0.055985060011718435
0.861347319344351 0.06246908540991725
0.66351380434969 0.6948783159798408
0.5695005979119574 0.6647170392214414
0.174260181425282 0.6302610383086433
0.45681637541797415 0.16877375304833686
0.4566615383476176 0.3608674887765524
0.2929824084665633 0.931794058980143
0.9542191648427809 0.8707638753218936
0.8963074408520826 0.9913675883206239
0.43390360651906024 0.24338456210245019
0.507557666603631 0.39975710290998445
0.24633398591956013 0.5864959939731649
0.8884774638568917 0.9040421752565928
0.5699134292399675 0.7676236419309888
0.542945048491946 0.2710288092061268
0.7585246866001367 0.5306139946064279
0.9850760733274413 0.09524682187155742
0.08853811306722537 0.09476953263084664
0.38070525329239824 0.09068603691613508
0.2437882410135781 0.0800044175876411
0.7632059095859753 0.7598201840110468
0.5232269857310021 0.48292464913219124
0.3395697111940328 0.9434959784500407
0.18061557156437447 0.8711004451608011
0.28053188090946946 0.2439250319246542
0.04189266297886096 0.5981332663830086
0.650833971033874 0.40167498475603836
0.189666528458587 0.0883370518058344
0.6571029054674828 0.5489856036508742
0.9362914554314958 0.07587188006053958
0.960033629007746 0.10351595524324186
0.049588365300315074 0.2770628943294209
0.26128727724097 0.6490461218447034
0.3192315463970494 0.43381934440255376
0.8362421816649461 0.09299025919180437
0.673169444016595 0.1940501240168031
0.27875371938323146 0.5026374803941329
0.5113975481374609 0.5043750104896396
0.2892830301740619 0.7026507519783622
0.5079495199506052 0.5803049724952947
0.4065613475617973 0.07973845477657027
0.49499693267058253 0.6295634437691973
0.4333126162727805 0.21195272685161926
0.7071654737739415 0.9125707764652513
0.017679454999268263 0.18035501694440348
0.832772304970038 0.18996659593290222
0.8669140200276049 0.6825584465820917
0.1015078111606198 0.2964665008455507
0.304162822962033 0.8940273007288757
0.22338116278306974 0.5825484631183009
0.36693235870372387 0.7758127587377055
0.37236339924522 0.4149393815266089
0.8893754785643622 0.9112184626750215
0.5293512792796939 0.785182887791315
0.04193039968687984 0.7067258644233618
0.31861918810735945 0.3952718610919512
0.5553011186212331 0.8441555553053854
0.10075757710018585 0.24525669647834625
0.5472006585513038 0.22578790496556067
0.6156306326373673 0.6066451959080883
0.13675435915418466 0.10794174093705866
0.5280309074158778 0.12413696404471541
0.4467963502867476 0.27907959576648667
0.3700545592505424 0.21111804189306316
0.08107120703645143 0.3473484765360493
0.10586897005472706 0.8729011993513534
0.5821846840914786 0.542547660173639
0.9394992603218002 0.05394133118453048
0.35123887374976714 0.22565243668867496
0.9065137597311925 0.8255027006288325
0.2883471544533911 0.6848196801599742
0.7649572423488749 0.4272637402187238
0.47437258387770864 0.4068812793765064
