10 4 100 3
1622 1904 2392 2101 1867 1604 1235 1106 882 921
1388 1852 2012 1880 1703 1485 1270 971 812 759
1221 1459 1748 1614 1422 1488 1072 892 953 791
1074 1308 1378 1453 1223 1073 950 858 824 866
1011 1101 1241 1183 995 1102 1048 803 727 656
782 817 1072 1111 1004 899 970 784 614 562
770 874 731 771 823 828 778 840 587 656
637 650 732 877 698 740 679 590 769 508
809 631 819 654 583 662 776 750 583 667
670 750 786 693 591 612 692 612 716 491
0 8
2 1
8 4
3 3
0.653830719216046 0.3711304200800937 0.9811245824900459 0.5373780317383348 0.23888927137066318
0.9220599238084288 0.604250000584859 0.8560903043407282 0.5969794176069955 0.41547233575435716
0.555694311821232 0.4008524831358463 0.6705759559452114 0.3619406434415811 0.32557195041139436
0.22270557677425273 0.18028698866121662
0.4488887220585571 0.5997786789769965
0.10665235573474385 0.911974379541401
0.6953891960994398 0.5617447120395869
0.6863122246323825 0.47500409602324445
0.14242958808485584 0.4509236887660837
0.588451005597497 0.6093293813934186
0.9538243131375925 0.47392505764002757
0.8618237786904168 0.9698200344045482
0.6488043545823639 0.08188226210231209
0.7762948144571131 0.43233628481721387
0.9225014327728582 0.08469453719645248
0.6667500395874189 0.6320497200762942
0.29081889800656113 0.4604840039463194
0.4494400914420731 0.8950846698714205
0.48325614230923564 0.023673784115649132
0.899538798037067 0.6404246137620986
0.4797108115531874 0.1456000407832494
0.939013291648378 0.4706297303601783
0.5308446839023933 0.7033631667073597
0.7705066535206007 0.30934113415174913
0.1831128685743817 0.6519894366442482
0.7460899346372467 0.17099686382096357
0.6349029363738754 0.20500150927483873
0.042324676612083056 0.13405950437100755
0.9869410947108181 0.2896230616665565
0.019723423977374255 0.39254512735377434
0.8908285582924986 0.3437104254115102
0.39035893465784266 0.701870802766865
0.6461527235583158 0.7578784153255826
0.8275357989665146 0.9280267125164403
0.8244227344139996 0.6329065910285292
0.3969488863383308 0.5822961496458847
0.2861472153773934 0.085393326194251
0.6515779484742819 0.48318051841194154
0.27805091958011685 0.825501941243681
0.23780189779723093 0.04551322404771674
0.5090236336118317 0.3739161601611092
0.6157531932819793 0.8531910601192398
0.7781793407150468 0.03602420120471006
0.875047868450779 0.2918579069082312
0.8388081432254373 0.2811799007253326
0.4863214798979745 0.46842875642672177
0.4092969639013566 0.5869247068528423
0.2057430069712285 0.699546088403814
0.3779905839550297 0.19249767532510953
0.5846774857444745 0.07776713870337071
0.2956655742157335 0.26057413696094
0.09486105417164414 0.007159238905964704
0.9706384354583377 0.39473145048296643
0.4892511848645136 0.4698933804309078
0.30304162449104144 0.7314360909133184
0.22332400574304145 0.055595770051950044
0.998094842328564 0.29911365392356726
0.2557534907712209 0.2366093438204384
0.538279287552847 0.396802955002137
0.29687994502923054 0.28228751977598265
0.2508168020370085 0.15760305843417544
0.6014264643159222 0.09031730375618463
0.7987487405999278 0.7762445099419102
0.01595386440249369 0.5492300019827567
0.8298541823753625 0.008833913467024779
0.2571140335090847 0.30532217285435737
0.15656094068613702 0.1282346303169386
0.4707326482114498 0.17459213030272158
0.3370961389650329 0.06517820558754006
0.42614297952800495 0.5251707439414024
0.313488446391776 0.863152878859226
0.06471054378698038 0.2190029522956669
0.8727383590024071 0.6804186678534754
0.03473699579210643 0.7360001599864996
0.385434554974581 0.7808942813570607
0.3145208036678888 0.6044767233918529
0.7033588756679168 0.8450391416502332
0.6040948746002954 0.7804853669671501
0.1898712803737863 0.12667450477371367
0.6172840847768237 0.32506211361510884
0.18760956021106945 0.6486005442846945
0.32863094085628064 0.33194284373692495
0.09636933979231865 0.9219652645287502
0.406463638952999 0.6045921630043414
0.9759013118183812 0.9873663669672221
0.21641371727918135 0.17056852306305936
0.8877656687170841 0.04077940731161078
0.49673028875958103 0.5950320242312146
0.23640107364291407 0.363002123211289
0.07914811946954736 0.8658081217204057
0.7657881882043058 0.15967400278572486
0.9884758408466918 0.6849968512808589
0.46712049211943674 0.2825920382173859
0.15392674350357805 0.2847097640071694
0.5562818825286215 0.2674593949258528
0.5224476117689887 0.37285490825110834
0.7886221972964489 0.10833846782451162
0.8500467088330739 0.3670535245315929
0.5364203984465383 0.5226107126339972
0.4710317739334824 0.6614234897214082
0.210983416441632 0.5552708996332818
0.08059717109068165 0.654084254054141
0.8941306087656056 0.3409316231421651
0.22002570387091414 0.530545662030548
0.3603655846404603 0.4110748046022046
0.37442020239874463 0.6580692776901169
0.46463739367269197 0.9901897994993456
0.20627289720300834 0.6998987632598137
0.6125788122064857 0.012600363895365563
0.17934064437058783 0.9666639800373122
0.19970534382232752 0.7132139562091024
0.5386124397154577 0.3829331012703663
0.18126669831359243 0.8290447207670766
0.19433976119221552 0.3025981747169004
0.8955492919600734 0.7535416371473231
0.040835697235555024 0.16076298261236
0.7158562486454556 0.8591287651918142
0.7709825544088842 0.8833018849282352
0.07698473823972618 0.22864292084889404
0.11844396298735793 0.18974439691931178
0.2515259044230598 0.35357739978190317
0.20175552937803998 0.4186220298713268
0.4974326213909068 0.20559653837484237
0.10879314148794239 0.5794554842941628
0.3130312664361059 0.4082268731317722
0.4423424671419236 0.4906486221595119
0.36699392994666824 0.40983489115736105
0.2820961207824124 0.40894075256582463
0.36746715337765457 0.6723731338334014
0.5404089497461382 0.6567446469960991
0.9225273740886439 0.1335742043537289
0.305860169299466 0.46732581299691733
0.9201508961568079 0.6181401356425054
0.01998145881454505 0.8934224920068907
0.6142841576549654 0.5786074283782825
0.2883020324568639 0.23434176366533443
0.6648838107689969 0.46919902589381324
0.3472755600027373 0.4972341324425953
0.13249543426264254 0.5112001565211255
0.33539024591345523 0.25146978607454207
0.9971944910830621 0.857564562614419
0.7491155619015619 0.46776473335646584
0.21110288154245005 0.6695933353455907
0.09113714406434892 0.25684369671869045
0.8654597423498225 0.4390198099415421
0.5770297331760976 0.6677290685723438
0.20689096102494342 0.6166745358665862
0.043568866567668785 0.6710323555476216
0.6849419838638404 0.33013279399234197
0.08570171921801228 0.48976037197242905
0.36548577571044794 0.11007001977060216
0.8413886103500898 0.12593463843881758
0.22865037080882544 0.2765131378355796
0.47051389914426744 0.06449761002863053
0.5162331083603304 0.9615102926245436
0.1915763555001624 0.034327799294503025
0.6457612867568965 0.38182271078072993
0.3624216222584433 0.7445733549626279
0.5736564275731446 0.2358493497560612
0.21150854835628463 0.5322128765445797
0.9458414494554288 0.9984243176817766
0.4521330039270439 0.5431706035800261
0.8393125657231582 0.6865046720109398
0.07149886476488843 0.14825148736902216
0.6157293544608242 0.22340641782205628
0.7135032111316999 0.8267520070671748
0.5304658575000771 0.41705335206779126
0.14348868842522644 0.7360221979960244
0.6383482526703166 0.9361033257793592
0.08772372693596098 0.32248057270001906
0.2903859868720211 0.7213059262320265
0.42438191406582404 0.3645858238720381
0.5725591304171342 0.021651609448811726
0.5476986092973093 0.7689051788573971
0.4004031610688903 0.2221147799868446
0.44839601293109665 0.622398388472615
0.46169886322697673 0.8111671860358403
0.031927401940267996 0.8428975032811108
0.22893841744814059 0.047513503940477264
0.8305386150809331 0.08209784766865336
0.3230726270451001 0.10986756550362053
0.7945328216470895 0.5209074952396076
0.04994608320052207 0.016892678094587277
0.3051548291050221 0.3983913356987958
0.4024952029156821 0.06570133365782471
0.4174175496909913 0.990483969372677
0.5200325783880171 0.7425268238401066
0.16741789414041608 0.26483657340334066
0.5244300930796597 0.29605061106003516
0.9887355912247118 0.17930779466632862
0.6624754687284278 0.9138688792616096
0.9215457737133292 0.11246988130283397
0.9055323550668866 0.20352001759593263
0.026480801406131738 0.6134143488728783
0.6226555629771853 0.6542372007053829
0.951975827475851 0.8704976470047443
0.690533792786203 0.6038628683838938
0.8034692376757371 0.5742125230518986
0.30957644615709023 0.5830403969646099
0.8746186279399468 0.999947091274376
0.7823740876166947 0.7570971230587848
0.623450175545377 0.24385767935767744
0.5196123288157828 0.973465426349772
0.537585287668402 0.5793358790559662
0.0004297324747875031 0.6101900432303011
0.06065772550824278 0.04769992828994907
0.0171152074256109 0.5058751101600731
0.5869270722382134 0.6500038552311906
0.05584942700568174 0.03971638775009101
0.6624032069433798 0.3244732372050496
0.0012060263498232526 0.9254711064366539
0.82616849304796 0.5529917676594334
0.5555775704856765 0.4361487143383844
0.44238633955528384 0.7485277313398524
0.047039523107257786 0.36132013567393906
0.4181838332915766 0.7719711595472882
0.7212910191951336 0.36488795846393174
0.6099752516261856 0.34435070233529386
0.7509404888685278 0.13968924366702407
0.046849731853096044 0.37733000650000315
0.6353363743834199 0.32751575868825555
0.9281509095826692 0.1555809853557386
0.09323622608358795 0.08798208314908451
0.1992622195907019 0.696744635756579
0.29173504451208787 0.9892979283306593
0.07202253778365098 0.6699850372526897
0.823115736579132 0.8381421726350085
0.6756992628849685 0.9529625386816354
0.34583339742741015 0.10273704258522387
0.11065834613553394 0.6170687309625689
0.4219978827664337 0.01224045411728203
0.2546262191398325 0.9563195953594927
0.171576003035796 0.24453889651508676
0.12744936011159647 0.4024508500230881
0.09899755994698278 0.9476636124268005
0.28798083475580616 0.3293436841472477
0.21800452213391908 0.20558162461391571
0.6195780686205989 0.7685122086683627
0.01283241822662018 0.8048075771529792
0.9319044888571992 0.02122022955303171
0.867206713294171 0.25621567457643124
0.9236966437913159 0.9598352586955896
0.7595971990773782 0.9894282054068124
0.5058504907340549 0.09427732761385865
0.09595311010760921 0.14020986153484105
0.9201231276588961 0.7621823577559796
0.6426224673116843 0.3774884592713206
0.16376761825065533 0.41088781014696507
0.7932839566338952 0.05369841676167497
0.6784776218243795 0.7204040787324726
0.5810623337212799 0.03496113127946954
0.4251710775576121 0.13372930020333484
0.44451336673193387 0.2701572111609849
0.33462680477563 0.6047825922755601
0.38023425019589907 0.19267540106587044
0.9112617624417734 0.03566479856569482
0.12988515716566318 0.08104663153978797
0.4469266279057913 0.248960205025619
0.20191629202582173 0.9947105617889165
0.47356061460864485 0.06614620986888586
0.48747826465124233 0.6061944502030328
0.10744941534495611 0.5948219735231526
0.34949747945855014 0.8186193412354503
0.9165836748759559 0.8846819076720009
0.7523999172527234 0.5362395222810536
0.4198988352925568 0.984092278475611
0.8861930681904107 0.7591882028068568
0.9487908177341495 0.8198592637447908
0.8799160433399318 0.1100684233031124
0.8930374528722982 0.23739980266912242
0.6202869345780833 0.4341473537079852
0.08555939873235974 0.21430883948656843
0.7394609882549901 0.8832097054482282
0.07708401113410535 0.8742651523314255
0.02367680959376317 0.04968035415832461
0.20615322352977872 0.4655285357025871
0.9142555821115788 0.540171934211326
0.6087894590806788 0.11924744315503144
0.6694418524124608 0.90423353583192
0.3675701118846182 0.4740399844336911
0.11661424017254718 0.7784620648920164
0.551264587582641 0.13572107754147456
0.9366647450105068 0.010641097805823563
0.5367877296231738 0.14838241310104605
0.7572646675335286 0.7313003585433464
0.7209535803433784 0.13865371103953894
0.08038931761575396 0.1594506220682601
0.13989679824920676 0.37340033176411613
0.304704751932499 0.5353303925697495
0.5734239324600334 0.09285432170007168
0.9287511099991215 0.9416527316491865
0.37296365784290564 0.8674230071483804
0.7415632076618452 0.033054367076604585
0.29087488925818783 0.15953491250559804
0.6052466271646078 0.4297351264913618
0.5189513256458491 0.6479724011430559
0.8951544104412279 0.13461403550128903
0.10535463713614157 0.5447444731355275
0.20143592212476413 0.7144497457243819
0.30952925266355624 0.3688910452002636
0.2453872705989164 0.3102853917569446
0.32906103029304146 0.9523736653740813
0.03909895386644813 0.06870709058607205
