10 7 100 3
888 901 1198 1278 1283 698 1083 1043 768 1034
945 661 716 1154 721 1087 927 1011 963 1072
722 1049 990 998 889 976 740 1209 829 963
1124 678 777 844 1132 1170 865 1237 1003 1320
1211 1044 712 1090 1001 1011 896 1055 660 1122
695 1129 1189 1104 941 777 868 915 960 1105
1122 965 908 683 877 757 1059 726 1273 1240
1253 1065 1271 1293 1231 1241 1187 956 1304 1170
1166 753 787 1207 1049 1007 978 1015 1221 955
1130 797 1083 744 649 1186 781 1002 1161 1317
3 6
4 4
1 7
8 7
7 7
2 7
2 1
0.8785839473746802 0.8652562132800243 0.573612766044161 0.8521151414882231 0.35938811917780267
0.7530837837566072 0.5539932785639152 0.5588106337991594 0.39930651153792146 0.24305055353044225
0.968151882975371 0.5140266660361867 0.5900002703504322 0.7429956723266353 0.4585821783984366
0.335389974124098 0.9794585174264974 0.5793710922337225 0.5332339190934907 0.20499750084133384
0.8396329224560297 0.5886973216497182 0.6659145582496945 0.33160703188371693 0.27466373440021996
0.634296191372111 0.686564314103887 0.8610328212504212 0.7440936167227611 0.2774773529788632
0.29011084733100034 0.1959913371218236
0.3486288408290861 0.7484572272941017
0.6946346131744761 0.48095454582501374
0.7935972151320447 0.2685263647899072
0.5035995386179599 0.47342863724551276
0.6119127860936349 0.4675264582330725
0.7599899318403163 0.6168232542469014
0.7492816538028195 0.4266377892965083
0.8428016958567588 0.17390224974915758
0.1544939806747001 0.9498193190105135
0.5214525558031238 0.00543099730367369
0.46278920622671627 0.6039806590087704
0.8937022321680608 0.3660724603614909
0.30768690059469317 0.6705268084322431
0.34038563809309785 0.45206985891206974
0.799977426641675 0.8311185631493383
0.7142726334331095 0.973032388658285
0.046087591666455374 0.40636187201342544
0.7177819165997705 0.7633333907651605
0.37503317477106224 0.9996089452563934
0.055300286038869384 0.03977892699913266
0.5618793069357262 0.6299935148623697
0.8945607440837131 0.923344392055027
0.2404534172248316 0.08276837122637559
0.7602730787044008 0.44303586768794867
0.9231118987116385 0.5020461959556732
0.8492466799943332 0.880570177402981
0.12216055959107397 0.10423772454218705
0.07043450056815792 0.894046438260057
0.9612238604708019 0.6585276901274233
0.8793103871429198 0.08292217532809132
0.39942305779006815 0.6513402605125069
0.28338436871676587 0.6540078673502241
0.6853269087693112 0.20997383572985107
0.8106130688675468 0.6235621866086836
0.08705195091088602 0.971896116152817
0.9786781492689269 0.321165599186062
0.37751786123608966 0.2625547584909076
0.6711807120554536 0.824065325715821
0.18563582884080532 0.7355555562523732
0.20607985718663135 0.7519061145887103
0.19625668662943752 0.05943178205819133
0.486142537839624 0.404603313193163
0.73695190571444 0.9131740802998602
0.09589362499776755 0.6578927707021558
0.21901274550519156 0.7633172604293408
0.2437799890261343 0.25167174999888897
0.31433919811781497 0.406578579191915
0.10283984147007375 0.08181895579740406
0.9830867468262652 0.23992785381335713
0.2897249847698542 0.3205003611478554
0.7281821123762722 0.22483897750647452
0.046548424304980296 0.4972544820288507
0.41135434996850817 0.1391968489936659
0.5816841177319068 0.5057133092524662
0.5742410585985998 0.31917008804915126
0.7300190378279487 0.408793796354431
0.2605381958580111 0.447227452881086
0.05537773809773183 0.3118162954464887
0.4974971213447752 0.6727382749081758
0.12527971800552073 0.18806308832056806
0.23702378103732968 0.22881678108874293
0.11286456574963011 0.8540379701958649
0.6883684111771355 0.37643416304533917
0.25093591917673463 0.8860984434144628
0.37320196259734173 0.587093149265745
0.517827595812961 0.1115806597620137
0.09920716949329389 0.5448677948955227
0.3388609961734754 0.952545640423704
0.3172551631851297 0.45597227879739766
0.3526937610589549 0.1231728279838169
0.477185701375604 0.6456788986790452
0.14015749262131671 0.4784867474026322
0.18904945600527712 0.9928749400334771
0.8419899622267155 0.7356421334202958
0.01574049313946979 0.8588346984288731
0.06638949989468879 0.37415213072535636
0.12002363964803608 0.17886067490942015
0.8245983762858438 0.30702149614227103
0.8676209067309368 0.7322226505581935
0.42737160173173283 0.548856238001471
0.3162640300616022 0.3105484329586876
0.6368260399509991 0.02835819490955216
0.19654264664303045 0.7161803471507979
0.5428800467215409 0.3561458863474709
0.7732876751032229 0.3403002802068442
0.2482497199537108 0.9987416158449121
0.9058120162991348 0.21621261297619077
0.8528360234087162 0.05216136696131346
0.06881500292413412 0.7394725949869072
0.08848372264392079 0.7541828033800999
0.22568153408574432 0.5755093802333517
0.8741981029509378 0.4971662468289486
0.8943427707784455 0.3202920568984986
0.393293238285799 0.7190448790380797
0.8726263498929756 0.6545204567138088
0.8888097931833647 0.5584550491707565
0.1372528665492625 0.08234305735766867
0.48666406471019896 0.1438364360910278
0.5961270248160031 0.6347018469881252
0.4449763314269435 0.6957905737357977
0.9955830085310626 0.8322068332894605
0.520597773694301 0.7822083571060352
0.17167132917876948 0.6599581726956716
0.24672852718278815 0.5378376271033356
0.012396250187223012 0.94407651631525
0.8106625318713094 0.7168434191770137
0.605795094755675 0.9754929076562473
0.8870330185349822 0.3442581027314153
0.30867627991492297 0.014932319523509818
0.9675353059432552 0.5554022649503967
0.7396513729015519 0.9250707407660286
0.5105122034312417 0.5943618224711462
0.5902472860632957 0.6685885038893853
0.5284900541171207 0.9724656473551401
0.3394809720367087 0.2661278588024072
0.8395541790594723 0.9146011846509627
0.8634585400775585 0.42054442336873543
0.22853388582112677 0.17845758269897893
0.965783769720123 0.85874767183423
0.36154728078322007 0.5087295307412056
0.7296671082337114 0.22617078561403337
0.5783225314416074 0.7541942150879117
0.6878356265371945 0.7678043587344281
0.595016281360697 0.021519133178727667
0.17223757974704923 0.8310265589949779
0.8378420686339214 0.7312807477636949
0.9879434365011666 0.6624919614014133
0.744025815453957 0.31308254918068235
0.14481234466005688 0.1474072013369323
0.3836974668598456 0.07662536228447547
0.3196305276427178 0.12010971325687736
0.2561766104505949 0.4456838026791645
0.389392654875268 0.6795566502947228
0.885392020363605 0.3740550148322914
0.3494146380843719 0.5059867003626932
0.7440211258308012 0.05227333290134473
0.08781583996874942 0.3242779658879247
0.5816116342848763 0.47254518870421225
0.825651625306679 0.6308249018042724
0.7947201099719265 0.18525739065148894
0.4020721755240573 0.3275549314586952
0.425749057788112 0.5295832198009269
0.30000876320553105 0.10431677728695288
0.7549818054410904 0.8003135467902396
0.6077092357472829 0.3740793012497581
0.7862854380145501 0.5179112838529032
0.6004949568188072 0.5865202396963805
0.009080759810682126 0.8494681818797953
0.37783798634202626 0.9941953220304094
0.789739701117546 0.4188008883790735
0.537956813896751 0.2032266522409807
0.8759118797921017 0.0664070262857297
0.7237845942601293 0.024404770766566886
0.16775672678235476 0.11945422343430634
0.6133133032427427 0.8348592492764499
0.42232204975310794 0.7818318334217627
0.4334151214262645 0.774389527197834
0.21311422719362882 0.25911797292482386
0.3243189100592696 0.2761475061372305
0.7510033916776593 0.901429909245147
0.9228138484695043 0.5439094750659681
0.639265715091748 0.3033535790407045
0.5298169640928483 0.04116643132477882
0.3632619789461218 0.08677219350996035
0.40342933993741803 0.5370013124579056
0.07838074036563225 0.18673709134768068
0.11335274689626096 0.43142110676518763
0.039135576840505726 0.944630154683495
0.6769817333953638 0.9459786996248902
0.06513373717340776 0.5671593319106409
0.8168351057520222 0.9170751252203546
0.7723383020636483 0.6571864158411456
0.27880123646008026 0.04964366059879399
0.29452075991334037 0.970240236947643
0.4585805270962684 0.9435846613161878
0.25384287839067454 0.9078361227355503
0.09814738381605448 0.6769607281040961
0.31381279008676866 0.47213950169958707
0.6407671093655074 0.6744264925075811
0.024592854381700224 0.40131502598161206
0.9540222402297225 0.8688521132922862
0.3858846361229993 0.032095403616774654
0.8085031893802637 0.7935110288572227
0.5062861765807345 0.14775918657377773
0.494299386938271 0.17143157096070505
0.6562093068483545 0.006215313245696574
0.931564313898692 0.388855583461976
0.7423795574651322 0.5579975582373997
0.10534489301996008 0.7530908250840733
0.3855237317440148 0.8142560624233679
0.61440557815217 0.18932872820910873
0.9828215595268681 0.2155602914663357
0.8121042656156525 0.02721569083527564
0.8500105611836648 0.6099194257265876
0.28404770492475784 0.6961981608459364
0.7197283794671245 0.9197265372959149
0.7180491581238129 0.2310930839201517
0.9407137571005186 0.932457141817963
0.5868919985195404 0.14613308822221227
0.7329145182616781 0.8595627457736703
0.1480491148010581 0.6789770478795643
0.910973604736494 0.8391027885623679
0.6859122227067411 0.3704973019203075
0.5018571604023714 0.5268028912686253
0.8817054080616842 0.11953950734355168
0.46332170868900624 0.1273463449478769
0.7531773048247143 0.7341924604300454
0.46351253613982935 0.2354570176878339
0.5971319779063333 0.40712287860174
0.29660789478586413 0.8347824476249899
0.7474207327916698 0.0048603248794711895
0.25723369949573205 0.5355876666445885
0.7829507046506088 0.06356724097606925
0.37356670928161817 0.7249772924548328
0.5897396624008764 0.6023721442824674
0.991914596998595 0.27060067892607953
0.275390544204571 0.8880800436360017
0.4379111890952918 0.6654067852825052
0.9557104976039081 0.5929045388541843
0.9051142117293618 0.44156594555213746
0.5616395440025725 0.9252008123930682
0.8842797367553314 0.009266602902842092
0.6726696154791234 0.2370615703429746
0.9846404886693481 0.8482490011666912
0.23110819245793834 0.34027311927193904
0.7313511349072734 0.8256811119579606
0.7153098018611992 0.7934929881851733
0.5952302160285903 0.6810136844826173
0.668811147551172 0.9378454624315615
0.47649947229088774 0.9357767138288633
0.3392582656491092 0.7919081290029861
0.7552008566759827 0.8194553103863937
0.7429004691496326 0.8192018157493421
0.21090083723558029 0.35982827381453597
0.8610367455477952 0.7006792830437403
0.9054509610245585 0.7390562006299337
0.061193288333310614 0.1474297352027314
0.1434803122035213 0.6134349896849718
0.7926001448864206 0.8861687408738594
0.46654032398168166 0.08617449735157545
0.8463633969827025 0.5168429330428619
0.4500481882368641 0.39831953774911155
0.629875130076228 0.20343207605479652
0.4025165665224122 0.16154361929334704
0.9501613974408749 0.007036477753955106
0.5828407683159327 0.08288240520406331
0.2662421916340727 0.03058949493822527
0.9249917387508073 0.34337390864486417
0.9147676843427004 0.2774090377534686
0.11491722074879407 0.4339090309442759
0.1353490910415749 0.2868015220472848
0.539300814450322 0.7043720630917205
0.2047360433390515 0.8984362192447395
0.5690362746540922 0.6255213783523885
0.01256231597410351 0.48891450087436783
0.09799276166559578 0.7202807906426509
0.6219478890504841 0.4921281230219281
0.28449601180103423 0.9465205272804396
0.15375479969871098 0.404188325594095
0.3474876533170723 0.2925605852680335
0.14312871654627646 0.24130754951247524
0.7788334810124948 0.6565152798836233
0.9800778046924967 0.4095396142079508
0.7152114983641338 0.11527073661437615
0.011716608329576772 0.022852069064924097
0.5208287623831069 0.14280338665235726
0.6693716781664651 0.8925363823833719
0.6983269042757962 0.33387855701393576
0.9987120972115158 0.24972786213211506
0.002344309392979138 0.6885269743422924
0.3584749276566048 0.23028092320813243
0.02001144550416134 0.984229057122388
0.7766589058453972 0.031011104137479206
0.7982824202590304 0.7205159468250246
0.2458736974574507 0.03974169646060588
0.2734917044343905 0.6415208432158168
0.4529867344236196 0.8317914140420972
0.41426130352539836 0.42696791295109127
0.01784138884750197 0.5414909364886058
0.5702773679544806 0.6868661463077725
0.46647791929513605 0.0674020278010472
0.6612517797558501 0.5094904245402019
0.09843907713467015 0.9724972724498262
0.25453804286068404 0.5645865093953939
0.8212994847460653 0.05455829995606454
0.17008572465546412 0.0658691365649724
0.6800286705469945 0.3565814819389699
0.570719621303684 0.022778092855830767
0.73654790998847 0.9779849540692864
0.5303758870280193 0.7934023394809595
0.1785496283046999 0.18447111830241258
0.706907454183902 0.5797934695364988
0.8169026098166661 0.3725010486357758
0.28764096473857603 0.7729902989173647
0.9290412791678424 0.1768643852351004
0.13564635073511533 0.23475616964537815
0.24493188618865092 0.20885567276504524
0.5277292634397299 0.3910593217911249
0.5788391017014696 0.911266652484199
0.8027991659510283 0.3427019963046307
0.5856262385254336 0.1845391019834386
0.1380502778102659 0.026905761851644838
0.20381171021885014 0.8515103980031156
0.7782657799244042 0.7753179497195448
0.05342346713808421 0.14605164074108234
0.26346141399296896 0.60084112449676
0.7961557245370565 0.6013240669517086
0.7340350925631007 0.05104159341615122
0.45038409672418767 0.7319927882222292
0.42957141128027554 0.0664455883007653
0.3710930863328765 0.14438327412496843
0.2825218146729054 0.12973480791318992
0.32971403701202373 0.6509402740231038
0.9198866755243393 0.9573488235265184
0.5815490944555011 0.28741062268382
0.24679538172225168 0.4332930246665796
0.02065241533936124 0.00033627685210135816
0.18772216196780667 0.5404318848441672
0.15388473900413935 0.12734096908151882
0.8163057672190905 0.7342248311414916
0.08133268299788399 0.6958632245731633
0.8013107846638621 0.6211820659466201
0.46039624722863093 0.4638939723100526
0.4105733623898229 0.6738781409030452
0.04048256823868468 0.8638200432928724
0.8463138347822383 0.8565704651969575
0.6997955450201481 0.8350886204832335
0.19496766777960328 0.00725979128417964
0.09235905772746578 0.18042296830167914
0.7306265542964618 0.6670505687598964
0.13050066682983164 0.8623118434603794
0.832743665494623 0.6114392929082451
0.10042304903755173 0.2324348793101927
0.4650777602927967 0.5155131682722487
0.08509860697342031 0.8825820480375648
0.14746739112946772 0.8129470586303837
0.9905594120105965 0.21275153987089657
0.8406097930948402 0.8198729560426632
0.589201191716362 0.18989004999305825
0.1636749702752769 0.5446456109195879
0.9163970756692228 0.09751434120113434
0.6626584729947478 0.4082647561014028
0.9608220715491247 0.1811372014461703
0.02921896017275505 0.9755373661305982
0.10027692341490502 0.19127133645284178
0.14006810169536288 0.2091246934916957
0.5989758003608381 0.001216883820693182
0.08094884626679222 0.9469044900065988
0.5701822862012647 0.7398856516120258
0.5366677758470255 0.42453398559757183
0.8464344026580615 0.8514677469133736
0.9130433761208139 0.14535053960484223
0.7623012773730842 0.12175504188488517
0.9549729930507076 0.14883779243914286
0.6428043595406479 0.2981864554941873
0.05140928797927424 0.8872615220830822
0.41498282591506164 0.6171373952327721
0.2683090814208926 0.45277712845508655
0.02028653394681923 0.5313417655879376
0.9936572318075589 0.7413418708056645
0.016951667996072395 0.6652057386953232
0.4654319928020927 0.7439064326930847
0.27447237640286803 0.9507390692290378
0.5983062212996253 0.2670076936578385
0.9954424757665354 0.7209611389925599
0.2785459776729453 0.8009235076175696
0.4492699533550788 0.12779976805270965
0.3492974521779255 0.24494310395809493
0.3034795398951833 0.7375792246232842
0.6017598672306455 0.21370294049158867
0.4937917074706393 0.281504033849475
0.852591647436135 0.3815436722760286
0.9588337219531538 0.7950831430812946
0.2782779008860816 0.044720505754821005
0.7644736468963569 0.5356620072748681
0.32328440325414753 0.7768252277978567
0.6906650306365096 0.7001055299260968
0.025196532468240607 0.5777154045694313
0.5011985093077798 0.2770661010194111
0.5899713134855336 0.14766462395264512
0.6138939945421635 0.9226808992302744
0.7337425796609596 0.7698538389010405
0.28106863827716055 0.3125976928532084
0.681815812452883 0.39863184303232657
0.2979105108105633 0.6372400230653712
0.9010569201344227 0.055569905134813524
0.4481094249671749 0.433062051335515
0.2610887849990913 0.33795242460572084
0.8192377591330062 0.9098032049633085
0.9599826128749385 0.45718641890594847
0.6877643300896157 0.5589773215249485
0.15938772588436345 0.6483505907792553
0.7476790689066306 0.4389316127089211
0.6653513375039373 0.7415145347018033
0.07504533411145364 0.6837058699887337
0.502292959932795 0.26124168110222756
0.2528644820586621 0.22032978305986228
0.2930227111099779 0.08164052280560874
0.4460963761336496 0.6885925026716129
0.46171785720490965 0.7980797472341852
0.7348965424303637 0.16660261333252313
0.8755691593719228 0.6167744809167268
0.3412093050408349 0.0026154959472313166
0.9387306304389011 0.47868626196636366
0.43276109585352196 0.7771673481558901
0.8827908851842392 0.9609602718947126
0.473821994104467 0.39768436122117024
0.7099063998489894 0.0863353969756282
0.01120198350382684 0.929487544986374
0.08760421493766057 0.9463381654806875
0.9715537926018925 0.8731359823161597
0.8333091140693789 0.16189756996754667
0.04339819375707643 0.6668751769683756
0.6275935230369312 0.3830032780385708
0.2167523605932895 0.5951856747597462
0.2594931995250065 0.11847896116074286
0.03894908673095143 0.49530069580186953
0.4991436716469402 0.11067554410715363
0.4680822042782664 0.9751510400996652
0.8736436389542068 0.40921114002712544
0.6850649715617196 0.16416612899789418
0.4107240461471424 0.8398591486751583
0.1236910996156646 0.6599431374538158
0.6371972887846264 0.9368177296957063
0.33696413625255706 0.1890404147920426
0.3278228337957838 0.6592860563800067
0.974832389963525 0.6093663127940896
0.19377639470273822 0.6899414093545517
0.41041160362456197 0.2633583815603233
0.5005905126097601 0.4296846789218498
0.0421339329623891 0.26844911859038145
0.9728568526966346 0.871821905513182
0.5502588547251102 0.4437970327951193
0.5933082462552097 0.19706104818588566
0.6330304143640335 0.35927256642244676
0.8784490771119977 0.44941748870974707
0.20324900606291996 0.17843957689659207
0.3364681403966807 0.8787906243200134
0.9897629068707798 0.7184314392542559
0.5211946299178154 0.42638101366747194
0.7513450424388517 0.49294509269589426
0.7476399014610691 0.519896548154674
0.053538849377426034 0.30698930853128115
0.77079459539989 0.44023180396029815
0.7024056206929414 0.5668726515834019
0.6997816866333655 0.788121576481412
0.4693744511377076 0.5110079721371594
0.5119488732118307 0.7197465653184492
0.1254161008955217 0.38584967380500257
0.5573403249638007 0.39375223412187577
0.21005142250713948 0.912103113529037
0.6972598954297087 0.8668653821551751
0.3622860556392975 0.792165623889332
0.8459292221321761 0.0733936543850604
0.17316886130448106 0.6730563993853997
0.1731832052609521 0.2665692758306464
0.6326643914249213 0.4820507851038711
0.5142213466609447 0.6575004993142792
0.7821991096164786 0.6076656903412339
0.9388690001067077 0.42249060215867806
0.8276326030926247 0.7621533238837119
0.507628301749429 0.7743441421316648
0.3213125935980816 0.017943175169969683
0.29070805394226085 0.35147031817235885
0.7919138574087639 0.747340047820608
0.8705101958248511 0.5597174211107165
0.42342203904675024 0.12625885423397376
0.29074936811116747 0.5106257336705333
0.3411664842306865 0.6205395314264681
0.18167560045654185 0.08291479768726329
0.4152149462199122 0.0652483424513246
0.43279213857734233 0.7589939997457207
0.5567346753709006 0.1635594782338352
0.927184908476258 0.8489782142417237
0.025941094266453746 0.3949927326099105
0.8465690516224931 0.5804137866225942
0.7985079814702492 0.4025454776315309
0.5669799255042163 0.21649033744603785
0.878518255967988 0.5183737075894737
0.19977677384100856 0.275332979648099
0.9812952833678048 0.24155346751917217
0.46374301570919885 0.8485515832421888
0.8313175705571529 0.6625504828957827
0.09961984521895872 0.584818856611125
0.9422023329738372 0.7275313468484377
0.738575137616891 0.8232720713424824
0.19884974517307952 0.2220945546603903
0.31590913758607186 0.370461628369807
0.6529750229978024 0.034902553915596934
0.6021725744315363 0.1207419333151265
0.2399883437550825 0.7214227662233339
0.33001130898044817 0.8689732732599771
0.9707833824344989 0.9462637302876202
0.9359512508683345 0.5834547895648337
0.3288946998598037 0.4805076314514618
0.4686240302747007 0.17162494152444485
0.7713908581012852 0.6083836881181879
0.8007960349962704 0.4115660503715515
0.671827824448 0.8000229850002925
0.16761175363935799 0.18476823360646333
0.20382842440000326 0.6056545354767202
0.6636719289413109 0.28003507895498503
0.8950552774975677 0.39680850799060496
0.5983598134431614 0.6938498398755049
0.6751533909366556 0.662650774876625
0.004745449908752253 0.9714527567365205
0.8920031552934002 0.6829348953113905
0.7968100058937058 0.09352438285629328
0.3058083418811577 0.09800961680254883
0.6685538897627661 0.07253506913243446
0.4680050378325038 0.7620009529778444
0.9549318436584742 0.020911107092816072
0.6140749252961186 0.5878151968736636
0.9464534149847879 0.5623991745503567
0.289072991146323 0.8506015604136379
0.04668281580712086 0.3537282925320555
0.012562027348587579 0.99345338064241
0.5880235008630534 0.20932927626749387
0.15471065539665307 0.9836515434874487
0.08345581175713157 0.5042091478139106
0.3568186702225511 0.9253765366134215
0.7536057756166865 0.458037905748109
0.7656816967587377 0.8093232873611336
0.5845495798063349 0.16209868550477236
0.9957489535744519 0.8663253500716701
0.11423842352692537 0.8466464035115806
0.42773928936737815 0.9680918186579945
0.2183104928265407 0.24260659298682197
0.8161171554456195 0.10694336310563135
0.6598855649821416 0.03889179404605825
0.44556963534308935 0.30497731879790657
0.9023082581526372 0.06480230779602891
0.4386202864376063 0.6465427750174519
0.441670253492765 0.06365723822167468
0.6961876278905317 0.4895497281682335
0.21522514211765476 0.052258050336022155
0.4105623935037086 0.7698699017616426
0.02545176927241899 0.5508521876852017
0.9723058167498035 0.19020346769889152
0.5380343086414536 0.05247487114775495
0.47113883225880615 0.18923200578210198
0.1217355609104962 0.33732686137512435
0.8107115163903276 0.6764660198245731
0.764640335638928 0.8999969569529327
0.1857419911089624 0.35327200696629757
0.6479690875848918 0.9357376016797823
0.12916080129219298 0.46865750819872387
0.3922916924234725 0.23492824851614968
0.05900440952014718 0.3258819799929993
0.6087822038684558 0.7849958548487879
0.29291882072398856 0.570256012068969
0.33242887677085986 0.11127162373123012
0.9065922351855211 0.28578598279304646
0.7439170795012626 0.8030548717871802
0.032996086533957136 0.36438974417492176
0.4646793218786369 0.48515182604773854
0.10376012841306381 0.22579398369492587
0.5054869842167464 0.6822555641327721
0.7236370810761341 0.8745925943015669
0.21660933715798536 0.5999941861464333
0.3823437482316805 0.5289497544821542
0.10601868635331702 0.29902596303563933
0.486428986638493 0.46104673177893596
0.7851708220162228 0.09194579673735603
0.6913213647684995 0.342609201263782
0.6974439375488874 0.7974348533473195
0.5490909752828086 0.8006767908711281
0.5649286620697751 0.38912231698377187
0.9328163561511029 0.5090567649326914
0.925771710247181 0.7944942675835835
0.35980709755317886 0.29870901303123354
0.6879828504470014 0.23531276222852204
0.957653872275549 0.9902040931674942
0.684450885459307 0.9351030357361176
0.007414120094984433 0.13903711130839547
0.5248142212963345 0.00960851808830454
0.19433367594065554 0.3610607554673757
0.6384472074580563 0.5752681643544386
0.41025357513712435 0.25992626833729515
0.40615350171807596 0.15316637000775613
0.7857165041618994 0.6639259488125218
0.16195686288810918 0.1179834842802494
0.6862893548007496 0.8411903533486629
0.990332634046377 0.5138598400220871
0.8103527772070114 0.4675571164380339
0.8871090078595758 0.24676407257269695
0.9443443218650127 0.3240576924847731
0.7139770536687826 0.3384731008372581
0.5312929294357578 0.42472241838085667
0.8731833165348155 0.09742252146860486
0.9811953256681052 0.29212010812385847
0.17531266859830197 0.5305636637798814
0.745881660571259 0.6602981487608985
0.31412445492293206 0.9956740357658935
0.557636343631041 0.23557252764037395
0.6274915260374565 0.27054347032280024
0.49558979063422437 0.5970570399969046
0.9146613966231385 0.19352178539068365
0.33504351269616395 0.917796321151144
