10 7 100 1
1161 1490 926 764 751 780 1017 1105 1055 886
2246 1489 867 848 1462 626 1179 1222 517 933
2561 1771 1101 1118 896 1246 1369 1082 715 920
2246 1175 1153 941 905 1214 1280 694 1316 751
1347 1057 848 793 919 624 1003 793 733 1313
1079 1411 1350 733 919 1249 1311 460 959 419
915 1371 1268 1442 1124 562 904 921 477 836
1120 780 955 750 1023 605 540 877 1230 388
962 1139 712 606 847 1178 1051 720 1286 829
599 678 700 509 1025 661 1251 582 1102 377
7 9
3 1
5 5
7 1
6 8
7 8
0 2
0.7570772384156994 0.4024977039738822 0.31157185522406816 0.6111506215894584 0.4430322652774291
0.749241773113569 0.9300731849024844 0.43484801787372224 0.7054371265468505 0.12389730311261822
0.3198533153393205 0.7449344253679531 0.9760112445268236 0.466185493647736 0.4645792583967142
0.5184549061952819 0.7310640913784081 0.884370872764543 0.9978633312278993 0.22947896943649113
0.9849912170659731 0.7544048446448223 0.5470334864168552 0.5167529456226579 0.49202663390622725
0.8930881500366843 0.7498072152856375 0.9669956029139322 0.4646526451152976 0.453813462051039
0.9543065411316216 0.6893389285381031
0.9461822828075594 0.7900319978509465
0.19348377799440653 0.7272254594144241
0.5683584366092882 0.41110790452578994
0.24289042816805506 0.5080216509433573
0.6684845307772049 0.9832013471057028
0.1271412394893945 0.7855862370537936
0.30111778179546467 0.3976199721500808
0.019016814068337995 0.909462544758654
0.5974853551596824 0.16232312919103564
0.21704382389093757 0.768993488694063
0.27277288890367024 0.47316461573702506
0.0891803930146704 0.9412259612139553
0.054178198431464875 0.19357606715076625
0.2126912906916969 0.5041786705242906
0.06108648729946431 0.8522227715387358
0.371400097770499 0.8191508699021981
0.960245190165407 0.6851455457334414
0.773319889226483 0.8880230753449923
0.22854484937792274 0.3374695806651573
0.14976121820845045 0.2563761412711365
0.04332342116528931 0.0000012671956481913327
0.5892871814443672 0.9111013046753473
0.24477728921313013 0.07038590084621532
0.6969221053739902 0.8980579587502238
0.16217151771169558 0.8677857092926073
0.21557948670833782 0.014867845058009088
0.12570053225816613 0.33999703759010114
0.48207702377463457 0.7252037406002787
0.3228834809120882 0.7110626218762222
0.05574382060954064 0.4374909952246624
0.22589429916667858 0.03443860741349969
0.5301973336920063 0.9736579195793682
0.7914187757183679 0.7920828157305106
0.3256062765500711 0.3402938370013222
0.7608731812038245 0.5464798533738919
0.22221991456870627 0.8862294982559966
0.8925289944651207 0.5965087404494585
0.7514933705481202 0.02151249597139171
0.18803303843707453 0.7845864718226252
0.49824106036092664 0.9560760253688094
0.3494695311497704 0.9175620600931251
0.42522465422626365 0.5793025225523825
0.3792746582182196 0.8264559892559598
0.42786114498158856 0.024896680992814613
0.00961796140362603 0.903377797498385
0.9365669192769435 0.7744172779231504
0.3471287993805541 0.637595388151206
0.8386287763126745 0.7223297267178281
0.10331445732097944 0.060082283185206364
0.5060669814973746 0.20273685946952558
0.5500026675378882 0.12656181843539915
0.38208025139192414 0.5035947016527123
0.38643355932204404 0.8448202550752844
0.764393063850195 0.9252550524161829
0.6007541771527523 0.3300737696020295
0.10564359399075296 0.8489878791776064
0.7127571071144763 0.04543763165000647
0.012990215278384953 0.13584202750371888
0.723885857776156 0.7462760826118908
0.7487139703988461 0.5065562167548185
0.8956364012231122 0.3212601651619773
0.6401400004236084 0.010998315371952616
0.7473077450297778 0.6683805205515172
0.0975440076391545 0.1682484633338257
0.9541228179059635 0.504371072347986
0.33780860211790764 0.25330091578190417
0.23519157212513542 0.06501499209893136
0.8929640124187155 0.4431293684485862
0.5267085661990483 0.24891615545270218
0.34878119171135435 0.4664496309674948
0.6106753725595686 0.09781353438936913
0.5705753812132759 0.3642573587893463
0.9941108171009765 0.7397425975886618
0.0537671756088236 0.06384462215015274
0.9012496970881994 0.23930403199618677
0.7115867452995304 0.8982908258473936
0.9104682151786352 0.283446309000168
0.38446066464590434 0.9373437697806222
0.8705070971435769 0.9443479742890839
0.10591690135900156 0.4502085270485463
0.10234075856401859 0.14909723263985208
0.6897738672383293 0.3614988940317212
0.8679674978781122 0.12321520813465892
0.9551377546178306 0.04887383808191492
0.9544856347898301 0.9638418856471667
0.2069447188583451 0.95526186672816
0.0689363746238898 0.6400075516125754
0.26376336955989577 0.41158147945101464
0.844299291986041 0.7763694984234879
0.10652033542638661 0.5025839450057881
0.5909788596845116 0.5542681427619185
0.1412145160844922 0.5788780479823064
0.9971508585923834 0.09589904831774021
0.4424490550199056 0.6007384529186937
0.306271282902554 0.7932805054138958
0.4048555960988056 0.22744424672471508
0.37215946715331905 0.6133350152669996
0.2572108239112325 0.8629304427937343
0.7491922797244599 0.47217915519634834
0.9479649621567225 0.739099211540341
0.26754066039791335 0.9988640711096046
0.7344269878734133 0.09896749263463445
0.0315074758685725 0.4159981655427296
0.10639277891423315 0.025639822021016112
0.40335547754873535 0.7960421569517717
0.6470031806685885 0.8422050114833959
0.8288571016960631 0.19900463404048763
0.6319577366494622 0.22057777885170227
0.5647699145179361 0.5883074507947641
0.6415514351691678 0.3373209040539553
0.8062052466809391 0.5153292533349787
0.006943535209164242 0.597135154877324
0.6265613562715235 0.587108490447563
0.9263186045011687 0.5693472958525487
0.0773724807223437 0.8736026427561809
0.5353646157373337 0.8429548183338851
0.5780368533267282 0.3335999153182352
0.22666067264273448 0.030447758599909003
0.24719494916050788 0.46222321454204063
0.6196279801257696 0.8240194285937901
0.7396839775898143 0.5385966069023993
0.7961546530494703 0.7905345319228572
0.28355664127889946 0.37922411601576766
0.7119162935553514 0.6574189558669918
0.6161859324430579 0.7897096445499205
0.7870832044746157 0.5534173562702296
0.5860924727900763 0.801571319215757
0.8289512883315435 0.5808777914631724
0.9683822887870952 0.3100901052736067
0.263154400534344 0.6101587586786392
0.4764159767786549 0.6303651183760983
0.47293580811587366 0.6982863084182014
0.5917089208480706 0.015550366253648917
0.09047080966928278 0.7496579068324116
0.777690087001703 0.1963399569287536
0.9223251559727748 0.5545860859300575
0.03867051051072434 0.8751840552928496
0.5049196252906822 0.9674881197879486
0.9203263985566192 0.3395230150618629
0.3653260603029507 0.14576436786299296
0.12593139516447138 0.3833269808541966
0.6574089363168247 0.11161909874677933
0.9990584714458255 0.4870322540009855
0.26336238300290304 0.023610075373734496
0.9968923888329413 0.8079366148258385
0.6057904153345282 0.9967946643113537
0.6770491765104294 0.3200451366981465
0.7392129840216097 0.9945668946742012
0.7619107177601747 0.7612897800247387
0.08815631418923298 0.28795482624520674
0.6878049675743596 0.7850023312320751
0.3811025272067463 0.6270002352862718
0.06105926482784163 0.12942124753431838
0.8605123620143031 0.8806032588344421
0.1428806233407307 0.4467725123021207
0.4470922545645297 0.328763025051664
0.37432640123910255 0.759644357508457
0.16563224794314135 0.5961464690820537
0.9053149370277724 0.6397719194209353
0.46300938580226614 0.09349118837244341
0.49497618283341605 0.023734121783542728
0.0030616732139361336 0.01820459133867236
0.023591896305054316 0.7344338127160057
0.02737982729601196 0.5781174574183852
0.4834951539971568 0.5465516675912663
0.41401797243899185 0.37078966412957737
0.8049992925262255 0.49116852476217754
0.8512258290206698 0.4689596239578031
0.6573876501016525 0.1276896990314198
0.48872747328248 0.33173351850019706
0.19448724195428357 0.6998580397687577
0.7572784520150884 0.6048645451555972
0.4178275730291441 0.48419087514587766
0.45936830373196913 0.032092895499668206
0.4215647261358675 0.12618043991793315
0.7549059439262988 0.3789110193758656
0.13029589877474668 0.7041106429833539
0.3361190484939167 0.3195833855607635
0.6007006670691213 0.8653953541135799
0.5701708724290973 0.15109963146013827
0.7302148750671975 0.48954423725841156
0.939136623101116 0.8607197987957587
0.7966399957900181 0.9006322182213424
0.3343566981584145 0.4116002356037731
0.2285976712396638 0.4113367278150404
0.9866989805944237 0.4910045005392416
0.9545561524677633 0.6223011880179614
0.011420331121248628 0.5747857546142459
0.4454628074860172 0.711404298158423
0.24225036685538814 0.8003015336946182
0.08971187438636141 0.16105097498716803
0.3635922741476505 0.9970355108008988
0.013481651428990826 0.20577144416669757
0.2056062074642886 0.5142464978759
0.788802448139929 0.21847792587278247
0.9676480176836479 0.020189003293262342
0.25310457513282114 0.4788832685549971
0.6788976608164241 0.01463439208208217
0.37908514340889665 0.6572019616327465
0.4235808630984905 0.3920076745615111
0.6827763927365786 0.7945312618289189
0.4943917332340342 0.3528931682185972
0.6530704156606053 0.966257135894776
0.9890146224374272 0.07527871799592556
0.371417649105954 0.4088747632839831
0.7167897805424286 0.2788018633097673
0.4563007489875286 0.3659398813559316
0.9851019339078366 0.09847988670395535
0.5977907113115095 0.8591389381448473
0.8499013475458019 0.25733046980341445
0.4778431661327407 0.28369524504102306
0.26748716940303807 0.286842765370916
0.880881588406335 0.46897122482179965
0.5658269134447169 0.4563739782155478
0.08785059959562824 0.6008112296871475
0.12401261767826588 0.03646080756937509
0.3476601431501032 0.06409986156509317
0.2329580164292162 0.28694689241345817
0.7631102216538292 0.7484713218248045
0.871346505258763 0.3364500394828105
0.09097319696761574 0.3350635342585131
0.09385632890572326 0.4023976025228424
0.11128807264336116 0.8088437175982695
0.9294500470100922 0.8966265676271394
0.8147733440157461 0.23932617324693384
0.5124935943712572 0.17837182613566194
0.9794383721367903 0.36179945285446036
0.0872514354160534 0.354031937938067
0.10685810487639724 0.4727843328845902
0.8952434445157986 0.629819837496032
0.4149201699280074 0.1606688295037224
0.5846229791114186 0.5301318073172545
0.33835580236223084 0.3105053566320821
0.3079626392770143 0.6095412778066409
0.4615247711032935 0.03452997292859172
0.4127738725014034 0.2540979783784647
0.24138343954019637 0.1301540959814107
0.0746554559193442 0.7976680938554455
0.8263763924936158 0.7970803256484031
0.7268142536010227 0.006989045025538099
0.9219878603178631 0.8726668861621611
0.475390692550856 0.7385471427019576
0.8095533247222422 0.4168487832954779
0.1336405668818721 0.2789013801703317
0.46971271368805345 0.3525356082781055
0.7811373134018438 0.7539879612884561
0.065225078811193 0.23001363371902905
0.252189513302834 0.28962568076194484
0.569398519950953 0.7528255891478279
0.5554785468312295 0.8053292877236351
0.7077250207446539 0.0025466492949750563
0.5005838236024185 0.12825003650769662
0.7560307370848016 0.21050486310059857
0.8015015698799159 0.5139354271833156
0.406535410767767 0.6197539393282141
0.8109563934387101 0.006203981061179364
0.27624007791603655 0.5169946956042428
0.1142493136263214 0.6531524047684418
0.02462057663904993 0.36965528803560965
0.5018789588894756 0.7906267753291885
0.6123613331321591 0.48931178182805035
0.6517011792761622 0.9635672610802952
0.496382471076414 0.5006966940202746
0.6830746057007395 0.6517083713892113
0.3721318219399261 0.42654821358255757
0.20375897727117054 0.2803453115981758
0.38040205641679536 0.6498174783767823
0.08395831296828526 0.17850306326672838
0.8365113573395655 0.7153601472131548
0.1923777902065471 0.6452057545377674
0.6601490144055475 0.5477197070328483
0.785037319987284 0.24139869848952356
0.793793299987247 0.16060136204111108
0.536772900954877 0.8643178640051601
0.5508383798852123 0.13298193677431303
0.034515652680731757 0.8929085277733189
0.5544652978497133 0.3181456837784662
0.795216400860683 0.9570988722555294
0.7458041028166704 0.5095601247175507
0.6397680561280454 0.5818174964219356
0.31977721290856187 0.25251499702821545
0.7362425289783381 0.6666952921384341
0.6717855309085208 0.7982742457090188
0.8795760898226224 0.5542739143873876
0.5207105679303077 0.9030807677371664
0.12205190444591252 0.30585749754467284
0.33698776370548433 0.7749566764350013
0.1039738253234983 0.7283733288761731
0.21068108584888567 0.6153704235911737
0.5446252019740947 0.8528631582853825
0.52154811005383 0.9870637576813266
0.2134387148174295 0.04441060096184235
0.9214759129736487 0.9570039900978187
0.9211315969108442 0.2938984267805922
0.13971942714890906 0.10698104080810111
0.16238119049971478 0.9167966560647454
0.05342952601601825 0.578317640118654
0.9097698802497336 0.4123565246165102
0.20838248210265942 0.18824218444739094
0.35323720285401383 0.6948991199998724
0.7454959553983738 0.02825975384278867
0.008423340694867276 0.766991580376212
0.996230914811417 0.4982182876157977
0.7818154783086728 0.951147745156248
0.730682259055818 0.04007417384738332
0.7794184993394806 0.4332562286363191
0.36174418282778853 0.4670476826217689
0.35500900253470746 0.1846018814579471
0.596336690303789 0.8968394814191989
0.9723381601066357 0.23410441144946592
0.05865434526295443 0.4560965359850806
0.9274737882201254 0.03893838880496969
0.5218072315016691 0.5802326404828893
0.17125003381606096 0.655722513544442
0.9038548026627757 0.05326687553204912
0.8040986932004084 0.2013079496030723
0.48149727564256484 0.8114720865883125
0.29422939486409483 0.7447627528594096
0.21384309664652723 0.5827461411470185
0.11315444245555306 0.9022102967404924
0.14479263919331453 0.25939052058616263
0.5890885131771624 0.06330702211785244
0.9819181982738212 0.10119616693582345
0.8696044914214072 0.6128762922002935
0.341362043584992 0.39877457404098005
0.9543653422437415 0.4704434329232925
0.7865473927467928 0.6828718270133893
0.7807951174376848 0.9615082610329528
0.8690895947375916 0.5494324146479692
0.20685498993877616 0.7183267136628635
0.4451586031260688 0.5116712104299574
0.2602069395334279 0.7187888695547504
0.7559203986213332 0.20948263351586527
0.6814744016414465 0.692167868905577
0.11743075930730829 0.9630529843208568
0.6662549310270147 0.6365536708796742
0.25649890036032796 0.30671667910927036
0.7943029752872193 0.7550337040015282
0.2789095273612039 0.12760317318585157
0.47456458858496964 0.7133275447111913
0.2658558097896162 0.9777063778321402
0.4662757703801963 0.13497614273302339
0.9418521487919722 0.9552741380460952
0.099034826871782 0.7839691851044206
0.8039934687848356 0.44254105938195565
0.2003088893477747 0.876923597645296
0.5332683790023569 0.8763785495574827
0.3445058066637252 0.06020483716315739
0.05448965294906327 0.2151578813666699
0.8454449835668929 0.5111989528502656
0.39496220533702187 0.7247593221558299
0.010962153646353112 0.47990852931159367
0.5594732403669518 0.04537480103997549
0.24824531170672426 0.7966889840879752
0.8694728157874629 0.6005246638825859
0.08016432482429381 0.5236312580627145
0.5565612889967306 0.1421910926360479
0.9893872050135217 0.7059372179178021
0.5932088691778981 0.09336477852693492
0.1078155279184303 0.15910450744166993
0.6704772114627111 0.3382319309039161
0.959819934695876 0.15815543591391923
0.35967121728359497 0.9322973950673896
0.9117010612969494 0.4254690779263173
0.4574623138426339 0.6242308687955267
0.6635985845443739 0.1252438695071727
0.5145473774110727 0.7781625102993484
0.856727872149305 0.36238233315798607
0.6461333402069054 0.8926451729846645
0.283838523920807 0.440774645234961
0.10122583981491395 0.5580197544662788
0.6939261828723979 0.07943166666747548
0.1058266613481662 0.10877330581669509
0.15422919959216652 0.643903600189565
0.7523487634131127 0.7087897266286507
0.3235428315230464 0.7119042830311013
0.7880365663394298 0.1306001290845651
0.3803279816189282 0.310776056738002
0.9546180676388902 0.7607369303759177
0.22702515187006633 0.25055188006965223
0.2656696771355791 0.8187958735409717
0.7669494681143716 0.877978415932297
0.931059679281216 0.30364861342158633
0.335427054503314 0.15509890496549406
0.32848256360024597 0.06657178281881349
0.7096707369126967 0.07053437737177748
0.16682917349845106 0.26286104118494236
0.4760911781440018 0.7937655978146456
0.8402467291187588 0.7946403811488654
0.4457733286987111 0.45014951189699226
0.0058835628664664075 0.8981926055917409
0.4666898544530902 0.9149800029886246
0.7154031276556525 0.07812277459128758
0.4771978160618233 0.30832164319518385
0.794178887611579 0.017098249606130045
0.07654338034640995 0.9673718044843989
0.3318475353483632 0.5693841827999095
0.4232433455699238 0.6708762982828111
0.6271138546239785 0.9229964653519236
0.9282837492479654 0.8912517023310869
0.7881890442894881 0.10086344828354799
0.3992347089990482 0.9699699649572959
0.06347856653457029 0.026878306011833164
0.7632765540765392 0.37207440606260067
0.5385167363635208 0.9484019689615828
0.808128791790576 0.49822817843916445
0.6287646120502222 0.8760957484092422
0.5427155430299297 0.006837785304239619
0.24628335810713464 0.7065134509711046
0.8044738310128061 0.3223789531183914
0.7746315117671765 0.38152744295877805
0.3911798145578329 0.20649458374707197
0.34190234811266373 0.07231686098395107
0.5567216873596432 0.011738433008199323
0.5756192399653219 0.5722679302991274
0.6811251458993621 0.8439022534330258
0.9971283886668685 0.9938890261847291
0.6542191929145746 0.2779659852013916
0.9816586787273869 0.5514484868083498
0.7761558533462862 0.9826206591857869
0.39560641184895884 0.9922453333261874
0.9496982901799467 0.43130141715596193
0.6462235024033844 0.39039509410532447
0.09007788677801964 0.49388822982794434
0.5839860351701927 0.15580780569267638
0.7305753085699436 0.4794621705761619
0.912433737198755 0.8268478368848233
0.6371626620361719 0.350873651350063
0.40659476328473154 0.8806696612873544
0.5865223884119124 0.9822948637071696
0.3880012909849828 0.8960712813152298
0.5736922466479284 0.7856309963173655
0.38489465209555074 0.7110375573803362
0.258384857261992 0.13657906536974806
0.7073202558754965 0.45766354967501943
0.47582867200418155 0.5581122810426089
0.5415761079835941 0.4590496819381227
0.6582211798610209 0.23033728690482258
0.8414024601847687 0.7253694225270104
0.6398295552400199 0.33372902229250934
0.3708389691504481 0.06207624183559357
0.047021436113959814 0.027688150697818603
0.552179207014883 0.07593519963871409
0.017271211079025628 0.35807847965404616
0.424154513051336 0.8974777176056397
0.7828449101700836 0.7215484193913926
0.053809808428144645 0.0032309446079530346
0.6229960240523751 0.30168797504425493
0.930162651892549 0.6287703953178425
0.09802506992759752 0.9506896277322663
0.9754981156076294 0.028503712980245455
0.9446881194434871 0.5852218278280812
0.013514180877227444 0.07630567288251933
0.11264970761433846 0.07253036366255472
0.7369765514467235 0.5617798246129766
0.19042453946649274 0.4467048532602709
0.0879693824765031 0.5684092862062222
0.03051782177740181 0.8931285003198204
0.009248086078889273 0.1054725556046281
0.052623894496732104 0.00505001672943628
0.4172001575559021 0.1388054451542493
0.6697373098567587 0.36376274648704743
0.41019484541190576 0.9720583743546132
0.7425543957543994 0.6892893991420006
0.13905907663242223 0.49112856396907545
0.3799872950153247 0.23929294763615427
0.7481675179780629 0.4044341126822042
0.6471147320795909 0.7068349169089019
0.04477070832381269 0.8732337579958942
0.3146829622428555 0.30918877793650656
0.6539370736456742 0.6361030600031581
0.1760845845016903 0.5761740767996206
0.4041043309735024 0.9501961951461024
0.10551870879340841 0.9713063238484096
0.6195914709013599 0.2615908942616989
0.5674003323802732 0.49339515419502544
0.2662797998823563 0.864673404793721
0.9826068283963134 0.17161846642132716
0.968940270866723 0.06827611366945407
0.5138397424150356 0.027924929758411654
0.6046466987166468 0.12254953416202863
0.7249118353349226 0.81607009071259
0.41505554622075214 0.9915955497814459
0.29366198831026513 0.9433277032741054
0.5756229273757945 0.009931412449087906
0.5108224630036247 0.20423642684399135
0.9863970477066222 0.8636527385619639
0.7887392390501202 0.8331482753969901
0.4062020488405129 0.3761582474356191
0.1851880230041696 0.5929378424741516
0.17547244519681482 0.5725205863769609
0.04068178577693948 0.9693142308532183
0.4448142884263795 0.8267909750060338
0.4432929162068939 0.2690758336027046
0.4370819589834847 0.9083891050473645
0.10892317501173698 0.7077071135398452
0.04633008004293049 0.6495450349726424
0.08437926014406716 0.5245633728991153
0.8090529949233494 0.08075826418470355
0.8514420555015214 0.11390100519477375
0.584136812424283 0.8886776555865632
0.9961183734227961 0.6414766985595826
0.4120751826359541 0.431155351628983
0.8017481510173807 0.21173650017660983
0.4928394609429101 0.32924183126277273
0.5615389505443507 0.2765123915778096
0.9677905345744151 0.4141296839219173
0.032349018369778326 0.04723884562677583
0.763329812910893 0.6525008832952985
0.6544903299154128 0.8114614203548789
0.4721397854743703 0.771884358949217
0.5589650807891937 0.49563983883862983
0.7826011910467323 0.015243859072809673
0.3788125587015503 0.09688842117161411
0.08822857703348941 0.4859893496342551
0.6759590115506515 0.5294748607566915
0.7529096229409755 0.8650750398116989
0.10915939095097915 0.8995285201120702
0.11409486325806006 0.7987207491463548
0.9345214395424533 0.12742681381491927
0.5827123211459126 0.12879938693441728
0.3055337739267858 0.10290699948931614
0.43279765643775336 0.9857701814237496
0.10539511358674658 0.06609514928899984
0.5804825052073759 0.483544668838084
0.339156543572964 0.6162956084092268
0.5833555926226899 0.8839972456255423
0.013243858681746712 0.9093702029499764
0.32471949373553066 0.6043099083625596
0.7464895848469038 0.9277070812522117
0.28460131868754956 0.4493865608628165
0.3057610244429241 0.9816626214740929
0.5555916864414094 0.7982882947445631
0.9205247453267145 0.9066931478009943
0.5239422980870407 0.6078807272151407
0.3950135826280041 0.3496535168156647
0.48311168143447225 0.32414651932025107
0.040354883265240504 0.0073751287582506375
0.5697240479924495 0.26053541692743276
0.18642179744804288 0.2315562118625143
0.7011321710913325 0.2741725400411852
0.12559190144240406 0.5218381359858622
0.12459896261032744 0.42812109459456815
0.8615781572282468 0.9881342771722461
0.530969215067745 0.05058890044061526
0.5107029575925515 0.8863832364616062
0.6665365170008244 0.9510419052842234
0.5869405695673326 0.4740562501158865
0.5993550992841477 0.8641066766867316
0.20788125343271058 0.720347969422301
0.04841885078842667 0.37979035401745853
0.8660019178970213 0.692871662083131
0.21920963414602057 0.44611747675720004
0.4988553044242239 0.25691119286543707
0.3657698867522927 0.47861804186211465
0.31028737923696514 0.3611142185598504
0.2474269979582575 0.7095533889088039
0.09786930763784918 0.19885600836223594
0.0186102924992102 0.6292113944737787
0.7692636988035686 0.4026636152826044
0.979542213998597 0.9654700241677319
0.01788088047251013 0.17127151804830953
0.47848690686079287 0.1718272148960378
0.5528780584550852 0.8626937232491108
0.6444165397201571 0.3488644167668955
0.050135246161644664 0.9161160372155368
0.9532000867201542 0.520724367491118
0.9911175714769416 0.4499934223106763
0.4884295318762135 0.3112610996582066
0.7643895528760511 0.49505052535625693
0.6780911504991247 0.07001478374145953
0.49089897566704366 0.7813476523184131
0.8674853754990948 0.4383613810941742
0.2528705411361596 0.43331443335923603
0.45243162556251404 0.03237297384476423
0.38356764592123316 0.3548433868411913
0.5957296815217934 0.6937739841374224
0.15861581675974978 0.9416403849016299
0.20593248258167174 0.3832635175051833
0.3858574602517604 0.7091301392566867
0.8148210138753327 0.4350947858949541
0.3019312436132522 0.9537000693852455
0.06824563560645869 0.41375259336597514
0.2593095997091257 0.17008076466316724
0.9650427946036153 0.14514653909654052
0.9827464114437752 0.5858624007075737
0.7148687176754205 0.09744778669670917
0.8644115300138895 0.9222404290312056
0.756758585645855 0.7043441886074915
0.4260211107289158 0.8649268559969687
0.06110874407540057 0.27249637080746325
0.29488125732134685 0.16253647310201313
0.5474348563645357 0.933555996595115
0.522749515302565 0.805928940111236
0.37898869999762796 0.5736132528155717
0.932987651797581 0.6388771220324823
0.6727992688503863 0.037868835434119674
0.5253186874717919 0.15265249852569251
0.7267576606550965 0.3284991769690522
