10 4 100 2
479 742 639 677 688 761 860 829 767 868
552 674 591 771 967 660 730 825 1086 1027
828 695 846 932 907 742 719 1026 1161 1294
692 869 792 895 960 788 967 1168 1248 1138
812 821 1014 691 775 863 1041 1196 1147 1467
769 683 876 964 1074 1005 1007 1065 1510 1423
637 1064 952 988 1205 1115 1344 1416 1473 1766
694 768 911 869 1018 1183 1245 1710 1643 2218
695 746 749 891 1189 1246 1126 1261 1590 2007
690 675 932 1012 777 846 1288 1169 1393 1436
8 5
3 7
8 9
2 0
0.7328160656238258 0.3245235846305647 0.7204211094080746 0.6543490393872333 0.17864079209771955
0.7848153912099096 0.8884641696013684 0.7755801757594569 0.41439818197552264 0.4826459887916895
0.784084878292025 0.5598410429854852 0.7224195367273378 0.721880069929858 0.16209194302650537
0.30167419496540404 0.48767049781289606
0.7415241743862679 0.05488796079555347
0.4032447147361029 0.01635169408387438
0.01264049583932536 0.46937168601854284
0.22492651412999964 0.8005450593272425
0.11586686545613145 0.12055755630227849
0.8933812919333952 0.4233373645716918
0.8860222882747015 0.7110640724759052
0.6401397523620298 0.36212742224302263
0.6216701521475507 0.30209286299737537
0.2470541312294039 0.6029634849207732
0.849842956340376 0.9342617309062689
0.7939050901752003 0.4424245361149053
0.2710670373219952 0.6427787206440143
0.8810369486252227 0.56974741039445
0.2404008610701296 0.20819915169449654
0.4330545140426354 0.6832752038458052
0.3493577626723219 0.13729772323973455
0.8175281947969424 0.623349472361824
0.18302678745320944 0.16401147983915632
0.06755063755932955 0.8432135564099501
0.7643964901321374 0.39686446872012104
0.5767149010905257 0.6003713738515666
0.7483973516453972 0.21262486631844513
0.10300706169266083 0.9034567601513417
0.9846207737767514 0.7882753388961425
0.2362877595196291 0.9968708820270875
0.654300525608078 0.2927839883203667
0.33682149116857407 0.9746951862276212
0.5274850589578899 0.26219969709543767
0.8341612853690872 0.10457350095899343
0.5657858927387156 0.3568468545433985
0.9791427088648448 0.21739667070953672
0.48368934057305535 0.94508277725545
0.9079561412597319 0.425513673532536
0.7608166674678853 0.4015916598518783
0.9001925553615189 0.4927356865109471
0.4443225420725112 0.3708343282201403
0.5871631071163088 0.86619277444475
0.8603026847579966 0.5506750998343724
0.6476624496373318 0.6216579229920098
0.4325395111965513 0.35511473185881615
0.4484748320790328 0.7590234922116947
0.6273138516109271 0.8189784722663922
0.12065488893514087 0.3095316318182637
0.9644369191348918 0.018933722558018617
0.6937683987577317 0.744308280576236
0.6980601966790589 0.5075721072343318
0.909483876392795 0.9657993433507324
0.4040597061901816 0.1470590569231327
0.9352842834419828 0.896249905633159
0.4423098990965899 0.3114829777500836
0.19396096636070315 0.7452764085436105
0.0606250412610585 0.13583847090757017
0.9135947576984049 0.33039140022654045
0.056869801586840296 0.8882854386370793
0.4338102460207265 0.18239301198200386
0.5307858044914948 0.17297273671660052
0.5771783250746041 0.3428887645695815
0.8103826983066937 0.44798581665802395
0.35605190861429703 0.3226529693311875
0.7597908343635063 0.34996522027981936
0.35969962476835726 0.6698122029916358
0.9706469252741312 0.9940832292752524
0.414864564781124 0.42547415068808525
0.4507379485197627 0.9609673473393119
0.3762371601537764 0.6671451988280486
0.8417102150038882 0.24011449629155246
0.17585946014099618 0.24083793549599952
0.9963899218856955 0.678543473155095
0.6342771324069423 0.7981970751307568
0.039410469830143846 0.5523346421109152
0.7273358241944221 0.23409955461364151
0.572438949462494 0.6037318996716072
0.9546559608279113 0.29206040675641565
0.6750635321375074 0.3417715992538093
0.016073107474690707 0.016205406704716596
0.9083695681275181 0.9658514566177616
0.03675869012904598 0.7056451257327059
0.8874597161463516 0.7256388355066088
0.09608708677547928 0.7524067897018591
0.8932220887807658 0.27089665408950725
0.2490895637396553 0.9773674395249636
0.6778986866890564 0.4893325035330094
0.8016936314185901 0.2983823296205905
0.7418923257217089 0.5841263111891555
0.8639481528762234 0.12895391607352957
0.6451439176225209 0.4646580822504123
0.010892475225372733 0.025509174138039103
0.3535607056136463 0.7032813712788928
0.9140261515508941 0.8918085014200792
0.266091936910382 0.34062587389417254
0.04014531549442513 0.2551944049541506
0.333676758269019 0.22547705637905469
0.3370445981930652 0.933347275982235
0.8386257105047779 0.5358727227341789
0.05082610400567256 0.5706806910641078
0.10188997661598287 0.3636995778296983
0.5996535198524864 0.23132129896499332
0.613543254194362 0.5664779085876834
0.8007325610963105 0.846816514180414
0.24281929178157036 0.5758487971878032
0.41067268170343363 0.7287089825722546
0.6135853611510922 0.5225376388777789
0.3910456196050607 0.6422401996140024
0.8328619542369318 0.09268397204611567
0.9190572166819726 0.9750187472445393
0.5264997941395795 0.23535843995581884
0.06078502533495467 0.6646900850237325
0.523208691044736 0.5449599541779611
0.29372885267002014 0.5336248867142162
0.11259646859429617 0.6459352565803655
0.05068396705666278 0.08503476769960239
0.7152008332084545 0.2031744083157434
0.07543239360408238 0.9282143950796433
0.10704460519836823 0.48719090240307383
0.24452871508448504 0.7478726458949909
0.832387035103825 0.855397350816619
0.49707625419903656 0.23022581750794124
0.25898796690168213 0.11956668692166894
0.18421361773582445 0.5846011997439704
0.06707859852775289 0.9646356664217222
0.7775634977742465 0.9609537702046245
0.5132992218097252 0.7450249319362006
0.1455197786540563 0.3983314901804036
0.44966776410112663 0.42071242645933227
0.3484734057768364 0.010755887960909316
0.8545168718535106 0.35635571973016966
0.254746458516554 0.029711497470588766
0.2721537924847999 0.03977329414408892
0.11449592019390842 0.4760349445968406
0.5983127445025425 0.6680519966164922
0.5253473862575577 0.7891099196379758
0.4715167152176756 0.8894828962907111
0.2590452495420028 0.7221989601734591
0.5724214985577862 0.49407623841419457
0.9849600348988796 0.4739018052184525
0.14068340589656736 0.23020891368023033
0.5210415186597228 0.7215777512543653
0.3525729403730966 0.9501079345730545
0.8009417220911939 0.7488127104835189
0.694414767462735 0.14198317500644264
0.34861543301027687 0.12243248807577922
0.7327241160900895 0.35818246167786794
0.4888032730718461 0.12959068594659962
0.21196728641038276 0.8520442851099423
0.4850387158583831 0.20777929229343295
0.025007811728722906 0.9746206192277729
0.8108532528652963 0.39637803325607335
0.8459668895323242 0.002615599745851016
0.6226321790530149 0.03487064211756863
0.7409203075752575 0.1600965865951265
0.09590910723040413 0.8026929768061317
0.12583236512212692 0.36103908596850154
0.4169195826201777 0.4287447931766297
0.0463782513650286 0.6978993811894378
0.45704369274221746 0.8426214933965075
0.2628288304936124 0.40374741377343093
0.6211173528109992 0.3406113849261816
0.17855357409636863 0.6771726987161455
0.1291275002470622 0.6321687966936509
0.4845976870124318 0.9783996754551056
0.8530874380894986 0.866770991257096
0.7639002547439293 0.2511319898025377
0.6450877943213731 0.01499765736507963
0.32624979442427393 0.7944267496961386
0.3547149069772444 0.7704475913015034
0.955012315352209 0.24821831064297584
0.4991407872858298 0.7585864029959886
0.5178330080291549 0.09077182439056841
0.2765308877670405 0.36730773087088275
0.8775589911627346 0.3220516424880928
0.14462480349020068 0.6932569777997826
0.5835650596998099 0.4824152238336732
0.06256594498321011 0.13103525190727017
0.4955758263588106 0.47274424249048286
0.4624342859430033 0.5377421991730509
0.8247649608713745 0.10626637451972676
0.5812472796755637 0.1779586383501297
0.15804020709896083 0.6368843483032287
0.23128022898742073 0.9093129928406496
0.528359406759155 0.4938236741374382
0.24104260657756682 0.5264214474946953
0.7907262524042813 0.10442707763868997
0.31462338929133593 0.06260235757247035
0.8508315711786638 0.7145974696645923
0.7484973797386694 0.8366494574454597
0.6270905694757432 0.07502072428220408
0.9583250527683442 0.12242016249425092
0.5318148002178242 0.7113498436147665
0.11199268065912471 0.3794993088472953
0.5558736210754562 0.7407868683585308
0.6393192003684454 0.7077398846158345
0.5655243808367836 0.8385873153001935
0.6676280528382994 0.3947614956105676
0.6272714705769384 0.4687252822191388
0.25547802792281127 0.9231095572523265
0.32724789943051524 0.9668821437933226
0.2574045881529634 0.625031357705645
0.9907779919454316 0.9822989889685545
0.6595386798849936 0.7511777856928343
0.42124584772236306 0.5229119079850668
0.8866593160651055 0.8181948590977108
0.7549249229253192 0.5321313920757251
0.7974944948377478 0.9519762411012567
0.6056502871123002 0.5592553007074135
0.4686858274098693 0.6518789155821416
0.10800256017667209 0.11816144395985728
0.39768542049066236 0.5489125298002917
0.8920453734106779 0.44532956650593913
0.45216568404317603 0.3564186511876217
0.3371029790903548 0.08983917553763576
0.6330563117180386 0.8476084305236327
0.47796039154470304 0.5307921214702687
0.09857742035610895 0.8412373386038583
0.9378626511625507 0.4481056383255664
0.37293955275495017 0.18236288588461447
0.9879301552257116 0.85363201234872
0.7065762871296675 0.7840401107161021
0.845155215377339 0.46569444547739036
0.21720157584573863 0.5420197591256752
0.9299945213355267 0.4131208697255031
0.8130434873508925 0.9654708648040418
0.22569614067251642 0.002496784878511349
0.13107646215004065 0.048340858511457974
0.2165797165183374 0.029981032362473625
0.260013037075683 0.7268501316518701
0.15915963901082963 0.25455730950956124
0.7245539742925617 0.3440081451701049
0.002224571505368811 0.5517058366040308
0.009238054879920465 0.39217957338642395
0.5769685976643817 0.10905258795136419
0.15776753200404614 0.7745714771546293
0.6346683191364517 0.6298511145844046
0.47307780226554286 0.3819071532871188
0.857951092217476 0.5403898337833521
0.4525661237020786 0.9914605437771549
0.9345176059879592 0.6847245072632657
0.6341315284976725 0.552958916719458
0.7378343445986981 0.40661327081282184
0.23739001075297228 0.7662400552719908
0.662350116574121 0.7548182909450043
0.5662948858304973 0.08255621772665855
0.026535938862009223 0.1859399134607611
0.4734797082848914 0.433994478144454
0.25701384349418577 0.9111339461222785
0.38208151745102104 0.14869844192196058
0.8539091365975404 0.06302534752076117
0.09671282223737876 0.05711390548515993
0.201640646858944 0.8096315362954016
0.3728340237842396 0.21561158318643314
0.7699906832913503 0.601228121879867
0.14265243227521918 0.42690331182233354
0.17464950849009964 0.4710357374331344
0.35470769090673904 0.17373166603647827
0.3506724216830057 0.10659929942252244
0.5547464902420047 0.4753873540138718
0.12493567918604542 0.036839397268207064
0.4215779109607336 0.008067705457506458
0.1153219249322468 0.2253434400885126
0.24072062106583414 0.19693783270864063
0.012236532310239356 0.46095757440426
0.015559985710333235 0.5686934258019478
0.21247092350453967 0.010647272205434266
0.8710521552903701 0.8239458213163326
0.10258106229671227 0.3261334881874083
0.898185886365042 0.39497026648679534
0.20552456804745667 0.8376777255402805
0.7882960203867022 0.9370718455914908
0.25997226299598775 0.18314789513013263
0.6606991083861133 0.5729881062352915
0.4925500773355058 0.606364648223112
0.19243153288702097 0.29981272276808957
0.7442104043390667 0.40525273666040484
0.4799952691171796 0.45137422745866895
0.7159043229799276 0.910832303301292
0.5467354290826303 0.06451341078525807
0.23298071431145306 0.40231689863084896
0.27351561034285643 0.5959388447949658
0.5104752028031387 0.2985088445373256
0.30202318013526797 0.6255502503541899
0.07228442722737549 0.32181590514318437
0.42049679581068555 0.21227387442781898
0.7072300294386842 0.801359125827598
0.8041966783801842 0.5834239380289086
0.7543791097518244 0.2686058784741914
0.06835005406218042 0.5777931627508548
0.49336712424486584 0.6091790534715342
0.06362564526631176 0.21272276058471928
0.010488306970506622 0.05607549411686108
0.1870591979712808 0.7946378826343508
0.9629306135548543 0.2037752912061257
0.2703445316689963 0.7527050174006407
0.38390247804796207 0.06238036456782181
0.9451885588892996 0.5222046870082253
0.9909976153868032 0.521013369237388
0.5732291156792821 0.6691260896641165
0.16422908590694685 0.40391259684771885
0.49690350617624857 0.6409653526138503
0.4024838902665864 0.11067156099672282
