10 5 100 2
626 817 845 609 752 658 541 520 526 487
870 866 741 708 570 606 802 650 736 681
839 865 1025 769 761 667 552 722 732 642
908 1002 1222 878 1071 908 928 649 688 557
1383 1223 1361 1101 913 1133 708 619 804 785
1419 1414 1257 1248 1183 1028 969 822 691 660
1621 1411 1397 1567 1147 1136 1160 924 742 596
1515 1558 1527 1413 1420 1241 1144 1004 900 571
1681 1798 1519 1620 1257 1296 1004 1037 927 735
1687 1571 1456 1618 1294 1222 988 847 921 811
8 7
7 2
1 6
9 0
5 5
0.7991608975085369 0.5868149510465798 0.6523159165091317 0.9445337937723517 0.4112207095004282
0.6531518671297012 0.835599103130106 0.35446544071579744 0.6095713569329757 0.38550258969060647
0.5771837659174368 0.34743298410709006 0.8981913928609486 0.44588922468228853 0.3818608345492299
0.46971449973054236 0.4627815917182788 0.8123788670182432 0.7065452305616351 0.27121128969582364
0.9130480176250422 0.48701381160077006
0.9473841822145779 0.7467189602186584
0.06807190645181316 0.19870522628170018
0.32065409654273913 0.13279459975901298
0.7731926924521391 0.002204807678924725
0.969164979051377 0.8181239975315668
0.39945308518692424 0.36533591370641805
0.6045530220599387 0.2737360188916125
0.21053965361694948 0.4424489732350143
0.9861063574539319 0.807677642645465
0.6230301140196517 0.7136209901138737
0.17332915860201514 0.4322194076212289
0.7208955529161616 0.04875837445180009
0.5033937656004013 0.3727443533512651
0.8568895749006804 0.48326637152316
0.9538280072806598 0.045292254238366914
0.8549037368814831 0.8426681150023918
0.7035694235029959 0.9421367492239192
0.19143720397889985 0.5845787432389817
0.9850313984145005 0.7523065447164159
0.7384023338483794 0.16180192966531926
0.22048432044441735 0.03163363672340269
0.5070818137229098 0.9226019029944899
0.6905839396204574 0.5485229583168123
0.28265139999874744 0.7908649875785037
0.35744896072259813 0.7439227548129292
0.8306104821170703 0.031440476053311794
0.4969944162908362 0.28225893791265766
0.4835344987427441 0.6605239743516473
0.6610968036975515 0.9999503815246771
0.7425719713472281 0.44366561897262025
0.5331977536810739 0.3672603133680672
0.8474533063156939 0.6827127869776277
0.30921049314703364 0.9347867625004256
0.2849352368640188 0.023247560601107997
0.4651750108549375 0.5991912505170345
0.9094758072850264 0.32930939800551395
0.0290693435093472 0.1466277767002757
0.5170362104877371 0.9351808006731388
0.7617600999962624 0.37879326177608363
0.5736493606571889 0.3365155811282585
0.3047505844364351 0.07966202642922493
0.21232759725579275 0.18413635027523445
0.22593467426214686 0.5635421428929153
0.20295487999871242 0.5566732037586197
0.07078826965109486 0.8481911757544445
0.3299676698516798 0.10116941808020918
0.02345574263951944 0.024389281571836063
0.7793421796344668 0.9014684890974327
0.07715610926230831 0.8271056612003973
0.20143466678994493 0.28802502592000256
0.7454332160761656 0.5494687092444475
0.45677738042427407 0.6661429375711745
0.09118456938680053 0.8700728432365936
0.29423341128248826 0.49256338452500326
0.11247400225308302 0.24078756790882427
0.25035387637509277 0.3019072396244351
0.24536204420017738 0.6641381673404525
0.5292229153430656 0.8380850072026027
0.05312563896320821 0.06691999587350317
0.15737664476922286 0.1907966467408675
0.6271700302614951 0.7781456303008027
0.7371248576307246 0.32566482186252577
0.05375612653950834 0.40999603714068344
0.9915330893791243 0.4815952912396917
0.8315070858909295 0.7982177361148746
0.7911069179971857 0.3199547215800387
0.7309564568614839 0.03142756588183304
0.895691860172902 0.10683245726222168
0.9053292576610394 0.377950734098879
0.09844237265740508 0.40162653352316036
0.4744510490984155 0.7671476212371646
0.47282064420532954 0.4647873489428005
0.40921927408137493 0.5966512078884731
0.23831609620759298 0.1667490665536766
0.9109266276615124 0.06415706715612068
0.8323559544297401 0.029039443440146417
0.0966467152037438 0.38708393511322137
0.7859391945689971 0.15676550885185558
0.3683640281890599 0.29816720169234756
0.8652348065334827 0.09066738073348035
0.4322862203775284 0.062354778964691215
0.9057159268189867 0.5761226020621664
0.21164046588654428 0.2178280832130708
0.6138507491411016 0.5062081155493228
0.5232429166961987 0.40268386515296606
0.3983528559815004 0.23455224958419274
0.3657496233774151 0.9015622681061137
0.35785649104212225 0.18942761579312806
0.8034013827791515 0.5914186464143991
0.28907818972184085 0.36343892780906883
0.9426614718849966 0.6027700448245292
0.470602266712949 0.9981314833780717
0.6469172946937924 0.4387468843655793
0.9503957136498538 0.9319310340285565
0.8598019463354176 0.6172655884501308
0.8761816563089722 0.18364308519461536
0.4937309215025367 0.7735632012461242
0.16020012008468143 0.5167654223195925
0.2856044878339339 0.11534705079393115
0.9067974163382921 0.4394378978477984
0.888873430686494 0.26736005126077633
0.75221455290131 0.783580665179608
0.6920639020349051 0.7103700356200415
0.39137280625219106 0.5100983550289471
0.07654130019517691 0.6549487986251084
0.7613236589996011 0.5064029228018501
0.4617201013997616 0.48989144201995516
0.3063065155870983 0.7245559963899413
0.47390129437887873 0.042485445663185795
0.3771582886178759 0.9017483123970256
0.5229464571843869 0.27178249165403257
0.2791070514685863 0.6609682398772299
0.652038273498156 0.9414220555073325
0.28957364312369016 0.20534414080923136
0.3895780592942504 0.14487809430988374
0.3582885872463699 0.003624381910579899
0.779960434248808 0.4826220552178653
0.27022158261935636 0.23258287630678498
0.382195633516202 0.5537654789327566
0.5803005712547515 0.35011842602805165
0.8197654940895025 0.23856523171692445
0.40230462933196587 0.929193882094592
0.29240647854398993 0.35848700710272063
0.15759827371202673 0.8554013363758675
0.3394543114783459 0.47028039265586385
0.5506058678670844 0.7475460542302315
0.1764374937806541 0.6914312141376049
0.5860354029800126 0.7586421957035183
0.8054704704254898 0.9977845572109527
0.9499601231443726 0.39808512495981985
0.11327903986634191 0.3752713828025296
0.4846441956574372 0.7828046704061533
0.015272190017272536 0.8946928298161612
0.9269091389976358 0.7567588806361059
0.21859312287103871 0.6867852668030363
0.8165581706824077 0.8046650498059915
0.7771910151135899 0.06115299018945719
0.3741292421994875 0.7443763131934944
0.3827210179463951 0.16752974609393823
0.050893604207608245 0.9699013904870981
0.38825259319535843 0.8985677709437798
0.9279185198128062 0.486399713008844
0.4672473583513652 0.10805904795467458
0.5129365554200593 0.40851171411357234
0.2809958091941125 0.4675916862717475
0.8052405588355775 0.5821032290369736
0.7384004746610753 0.41784045794101465
0.07898756650396654 0.9919031294152074
0.6755652460498236 0.21543423189541655
0.6776383861770074 0.2036522369334619
0.7039312702376697 0.49122499425123545
0.6032318905293315 0.7781729120485339
0.5284369488017704 0.29720957271477144
0.15618771296668754 0.29024095184658494
0.7529195331587459 0.41078722570663206
0.6724576790247094 0.820757643752487
0.4261977455291077 0.2534610803158104
0.5292377860422184 0.7697718742495732
0.9856294457019947 0.061360560487699
0.6202124002161102 0.797304253849465
0.780986876814193 0.23867502625137216
0.9188623633034567 0.1339373411835667
0.4873624137285206 0.03808986882402565
0.2419029375809978 0.4792667671678468
0.18178584825691613 0.9768943648432904
0.03399348175077277 0.9253714374824535
0.44103831393252113 0.977229352371161
0.06344168141989925 0.9462052787702397
0.8519996202078763 0.12271096909894275
0.7408953266157603 0.5940682939789863
0.31908276083668263 0.210041756551949
0.773824874802518 0.018708925587876513
0.6341807789767271 0.370256128427215
0.16745547741319577 0.844061922342376
0.10759725295932454 0.8864865357620137
0.0835850020666995 0.055760940469298914
0.18897394026902292 0.4355106607543724
0.7282957863001478 0.08469500353089265
0.281938500693965 0.011315919564654386
0.8153028562004865 0.8488975541691184
0.03582779341539766 0.5681814158997276
0.6666859793109485 0.20214102964982583
0.8370757124716564 0.30195330472741677
0.6641325090803607 0.21703731042248342
0.1398935151737175 0.2147065780509041
0.9597386184201475 0.8987250341256863
0.23490203566143353 0.7785894511140243
0.23472602242809915 0.35851809636114473
0.03519265237835323 0.2905676118417082
0.746749259085844 0.8070763247666721
0.6070757564054308 0.20114976613267044
0.5309240102015831 0.736352153586243
0.03874246335814635 0.9494444307674559
0.37264404517613214 0.670112402326748
0.6198313647476374 0.8288098028823234
0.7415151505598045 0.1308885503545838
0.9717091321472966 0.20195573945550938
0.08554819922908319 0.33334152979079024
0.8390130471233126 0.2437171628060948
0.38465519604168175 0.33545347973206785
0.8505048576379197 0.8215420772242237
0.46935851816331065 0.8817788439060514
0.07192841403993455 0.3945862689189439
0.664964936239228 0.36631696571413275
0.8374490297811832 0.9891236536167356
0.36535552529238613 0.019745319979367792
0.7712887746457144 0.7727231022212295
0.5954492220883987 0.5224100516804209
0.7976159773960338 0.8171645974211661
0.5895773915931366 0.8902377233695142
0.9731539842029333 0.1741623247656705
0.3776329920727768 0.9102165616674984
0.4635167066056525 0.6642094480265812
0.15774164809963853 0.40123464839125056
0.010789852476541517 0.27756761872342683
0.5409203509628147 0.4380265510661807
0.7322595214056977 0.15627616327631233
0.21205252283139253 0.603787106340679
0.8323464190950192 0.06733009075626084
0.35751571753624933 0.7341178373757338
0.6354544761770158 0.33583311413612793
0.9228548786791542 0.10063077045351987
0.09668729215510785 0.9709333570478242
0.5372087499413607 0.6283252993737158
0.30136221354725223 0.23580034091564506
0.3743349796189448 0.8232251055838324
0.7443086648233348 0.07017918545004664
0.910041002845543 0.41502619451786305
0.4640157483540188 0.6002924983005082
0.866892462262763 0.9296756282364218
0.65379472833377 0.8611065443585575
0.68946475549637 0.2694045873708515
0.009786478000650245 0.4126549545531619
0.006718811665883839 0.9923214660694064
0.05260275228634104 0.4011240130351228
0.26027911838831375 0.047964592448080046
0.04361957431475161 0.5248573845827127
0.5502911879547903 0.4966502777295878
0.6264298898628609 0.8675310396649962
0.44838435435850044 0.7532219748008617
0.6379475538016124 0.3142451235889361
0.11931998384490039 0.7409880651504008
0.120072493225309 0.0953626501158149
0.4260245560451723 0.8592631691589268
0.48825552608427714 0.7418119085210506
0.961430822517158 0.06514227904891334
0.15505453681814063 0.9266228774398106
0.9519714080201906 0.14169697466177889
0.5087424658005384 0.9765514803466737
0.9452760575235541 0.9025435434735589
0.8346884575946538 0.061158179220002884
0.010281360078383095 0.8307285137103693
0.2906451940589634 0.48766077609267655
0.05358230459975544 0.3722537323195143
0.41510261154807226 0.7034114011032577
0.9676366347268734 0.40106557701213275
0.9997660670624919 0.8421935542358983
0.44540778659541935 0.798120330460351
0.424447560520661 0.4312661581442283
0.013077864611003243 0.05956579800917017
0.6734312536851816 0.6460796770988371
0.3673140727258146 0.14342833405671973
0.8495172366734998 0.35740129320864544
0.8231243431628359 0.629629032492848
0.22957290898362803 0.1283046808301238
0.1677707433211464 0.8046068300855491
0.12820256498580984 0.8281235437465724
0.6700551166206596 0.710284471597703
0.7680605536486749 0.07872734120616687
0.11041767023665505 0.4218971158855316
0.21885654979352198 0.019480186776661412
0.5799288232244679 0.18118014972727114
0.7874020124442536 0.27156662895793904
0.4583245642203624 0.3807676251837251
0.12472698564028284 0.227780539944467
0.6409547462091241 0.9802350481637288
0.2673830111108997 0.24719142473528577
0.9009446103670249 0.0730392131976696
0.2619371743800285 0.4117282634284751
0.34293686555595615 0.5835584252651054
0.2552829965904564 0.7629979440621075
0.53212177487028 0.6260142118852707
0.5379697108997228 0.11988222837288531
0.5508253961998486 0.5283160108164515
0.8234198300465196 0.23149353068235579
0.018462651808003105 0.9899778697711281
0.8703539748393259 0.7207398042210347
0.35492811744357655 0.9887418519647488
0.4031586774384617 0.7572974768398011
0.054018051715670534 0.8342638551535846
0.6754530946485395 0.8180249075179642
0.7913615235698084 0.09949654611791425
0.2547098141006876 0.8354394199508024
0.0513242926062738 0.9841828763057461
0.17104289111654492 0.6044758205122149
0.9393777499432501 0.5580405296997999
0.38151237099768376 0.9889560006085685
0.7991113384377699 0.7903139164350346
0.9944264545044819 0.23878373183335633
0.2445693020921802 0.6078678084790483
0.26905451435536465 0.3321541251638127
0.9670873622940164 0.8918905049912396
0.8299151915289418 0.7419632459885916
0.6354944860276341 0.6682923785106327
0.723656512343595 0.1311844356390257
0.9825516739016302 0.04858378125200491
0.7017677440336652 0.6965151810667691
0.29896954212946625 0.6979783982853589
0.5669470509995569 0.6384150515175491
0.9287573807549814 0.4364392256632179
0.055165360072541025 0.8963312480471539
0.6080509877656683 0.21263272422619206
0.40735769567468827 0.4657801304936757
0.4296151833690267 0.0948883401226408
0.9845999438862056 0.45896577317572285
0.7426588180535765 0.34930913545050535
0.6424916837331405 0.9746146570181593
0.9320845269611511 0.5405232054168476
0.4999435584974987 0.46877275860224143
0.6326948192771147 0.08915796382184094
0.29985154764020017 0.6642961723934944
0.0652959422588617 0.92830821488664
0.994021452103323 0.9543354845027687
0.5232942736562272 0.23461691210977031
0.22143314805654346 0.06934474144384017
0.7358113633122279 0.363291065279882
0.6489618612426953 0.41407374471331737
0.03861417028587533 0.06339093165297394
0.5944724984290874 0.2751735955462713
0.15275136210718832 0.7957514855659031
0.8565459505448205 0.36108111285029154
0.17893432782076912 0.4740142301124357
0.8359080753678934 0.7957257890098186
0.5734696694618544 0.8883158802361635
0.9800279932560667 0.38166688641869295
0.32725059578512306 0.5419797690508743
0.5668470335424807 0.9603795552446526
0.4913082438500671 0.42466690013452
0.9120603591712628 0.49615670602500295
0.10821995855650735 0.4407777653955476
0.17143253711652195 0.9049482614042954
0.14939687616751662 0.0960757858930712
0.7651757405225306 0.24560019267125144
0.6388589859698959 0.26932063712100884
0.2069287999071685 0.15042705898219744
0.7506752737945808 0.8783450421996506
0.926004396797816 0.07358219661906817
0.20011735717262313 0.4790889733427992
0.5253529893945126 0.18101886992020466
0.23963291173132228 0.48367955395729756
0.15626666246439358 0.16347213554685291
0.12888042366173158 0.18411652351877295
0.3507975236198544 0.8428816745012553
0.4669797952481469 0.46282305939176416
0.1624886582621894 0.24746601536958135
0.9211023251147727 0.7784701941127967
0.7389363950654497 0.7302839918594779
0.47874444405210537 0.3776995240537433
0.7641978076057296 0.9454833189601066
0.8988521818964819 0.9323411094762997
0.9532347450221557 0.2639329023449839
0.8451866024971109 0.12043182349333859
0.10023981431654838 0.43433661940368173
0.995630238226453 0.83307206051082
0.5195841965518413 0.34571069519953923
0.6027260827813585 0.4654104748394545
0.23476649034058927 0.010640213187628644
0.8132521638249552 0.21535480003101504
0.0818431291426529 0.7335128287908952
0.7966845461800292 0.6145002173138541
0.3506560547740658 0.8037693563742421
0.6420420470089652 0.29555806588356304
0.11633398630504765 0.1788859906094451
0.10940099441893136 0.24245174794047686
0.23745618583813588 0.9777124035840818
0.82967563720816 0.4802097969658392
0.02393982057057542 0.5050862798647933
0.5192883429659754 0.07356999071448356
0.4925742259946151 0.2777522841681772
0.7391892840514824 0.9085242766202577
0.2777349081954201 0.9637612133211808
0.11297236888130402 0.9560493667466758
0.675295826458961 0.1565422451756311
0.1777987673723973 0.6702926843967745
0.7517621440202122 0.32809375990252176
0.7884130456377783 0.4794466619023183
0.7281565012204869 0.7941654837892325
0.7828559439851197 0.16024645825050676
0.8670652966651964 0.19272244584190545
0.2538284746083481 0.12226449786278826
0.09973518129522141 0.8131840544476874
0.994501646692 0.5089539359168265
0.5403066585773297 0.4509497262533222
0.400455186806876 0.33107285688706356
0.776962740451915 0.7065023720362922
0.04891058501106316 0.6102753142640842
0.5378421970854677 0.9654432735440344
0.7833459369901012 0.7591477023141655
0.42011122498145403 0.26426303183248945
