10 2 100 4
1150 1727 694 1077 444 699 369 1409 1230 753
752 1378 1355 483 1051 1735 963 509 1570 916
1409 1755 839 999 440 1293 723 450 723 1308
387 711 978 1265 641 1027 788 1362 1247 444
1136 443 1704 413 766 1321 1726 1011 840 783
422 534 1695 439 587 1016 386 769 1463 1583
1051 1761 456 458 400 1500 1366 365 475 1685
792 1260 1571 1541 783 1610 1364 545 1484 1131
1688 647 900 576 1139 482 429 1246 546 1590
1652 1005 809 393 1679 611 1757 755 1100 1308
5 5
2 3
0.362262294614154 0.461650901682553 0.9201409045700828 0.8782305591014667 0.19695945916281482
0.42386615217994317 0.6572467416448362
0.04373634764170564 0.08943092592942525
0.3861717157155842 0.9020064763803723
0.5423163455302542 0.2895924892965773
0.3361391928620985 0.6109289349576248
0.2481527812746782 0.45376106852234566
0.5825047564662549 0.1820721266567631
0.8863241577542806 0.9909975305917951
0.39299974509649194 0.47393766389284897
0.09936792275140771 0.26112188567391903
0.7534849549037721 0.8310019462037841
0.19824836785173594 0.7361840617254767
0.9898196770672603 0.6498385829437765
0.8645540569163643 0.4258116799468039
0.4362688636302774 0.03041608775914706
0.23986647101980996 0.42353399402161007
0.06002993951010405 0.30867543583253143
0.5163010910866663 0.9701908802744346
0.051045274954191644 0.9448645840433121
0.2465943134746953 0.3510795430379299
0.14343109362730733 0.43609152046036015
0.8442866931346755 0.25835038476532235
0.6848348199620935 0.26115036403897696
0.7914995387350743 0.5133259379624326
0.2522442681512722 0.47090749744931926
0.9570180709007123 0.13379242374995504
0.5953210656862957 0.4912748447048776
0.5537160147378313 0.514939327240588
0.6891378444003893 0.48116725214420675
0.3583717508630013 0.2838630972838321
0.6301607542463723 0.6832838811822832
0.6812836063667165 0.07959450089347198
0.8683871093704973 0.48204599308785423
0.5881278135343386 0.008582656208254047
0.6438979534482068 0.007158798127376853
0.9179090867069284 0.0634754267810802
0.5946587836400428 0.507560763968673
0.5759733963960163 0.4067359463206879
0.7751018311273326 0.7754497137277561
0.7685250660056739 0.707446453481982
0.13287350911538987 0.7695653058809422
0.406055935992349 0.007932796612934556
0.6425090231194432 0.46337840697892996
0.957430357966671 0.9424317615078366
0.41874156312363575 0.9503002661848174
0.17005734531942784 0.9748944885220296
0.5825416955119802 0.8549505767529955
0.2586858736818449 0.385058365435196
0.5688723237058042 0.5580400920931174
0.22881338631062076 0.5196801526726817
0.3248823246330479 0.07560584314287966
0.42299339079487575 0.7114663688822098
0.3513232855552486 0.1492244344394944
0.27368804636076094 0.246312179170308
0.6868636472393452 0.6823036547038643
0.6528157100564174 0.3692795117151815
0.9586220667834577 0.2146359448413666
0.05201492231215954 0.39538596149591543
0.010494396466543154 0.9110390946125062
0.4527711100855121 0.9619862696913064
0.3130755464640458 0.022786674924982764
0.9767499924402767 0.15506863601219512
0.4368513850710536 0.009346725676212086
0.20383837719323106 0.8681166307528918
0.30658591754950604 0.7895873688636939
0.31566934610503017 0.8935251090254133
0.7238117049649575 0.5386743599740116
0.6118719861560906 0.44812375687012307
0.26830387599976846 0.8192758835297171
0.633529555501219 0.42767828152199616
0.43767515312538907 0.18694117549561207
0.25114229345144623 0.9127286750376369
0.9583643712145056 0.7857243910354672
0.49007015971654333 0.35726972508935195
0.15086790102492587 0.2993336088056069
0.9615313189732302 0.3590449953131869
0.0679415629527449 0.0015395102768109847
0.21500009453790336 0.704636336388704
0.951776239330201 0.7313873655157843
0.8023804707434812 0.923724468185873
0.2510962496890561 0.712388218086947
0.7462171802354682 0.8097450247552154
0.45525734778675475 0.9382727516209812
0.6588046637219023 0.8798583991354305
0.49858821921352114 0.3254677485307973
0.5076589671311813 0.5791186933037455
0.8479278844657803 0.925510314105944
0.26793716489422925 0.06512718769034431
0.3556403151832188 0.4479192594427881
0.9905953789183413 0.43695957077650216
0.07835749065895836 0.9217219366258731
0.9914195189571324 0.6810528505398026
0.9273743981800764 0.169806193010837
0.8169419613229107 0.9802060571394056
0.5275253698077291 0.7855704026141028
0.6735658208452711 0.4136344234273166
0.596312251226027 0.02366486563133252
0.9847036649716454 0.3465816044934651
0.2783786046014498 0.8568019851458966
0.47869291342552134 0.04913137459166794
