10 2 100 4
315 2029 1915 529 847 1076 737 1199 1420 308
1402 656 574 1732 1434 369 425 1808 394 448
1103 1139 311 347 1591 325 1566 884 1934 1899
459 810 1236 640 394 564 1458 298 1568 861
1764 1724 1352 902 1378 547 844 446 371 1004
433 1786 550 394 1942 540 1183 1022 748 1105
870 299 1673 1019 1706 1879 419 766 350 759
480 1375 1037 1716 569 356 1122 1458 2019 403
1551 1632 944 728 791 314 1294 645 1238 1069
705 1732 819 445 1838 388 1271 851 1448 983
8 7
8 9
0.8841169268260336 0.605597040481535 0.6255753457678795 0.49488410679619493 0.2660509074305576
0.4175233722617768 0.4048937469554872
0.6997218326241967 0.3458678995195763
0.18440188197601626 0.2024036026777507
0.2507651949877485 0.004865619521413622
0.40399139363757497 0.4357636185608542
0.6140148918570756 0.09302728115471526
0.54431766308576 0.8676226912520764
0.03998278940263611 0.11172814200823966
0.07303932011496328 0.2691434933643797
0.49575226323496113 0.9051562313643535
0.22579043193931603 0.2596801615940165
0.4201193859821071 0.5149735853870772
0.03292834758621255 0.923918686280848
0.15439562802184792 0.7601438125429452
0.12631665416301718 0.03622690204563872
0.7840905929723629 0.712188181912246
0.6858245752363479 0.9385836196060795
0.07013884668502168 0.5713078776813727
0.08238026701072809 0.5398196478525734
0.7119902619837137 0.40256630238587676
0.5505355352950092 0.5670892447161608
0.8157876646352447 0.7675649242325495
0.0604699852248991 0.9675328755087715
0.8185441737757142 0.30922194786345236
0.6058571985538794 0.7708920814765363
0.6966282090951208 0.9469229526660881
0.2726685843388652 0.681066682654137
0.9205825640425715 0.687758831151994
0.6828084628689406 0.23770924850542308
0.8652626580511593 0.579779703236853
0.5329627249308706 0.37018373687666584
0.7194777772262517 0.4148467063991166
0.09505040439127321 0.29385768923151745
0.3534896767623785 0.6543606673070115
0.2716605532212766 0.5892467980366227
0.5999142747219037 0.04632574071166551
0.6682176214126259 0.8216954687151277
0.9822289119463115 0.989723722502325
0.32203896975218194 0.8927985678480903
0.20165010087979507 0.6607482746999391
0.9824878652891649 0.3615231796699616
0.09537326097338039 0.6707805371998972
0.9674239636395803 0.3780609101917265
0.7032933414731839 0.22995752375125345
0.5418391787297943 0.8965694459162219
0.5319193773998678 0.35403381006477996
0.7425691436494841 0.7788495245941813
0.30726967451259024 0.7840228214741525
0.43629342814435423 0.31995202762646624
0.9796681300485093 0.4982867630765635
0.6140296377704653 0.5424277304704064
0.31178567268397805 0.7617116570964191
0.1488610398833321 0.054013632581122684
0.21308454896160578 0.6884532371483381
0.3305999064436338 0.05519049387561026
0.47606898696889566 0.3395008742480956
0.8340503933916545 0.3751024768957363
0.171305677466288 0.11098781471858654
0.35056336758627693 0.6059462354800398
0.8146647962452462 0.4103486319777283
0.7846300274716793 0.2642654724529825
0.3526612257285955 0.12904849765995485
0.1860500845798274 0.16121582313116178
0.1833577184858164 0.02698508880087891
0.2820264133457515 0.9020211902256992
0.7937730243614665 0.3023004709679751
0.4401644809079941 0.47968998780818817
0.4219189860981405 0.08901763428476084
0.39021128875878786 0.5184112652437876
0.3603832168206156 0.489451771862065
0.352975560238707 0.22412677942753523
0.8343717779490825 0.2528157712123751
0.18919196930989912 0.3655224294855868
0.2687996591042896 0.8353273059827959
0.4566449933458203 0.02912209115417186
0.21882910283193224 0.5963996828560287
0.31255774792218016 0.8840207176224482
0.24129936046705036 0.08898187973171967
0.6882779004325208 0.8156902592843844
0.9978908591075282 0.3920619486288124
0.5456636955303942 0.3356744147687445
0.2975600762906756 0.9193627543130516
0.6436983815913915 0.18181691290315616
0.0560775584149249 0.9599881419191387
0.44133512014348053 0.4321839087052004
0.6620878650973228 0.40379978475106904
0.008203573369419237 0.35190495425126733
0.18252063848556466 0.7163441501407781
0.47194333328117666 0.7760994879210645
0.9203973015886735 0.5620705585340824
0.34600595839940884 0.9187739269756894
0.4138329916459704 0.7067253991120765
0.5112186465537549 0.6781638005251085
0.26119627704346504 0.7977530084912461
0.4528372190525749 0.6981626426524774
0.1606995226831236 0.9314583973548136
0.13229958030582556 0.5984237920701581
0.9685840140382642 0.7264174968225952
0.7822108322139814 0.3702033895466812
0.4201952923268304 0.833817502996224
