10 2 100 2
1058 1092 665 688 744 698 756 822 958 958
1019 1084 1075 852 873 835 880 806 940 1006
1176 1133 657 788 785 944 941 1031 896 1080
1197 748 884 786 829 907 830 1040 954 1197
668 774 785 931 810 927 1016 974 1114 1237
847 732 835 862 941 997 1139 1121 1339 1427
792 789 886 973 921 1123 1052 1175 1415 1635
944 842 976 886 1065 1195 1212 1472 1684 1906
896 754 954 1003 1067 1020 1057 1292 1288 1570
815 739 906 851 893 1017 1113 1089 1298 1347
2 7
4 9
0.7892876719306918 0.6414773944375018 0.4502638959477651 0.8879701477247286 0.10844448583917998
0.2297384575890442 0.7151204181012818
0.6763150562457143 0.313135591949276
0.7328271497386487 0.5298951015321425
0.13159260738026557 0.466264492786685
0.8606665770997719 0.4855102088460237
0.16163672107884097 0.8793117896904892
0.9675591809400261 0.7756681818334461
0.7084216394921323 0.31436596389174554
0.32878870470504595 0.6037476182963071
0.4359730856168329 0.12015744256850236
0.1067618096794809 0.5922297092247908
0.471157323380889 0.3990251675501857
0.6198561681110986 0.4498464521608492
0.4301215151019018 0.871289053432639
0.2600757298157832 0.400041121781501
0.98191182182944 0.6821472704628158
0.5146287307553585 0.7635488698921764
0.3842540956083105 0.8771670069325814
0.7019080531742878 0.841177496666226
0.7588998769224005 0.7140741454888468
0.5163321325233894 0.10720772566394388
0.16850787180487803 0.6745431804675479
0.6705993933263659 0.6248385186019434
0.9240537990668556 0.18592075870617752
0.9158838340161117 0.3256918348460873
0.4411410058564569 0.6204836811901993
0.9948645127296742 0.32918780463787
0.005513092189756819 0.14288664091210035
0.5786494452627011 0.7455531169333001
0.6867198006525712 0.20555137497375764
0.23462234263872928 0.18686972590162787
0.9723900731611317 0.1717732631199762
0.1696528772870296 0.554755995881332
0.6836377858106513 0.9550392086589194
0.4299348546380968 0.07434617583731229
0.20753950652894892 0.3666026742588069
0.22913014959622768 0.36148817936153743
0.6635708991076263 0.07964787805656903
0.9439737779527164 0.4639834960654532
0.8661019926488593 0.8708036300535993
0.7940562485425735 0.1463539242500509
0.6652196324657391 0.8095290750621178
0.2922645186027464 0.113905144266915
0.2765845085871701 0.6040466120878694
0.3407865738723379 0.7103254113600685
0.7907654364949723 0.4874926012815308
0.9973186478017637 0.9666129007550481
0.45247513312183485 0.327432647694502
0.7767019662533088 0.4383191006435181
0.7086928759108739 0.7896725366968371
0.7108242187393949 0.3725015074262137
0.5020804510107386 0.43892471891473295
0.2185661113181716 0.42375513287677524
0.8794282656992944 0.47206815030070426
0.5146213414387508 0.9396095545039238
0.7171924761400641 0.35184968049745535
0.378640549231954 0.6839680488244135
0.26373660133044785 0.9534205547543355
0.10716668191064826 0.26067714371920747
0.1948580965106459 0.7513630414073389
0.2649541873744494 0.25347128244685435
0.3889565754869351 0.46580664080260936
0.44470783511884693 0.3417718834128731
0.9422764295488575 0.5304761692588702
0.8034683913055645 0.882105276250764
0.3378669860911028 0.23241508822816948
0.3570082352475965 0.9773920867242079
0.8279563845454645 0.36017644673271
0.4765087020849119 0.41727029261352566
0.6574216713023062 0.4782606275611567
0.16134769669192917 0.7944269877196479
0.009111419047751257 0.5783531929600296
0.0924084552487272 0.18263396206134286
0.8836926040281559 0.5291250855082357
0.8673227841219537 0.663692119129178
0.9944348900434481 0.2781351103434415
0.2252761644871366 0.19255705835082404
0.6528149624907902 0.7665843109237083
0.701633203622074 0.6904906255245389
0.5062548720819608 0.6141784832878654
0.65705685014335 0.17768605376341595
0.13704677515214336 0.41017561847738837
0.002335489013669978 0.8421153455358772
0.9942838600900608 0.08014486223174888
0.40425543797097574 0.813190754234943
0.030092055162650455 0.5913147172980269
0.08679341277044172 0.4784081384575203
0.32043183031005884 0.879642807765944
0.5209333407672723 0.6333344914605226
0.09794703824623374 0.5155895944454056
0.4119226509988796 0.10063017719561862
0.6411995767614278 0.5529619006951005
0.40889552702163257 0.7474977246726842
0.5428063804834342 0.7479559400792386
0.11393870281116691 0.9332911977194107
0.7203875769210166 0.30441855037006627
0.7858386762058178 0.8545929091787001
0.12722007563740179 0.7060715364980668
0.20316781017859276 0.9660182947354743
0.6626687806327238 0.7162442009097894
