10 4 100 1
781 802 874 881 926 845 869 825 760 785
839 829 864 974 943 996 928 860 830 732
839 899 986 1056 1079 1065 935 866 785 778
824 869 990 1081 1289 1475 1336 1301 1214 1122
816 852 944 999 1447 1357 1317 1285 1212 1150
850 888 886 972 1294 1351 1312 1215 1199 1111
782 817 888 875 1222 1278 1206 1212 1137 1134
776 828 775 786 1224 1163 1188 1180 1164 1122
758 773 747 758 1185 1154 1106 1137 1048 1081
714 743 747 768 717 1107 1101 1047 1110 1053
5 7
6 8
2 7
3 4
0.8611409133103185 0.3914369073938207 0.5862446931957132 0.7399333024837738 0.4755599658364188
0.6637875073380475 0.7869954499560379 0.745587974092452 0.7116295323592843 0.10829047854599994
0.6561009099534685 0.5296137617922407 0.3339931522492751 0.8880874000023693 0.18225243654772819
0.44758483914475455 0.23124412806665195
0.5145400558372752 0.27929514240541065
0.645762983819995 0.8919100329833105
0.7502205928349843 0.4905361307423006
0.0981824711056487 0.8409777865278161
0.7827040833176004 0.3979213880028034
0.015497046847180451 0.7993548595201025
0.1403112497862673 0.3574240050518498
0.7769287263019771 0.17948172737336643
0.5678637595634293 0.3963693129142716
0.952601242806032 0.5192019280728166
0.9569838234120989 0.5221530563584442
0.34709059232306316 0.18487464179138446
0.8222339336633251 0.2992206575805225
0.24084132258778213 0.9233935415873245
0.8685929298658295 0.9048513019110609
0.5847518929131099 0.4637864936253462
0.8553088918949161 0.03437978106234851
0.9409018985603941 0.7320902407710705
0.9420018942841588 0.8378564786886513
0.0603780809943093 0.6099582675028634
0.645565874466679 0.5915752251690787
0.8211986285365374 0.8799053914904387
0.05085123419014437 0.359477820174543
0.1616513478179531 0.16496574151383814
0.41653182995511573 0.45526052292197217
0.33087070205086233 0.6522029646764995
0.1955667809016337 0.7518303554699599
0.4617182669191815 0.06914637347995733
0.6735512215873558 0.3289213664544599
0.25808106891414795 0.3426764191393805
0.15253163413085757 0.986972689844855
0.747596248138445 0.5358592155843052
0.8486621792120945 0.09656249822331975
0.7846863854188306 0.027276324269518648
0.5575227625782806 0.8561287076013653
0.8671539657187719 0.28596805427039595
0.05422420776959069 0.2771498405397208
0.9708951495572771 0.7104320356276059
0.029163617006702003 0.6930467952380666
0.14761638287053147 0.8930764918495602
0.33940595915742566 0.5238969316509745
0.09075792001490601 0.014386238725634826
0.8966140314330691 0.2337150765431928
0.561275091999887 0.6139653959728255
0.4597506282214867 0.0814490359928024
0.15205854404683405 0.3354544842275009
0.7834472222764586 0.5343703351842077
0.8883889354987431 0.3038148990284584
0.07842932415070747 0.9965210783881202
0.30871608783809545 0.9791761499278706
0.5680982247905302 0.17049384782161714
0.003334940185345747 0.22772555647417714
0.48781909481660946 0.5548093028363008
0.46830306066077165 0.8631832226113527
0.35433163910436605 0.0412818743413883
0.5900911278038137 0.8211572409241674
0.41787249479762534 0.9296205764623839
0.22328556975513814 0.29679283137757007
0.6760479293798771 0.3471000029051523
0.7646744516676469 0.6133936314759136
0.025584800441412536 0.45123032070239466
0.6901089325496821 0.32535590550014315
0.8853095072605566 0.3222134442506086
0.4090352971551683 0.012666172437418188
0.9539583179853766 0.7176010545141855
0.44823700568774627 0.2974715997500841
0.991633894048767 0.24050722974382355
0.020340544321957532 0.5705436500263417
0.1567747713034442 0.3638327263909391
0.24926392939916342 0.6106885813674479
0.40951673715703296 0.14782659802959497
0.2696850838589937 0.47461703432821545
0.5470117767942717 0.8831357062529304
0.11473795607529391 0.3127550791130611
0.28520121088933914 0.5576700658157774
0.25813790862387953 0.8390084177866783
0.6909111506659309 0.9310704235638252
0.17633102459633276 0.7249122199721449
0.3067491639515878 0.753623875038971
0.11485403246832293 0.8185090188016853
0.2673885961880904 0.3549611157167327
0.7978933072658476 0.041762261306410586
0.6348746630956545 0.64834219736735
0.9147597004246406 0.1705460862712993
0.2501723045643458 0.6523834436837057
0.4553616946693775 0.5295269014609314
0.40727813564501414 0.46495503612498146
0.6979133640862192 0.9853428245659277
0.32755261548219106 0.06909035328696778
0.4770993863228663 0.12098196677252626
0.6620899068889194 0.9754477645530755
0.7523199808685481 0.15685479194591756
0.49850029225400494 0.6876474447995988
0.4764609293163853 0.5700855490773402
0.34005967491586886 0.18649833526121484
0.62067035962398 0.8838626878593543
0.7478347788953861 0.624672065652309
0.2547763799531957 0.4306576284415804
0.6977744601498441 0.48402617995244324
0.2733619702402772 0.47775343920759106
0.5745262117086771 0.749260669837484
0.24799157502702518 0.8782898177146266
0.27859204690300854 0.4409979851458532
0.7375592653777026 0.5280694277832048
0.8030123396910802 0.3685500506755697
0.9546539412660853 0.9200284404770849
0.27304705892137515 0.20930097394916714
0.3456409369615896 0.6494164085469061
0.20730160690528088 0.9978276333604061
0.6462158974104735 0.20991905677834222
0.8378586597217155 0.6550260531003433
0.7518343818703399 0.4147309800063108
0.9932386871577978 0.2016990907223406
0.0556162838253933 0.4415418807499778
0.7932130425736426 0.45783962604948836
0.8105334136607043 0.7290098843130721
0.09913405754693771 0.7273382622001081
0.32728554229673334 0.9323461850343278
0.5615769423386312 0.10723414951113441
0.49337108529920815 0.817667637329919
0.24678156916087612 0.46587243562137215
0.2947233494149173 0.9009139456428097
0.40545170623647997 0.035819826324542614
0.6131927345348478 0.6222344263232158
0.5967436597855618 0.31446593470295503
0.780915020241062 0.29189385315091276
0.6129095724867486 0.1770417041317658
0.9857212354004738 0.9236953272859587
0.3780093556382056 0.38841080964170716
0.2644161266419056 0.5957672600876847
0.696207900399181 0.3667875407112722
0.9904445787897727 0.5927485474760272
0.051789514690624205 0.2431183635998615
0.7869046392090486 0.32911040174154715
0.734785513754314 0.48258636150001144
0.050456680907880136 0.012871565764301929
0.9218527967554546 0.9653979066342795
0.9227926983550854 0.6236870119298643
0.7557247352260923 0.7309807528718051
0.6230354866937766 0.4339620184763848
0.6848853312920362 0.7255113488155347
0.3139961903899453 0.08956304767950463
0.7173784296440626 0.22202008608753543
0.3077093137590894 0.5934005847519961
0.26975657324313707 0.6095165226443731
0.6034580976228301 0.899239647314519
0.7700133015722803 0.13677267795289239
0.8955545922875865 0.16926477851770083
0.09866433794737262 0.5187294605860557
0.8813014842645348 0.8629777848248454
0.7870668153930818 0.5871537733512593
0.6842832628928179 0.0116736161229134
0.4229028485369679 0.5605569737163827
0.9244755682684163 0.46779186187746147
0.955144844935331 0.6694770653228155
0.21752512382471667 0.657876358445814
0.4803013873251254 0.38932647600302417
0.5171339265338348 0.9461551126605485
0.39778459214839934 0.3117042124727254
0.9272127402345869 0.8129805261587733
0.6830230928250931 0.46438556446905843
0.6562681077598329 0.22496120979949707
0.6566202776498886 0.14968893057576516
0.014998723266646197 0.02721789356188853
0.4992835086117644 0.4520286415611321
0.7540143476502699 0.9806194053138848
0.4645581976425146 0.8403943167325953
0.2935600437373749 0.09832501623081291
0.7396259848561813 0.3301959174975897
0.8352905800792216 0.10777748560034528
0.263493640353905 0.2618310167385469
0.7920297941595755 0.7418241295198789
0.8808481960439398 0.5673556236451536
0.6941468094969472 0.8804600851796347
0.9341987473848128 0.7133706515485203
0.5537380753307481 0.8670194705949168
0.07188797167845529 0.208008420938115
0.5174592436691752 0.8238466162687139
0.6200051255311942 0.5845013761061404
0.5410584486439503 0.5980522239149342
0.45747237047439215 0.5045205562846884
0.25458887964754684 0.041188251334573156
0.05351055998863408 0.8420950331537844
0.2866329944677153 0.1293486689587502
0.13919175034200482 0.8785252798356145
0.19640888599429673 0.39920842043322047
0.6726158671188533 0.9397503007478731
0.2803988982497121 0.8822426303418631
0.7365016156338886 0.33136688257865554
0.4806606400911315 0.2067501411340289
0.30238289131478124 0.7990887030550049
0.7564304243004225 0.8267270305691821
0.729593460484314 0.544258253687677
0.6475010038057021 0.0645916314686179
0.8103617146863324 0.29691360345561835
0.31747259911639625 0.4065488354758495
0.157547008618232 0.4514716315519538
0.09288290949081723 0.23623399445616378
0.01870105334023342 0.1835281242454685
0.18550539586841586 0.12546862619611687
0.8574238345811032 0.08739657194541506
0.2946005578446893 0.18176264970774647
0.9636016865691588 0.7104254381730626
0.9575547633302341 0.02660020772023408
0.0035769980097846155 0.7672526990142066
0.6361103934200758 0.7504946390203211
0.8092163630718481 0.9093152606730222
0.9738536879940434 0.5209852330647422
0.19838244798022386 0.18449170070456522
0.15904417311751828 0.13547492364271396
0.5175362264586845 0.44875221395878495
0.2927047548575368 0.7364144678164586
0.7940491630771653 0.5499965961196438
0.712085329870819 0.5585872539252175
0.6311097968465607 0.5566582899563506
0.7539038297029899 0.31360957826300173
0.2593697382785116 0.5060135451160168
0.12116713732298456 0.1428838941321835
0.9648639594104556 0.8698922785856269
0.048528056275275455 0.3437794317303795
0.0718688351507053 0.19830444821954418
0.26939216142315003 0.9180448295428327
0.3684668354645899 0.6000656207690998
0.5173679849393222 0.10201907933375987
0.8974139166166004 0.45970681407506464
0.39478520318469434 0.8962640654152454
0.8348539929803538 0.4741991573689628
0.6756789184128253 0.4299454579252209
0.8942848968056403 0.844121735147269
0.03958672994389745 0.5791227939677563
0.09267213585785328 0.8862842596562146
0.21857397440024195 0.645149787798764
0.8553459036765041 0.08135346534621779
0.04425676883753815 0.2916623585376015
0.260554845735554 0.5537151493037729
0.8334333526434636 0.6662493279887054
0.5999215107239186 0.35731649721139025
0.10488114134974746 0.22966189203184095
0.9166456232208278 0.18253787510958341
0.43107459691066197 0.8602807035973579
0.1717594870615058 0.9844379000017116
0.7316103586188447 0.5944493092455554
0.7775697972559004 0.5119017770082033
0.5606585014588594 0.03454962580934162
0.7643353581185901 0.21978316656773123
0.7959816446947461 0.15138439105411106
0.5566210308175823 0.29599700770999493
0.9037271978271353 0.43263721190309656
0.9571495870881241 0.3150115321061433
0.22390656492701977 0.7741366561201066
0.710207757324492 0.23556024691384714
0.024919817626208207 0.09104414486427914
0.6912595791873548 0.2862616781120584
0.5301575458009249 0.30631281699900526
0.3712590002249605 0.622586389899215
0.9028097616443977 0.7875650962180016
0.03985103021155223 0.010991869920317088
0.1453630287997043 0.6424594817142613
0.19602399984531127 0.8684260695483943
0.3372190544908862 0.15226967096063437
0.8016294243350619 0.28833493395891474
0.5269190548689342 0.6374370618522471
0.01439072373735506 0.4762055718796263
0.8323152834163714 0.13367981037525678
0.8335367156063667 0.9025797941772078
0.3782856509639183 0.8264997362409836
0.41400598500508123 0.447380142200162
0.5042828329653903 0.28796260416215413
0.7447202110681201 0.07075976865331035
0.11519623364927734 0.06254540638652939
0.2977437991762433 0.8660840759586559
0.018326678928607176 0.24083657092681854
0.44173478877042505 0.9223469285255705
0.4899703266540598 0.8221036288158736
0.04072920104702016 0.32460032039601217
0.2578906649198929 0.6345788302511166
0.8246744179840015 0.04729703165133459
0.19752011948425485 0.5111890489426494
0.8052148461154536 0.21551102096195307
0.5299786334113317 0.3791338053493667
0.9685960304702019 0.8831114763983969
0.108360478116448 0.8533870820479346
0.3742936823730407 0.6583000196261095
0.510295527904223 0.4403132640338112
0.9915991158290254 0.6155509213580725
0.794283991733586 0.9831879055626258
0.04971657770629401 0.6748539395801345
0.036922460733065154 0.9753454365652632
0.8067331640482298 0.7842392346404385
0.15390621833735119 0.872593833017119
0.9058706746034064 0.003067778241000685
0.5881756223882797 0.6290386680818492
0.09157725322374466 0.6393893396654804
0.09622489309124593 0.9133696706978924
0.4877392612917597 0.00601552002837602
0.1478234112263539 0.8616126438061966
0.39552375509742155 0.7515320424070475
0.38924379233015305 0.8234530062037506
0.45107682338437693 0.2373452820253099
