10 7 100 1
779 900 913 861 835 954 939 900 915 836
889 907 799 942 889 898 968 1030 929 978
843 828 925 934 938 1012 1014 1034 925 905
872 843 896 970 996 1038 1045 1020 1023 948
873 894 985 913 1008 1065 1138 1228 1059 1063
911 882 1016 966 986 1047 1181 1283 1229 1065
974 911 1041 1090 1062 1120 1284 1492 1273 1122
869 943 1006 979 1002 1136 1231 1280 1209 1025
927 865 925 947 1053 1037 1104 1109 1079 1092
857 936 958 988 995 1018 1054 1139 995 1011
8 6
2 3
7 0
9 1
3 9
1 5
6 5
0.3905166250367981 0.7681072433881376 0.5538074257995026 0.7031806906276055 0.1385024634180624
0.5097270066603533 0.8594735503848647 0.39863138073308707 0.7692030831189974 0.14855861084327301
0.41668671916857464 0.7747316825385946 0.877233877005885 0.7379651791965753 0.2898222965256174
0.31118797482094035 0.4897782910396527 0.6664562817935156 0.40550239500465235 0.14868467042018044
0.7385884455843368 0.8712213372088471 0.9395161126816414 0.8838655574396626 0.4735784849252448
0.3550371624418357 0.7921887999479487 0.36579658763994666 0.5746482155630483 0.17787948251381655
0.3185700561365963 0.07960371685891032
0.013954102837530957 0.013738426988845198
0.7596067024514006 0.849687076007936
0.08820374280151233 0.5824340584123355
0.9378016081129716 0.4585442416774783
0.6361447292184461 0.8624280491675804
0.08462086734386798 0.4177112980048714
0.1476704258837216 0.7527675946628167
0.2839933994459378 0.5660777756003508
0.6958688875910513 0.18086224290865127
0.09636916969173326 0.5340577751196021
0.08223462303168949 0.35176645736707646
0.8127468143682468 0.9584952165050911
0.020171330148572864 0.32815401163236024
0.3587788053225951 0.7700405436285342
0.9112823607955756 0.375624557857521
0.14929188803090776 0.655320378179616
0.24922141341511073 0.5957460220097859
0.6463745300277846 0.1670173010968583
0.8236201343449814 0.624345470180206
0.9527314685777448 0.6125254934972282
0.41253365222716276 0.9587823119935199
0.53508829275526 0.5490003861620791
0.08469947200112715 0.2817787597613486
0.351472216778437 0.5202570704376972
0.1626617894033846 0.43365007146621526
0.8872481222155739 0.012351176581967493
0.8629386744584377 0.8949096589219172
0.5807469472771007 0.018704139294704936
0.5380839492215934 0.19675288613533826
0.9450698917067577 0.7102497297099046
0.8708755953068721 0.4690382949680332
0.44291992732653407 0.4139874502622618
0.2449492940705058 0.27076679361159584
0.5197183972066521 0.9815027531754377
0.31748549900254597 0.697660106853148
0.9644860582076802 0.8305247839602303
0.6120234330758931 0.6797721058423141
0.7550940015397192 0.549713391602499
0.5387738495476757 0.26154784488679916
0.1550533478762366 0.6921754641684774
0.7403653855187735 0.8938822129602852
0.4469800332147458 0.957889069686622
0.6081427046352261 0.9353933665597591
0.9080404265868074 0.24437479259493555
0.31125473864152564 0.5877109300818242
0.19175034174401206 0.5484770822964533
0.35648887168337184 0.666556357682492
0.06725808688727164 0.3486605692570732
0.2887284366907572 0.6222737820121849
0.966772141204882 0.5237125669846223
0.7657581413563108 0.9915764950413175
0.6810814000307781 0.12700571531752147
0.03098620360864479 0.61511786303843
0.7069469999897007 0.7587959220572571
0.1291119023894336 0.5136892265905417
0.587788879584803 0.37472628264608754
0.7457268740379477 0.10135059091640564
0.6242752498686881 0.8851294543905495
0.596091596888475 0.4360572455071545
0.03937488125614941 0.40760182498941755
0.47574523455911066 0.716362529877911
0.53919699799863 0.052202768094152585
0.8547083242787856 0.04720055791536115
0.2516917015821216 0.7154306562054549
0.9002764223915083 0.23047767844498046
0.18294802483076888 0.4171289776537572
0.45976375643312717 0.22838468442171211
0.4397259789969046 0.8997629609988944
0.5016898130704375 0.6803953449113886
0.19630490705168513 0.7879726253353267
0.039104243753986134 0.3551155316888628
0.22599061564748268 0.2603091153087542
0.20869094250501963 0.25942346567615027
0.12725657366229237 0.2511569335531918
0.5787062205093774 0.260966884533798
0.7569036219777554 0.9847721194424655
0.014054428554275189 0.26214263186332354
0.4052885175741203 0.4158250562965591
0.5663573219369487 0.8702238618233213
0.8860551303543218 0.6320158060111742
0.7336726166928997 0.6933509792611818
0.15800175376246806 0.6356512788737929
0.9971023354719528 0.8122193458165277
0.6668133814287087 0.7368039054258084
0.08816535356302402 0.3957908863950028
0.3338843334595496 0.9541201462802795
0.6150971647274439 0.22254477904142678
0.4497916631132457 0.7738209403941072
0.32871144945677844 0.12453752739500557
0.16865438914700892 0.13348657053794688
0.15542821783062633 0.7630921376234299
0.8148587659431292 0.7978230012495535
0.05260659839470505 0.09140268682291097
0.6058169199931065 0.8086245599056838
0.20446495235340856 0.9462310619444481
0.9597214322041703 0.6793146428966637
0.4296589681842442 0.5012672936190798
0.21991646477288973 0.3073706501522715
0.3639050674972688 0.9507029132291034
0.1002279639378798 0.743949795190906
0.04173990392105842 0.3271936559719377
0.7681688747427358 0.0008430582894609628
0.004639057383976075 0.894486222003968
0.7898169370280317 0.7830355818435042
0.6453206705067982 0.29196992854595605
0.7299680478854824 0.12511876241616227
0.04599848628166381 0.9608698430342697
0.2256249918558817 0.533571090446356
0.5867843404710131 0.09671783395856437
0.7937301161481041 0.16101953771371424
0.5758120249529401 0.3054182079463308
0.6531814743837698 0.858609082721306
0.5547315307805811 0.015299676801118212
0.6664201186737884 0.04155894902948054
0.16418454806138727 0.4764881209995999
0.38185531376415094 0.9055737412023537
0.15059557707621374 0.25215002992442725
0.641503528804718 0.3267120542619375
0.20423148238865996 0.9333446607640905
0.5485677784226846 0.6205735482840253
0.9149211771211467 0.4867963169953651
0.8856003000609631 0.1264697053260031
0.8541027613771472 0.31827162182208046
0.9282966215490929 0.2199887551737123
0.09803725093650195 0.7944092340336815
0.940167242964177 0.6661500848191408
0.32556312402267706 0.9088908817075407
0.42094039755424895 0.8078635782855761
0.9528366800610559 0.40993656553918223
0.20955198533229735 0.5211920761646673
0.587018604780724 0.11395752709078111
0.7518856622716747 0.9676427008931581
0.8348204524489795 0.9065347147724052
0.3850229067162161 0.6612877922463154
0.4412148736749928 0.6756839399531107
0.36908328472679486 0.33941390323802123
0.15599856402681356 0.5476295435194543
0.8614952662670727 0.030327143306190685
0.03934412597578585 0.2816023733541524
0.5529695384291631 0.4109234277170133
0.044149289214946874 0.1025653637444417
0.9126189780591023 0.8490495501871822
0.13173386907362095 0.5056413881629411
0.974698589748991 0.7020776661532171
0.022131595402868465 0.5780550564263791
0.6151248978558288 0.6968858951819468
0.8984133588598513 0.21911029710609764
0.24917388004676466 0.5601826727993642
0.11492500985065934 0.8529273871543519
0.6579426953403544 0.7885885438716429
0.5403758809071413 0.3458309684956784
0.12769843260540226 0.0861926454125248
0.36852944894922657 0.2968419968136027
0.3805396373752423 0.19376400701167218
0.3206934222913982 0.3520728531010915
0.4320434425126145 0.1496219919938131
0.3668003195867029 0.6095375243752266
0.0569056235010863 0.6542038790364351
0.8709056425677146 0.6611496908182886
0.6810945372092094 0.8842173696958247
0.09517390098512646 0.1280823739385082
0.16946086388922033 0.03792143815543314
0.5381722587422351 0.8819755055350775
0.7404532475231571 0.7505375462480763
0.6651312043456101 0.4115741068607668
0.6249052352564708 0.007432970689215557
0.7685833462407523 0.5013091156912475
0.1291134621497887 0.10920252246683781
0.1197196963265259 0.1564157808053832
0.5045117013304985 0.31821758973467906
0.7584359674413064 0.8308934528071845
0.5420787995878986 0.7701768164267688
0.8598518507551978 0.06309211136561621
0.696020270515131 0.7438114757944978
0.618477049778007 0.927257640328973
0.5397178040052864 0.3962688043301412
0.41489373504292537 0.48177306298575706
0.08648270957333049 0.1532108947293831
0.42824322715004937 0.05722160457366954
0.8302250937784483 0.9698601398065068
0.238723492231516 0.002267180310786099
0.956674393621535 0.12045485604206085
0.2544642819593743 0.05469550389422495
0.8597146641950142 0.809970437120165
0.9810333023327187 0.07184664875841573
0.5445963256911894 0.14405545541591835
0.6424499966458173 0.7760866496900911
0.3152167956565175 0.31082834867709863
0.12607612243195443 0.03578433949973747
0.5915108245740575 0.9443510738305207
0.739055569822501 0.32382772340315746
0.1358710924661426 0.7003026101655261
0.9713737990101903 0.3918209174587608
0.6195203595252441 0.11241183934576382
0.04765237151960533 0.4509871597504853
0.28597403237559904 0.3178604176962385
0.053521866443105415 0.8843352082259683
0.27561638925164855 0.572264381779346
0.8509406547974465 0.7450658323358517
0.34981111688510946 0.6243871078784105
0.5821847635004007 0.44351142959199885
0.14400503638745676 0.3917641678380215
0.8022084566758672 0.20591997459159161
0.7951990879284923 0.7713483886851842
0.7806812799286122 0.6260427315456478
0.40244785499153535 0.22943712242373926
0.9116095021825488 0.524499334989267
0.8018622962250963 0.693095074936591
0.4127469093529239 0.16455213746654507
0.8130128538712986 0.8504879837016717
0.2267027104893784 0.7386100871183099
0.3862855965695362 0.47249091431030066
0.12484245710695219 0.850767752022564
0.2705569249891271 0.9561313227375263
0.007298418572371013 0.4644850510658596
0.08997858712244344 0.13289030821403736
0.022493307231305826 0.25414983632018395
0.02125524859650363 0.580563642670417
0.48666659612667584 0.059207637888743836
0.11184582045450853 0.19650600160956744
0.4784035790517842 0.3685080234252083
0.6454606541817525 0.7544530172209607
0.2211100581693184 0.29727180049751367
0.9519398463651891 0.38179918708377625
0.8225898733159427 0.7328769529055084
0.7497557553131322 0.48419346269827734
0.6655014665510144 0.3006983419425975
0.7829973459615842 0.9907868675317677
0.4664126696784747 0.3906450495212921
0.3421169235001422 0.4690753938720289
0.9243551069271576 0.03098693778044237
0.7166448007096409 0.8242696862491099
0.22206125522827325 0.2737631695640377
0.6366298687780021 0.07283028228083177
0.9426036489406509 0.49686703459304526
0.574157754207365 0.6578284592918491
0.022504548064944396 0.5389230596669063
0.5868802164031124 0.42893124946247885
0.778056232379631 0.8505161296932029
0.6867395940012568 0.5967352301301139
0.28428640981174524 0.41985931864450654
0.08439711920565718 0.4957690723302568
0.22928972013918836 0.5545220918335438
0.5991591576131354 0.8564578186453176
0.4818098552436265 0.4206703430334007
0.7901553798772274 0.1848895103965591
0.03586108125820098 0.05583635611152116
0.40979173241534017 0.6966176295351749
0.37506127854032933 0.37450832925027244
0.40834244382632146 0.8461401254020635
0.37471512093853865 0.46674870637777155
0.5331053277981959 0.28398034099037295
0.2912540742336811 0.6828822288453154
0.9930511902116588 0.03668431805540706
0.6738394883000698 0.8777916030958939
0.47241177953201063 0.39483954406908794
0.6448103516801154 0.6130857324117356
0.24251054689846785 0.12282043768204809
0.4102271871380756 0.11116183598682139
0.2734681382837931 0.21779335875858874
0.15767230932225407 0.29405768354750283
0.3943408515265696 0.13523631230276578
0.36338984936234886 0.32442273412406264
0.3735878563321491 0.7567312142468432
0.865239781958695 0.8453511318911735
0.17278586040585986 0.8625233482679477
0.7787200110577706 0.2459274308365662
0.9020724435016994 0.6078172834785098
0.7885766926726527 0.8346746579234798
0.6838778763353628 0.23821989040744906
0.31218593631855085 0.15392527671957046
0.20327013745321731 0.8480803136479875
0.6292292684450069 0.18377982253173197
0.4648003717368836 0.907164489668399
0.11765939782935497 0.6958710595581024
0.2882847762223446 0.2715146763647742
0.6151477804551744 0.08225138448780589
0.1806909806427004 0.07634560627327147
0.08494271783864149 0.7780359829244734
0.4746795948078464 0.9544672253472575
0.9913290361646598 0.49418193632617347
0.7416788808190606 0.9238807896101251
0.5853137965406174 0.010699506478516696
0.3873164757610146 0.9063798671702314
0.9350642923542178 0.4634337724826787
0.7258811639252616 0.9616113578168881
0.21611776745830613 0.5008473858569806
0.3456680406362773 0.07363560761306509
0.7912811407375124 0.9826299214052105
0.8119174706993666 0.8202111269919499
0.96683225643868 0.6403279177002532
0.3995325879951641 0.6682306793290576
0.8902358454078392 0.3923017731081637
0.6044955487152512 0.7325273170025091
0.03462384490627812 0.9511886398254152
0.36847037049395004 0.8972425608758305
0.18051935533886088 0.5261023161317551
0.5663916970951945 0.4755389733465678
0.003967145413769968 0.41272788614140943
0.1656958303468652 0.3835818690839614
0.1514656096519067 0.2544605276227838
0.37760822342545897 0.24807260510310636
0.7249124323306124 0.4425979021798554
0.48501049766997695 0.41786423130408923
0.653071165600037 0.23409977846316798
0.47533688882214187 0.6864414864884478
0.3045211838776245 0.19284742034549573
0.5654388347689561 0.8249811675761747
0.13818216554907448 0.7390843982646338
0.5971697489702659 0.31210312483626335
0.744565167943323 0.6735511504743161
0.25653918529259134 0.2685588549665954
0.32853648763131527 0.8644979806972701
0.4966738620746416 0.4958282224174009
0.32801746219441985 0.43333247026826394
0.9022590723502375 0.8380640004297664
0.37760482726618605 0.7743860912149756
0.9532404546428164 0.3973659066066364
0.5096768995578231 0.9247595556376036
0.4579869477665015 0.9525745365484981
0.5842021120778718 0.9150938286629762
0.4237778683766289 0.5324951128933433
0.9147950580441409 0.9260494308231049
0.8142657448919939 0.3477737509695742
0.8322539010300487 0.9490686008452403
0.49401680071519927 0.5957802249210418
0.05401579204576623 0.3679985068717837
0.31899294403642364 0.2288830998895668
0.43113480095285284 0.5073464477726111
0.2675943015007034 0.3333900328059536
0.07406678646679854 0.10496444561759999
0.8892506123079549 0.6861802144825315
0.8560036600752121 0.09649073402521124
0.04420416293146934 0.5409460480481814
0.7779072826047158 0.9739341119886293
0.1922613452835884 0.12786462318078717
0.930999601121131 0.3926759357207894
0.7517375235431201 0.3022198324675873
0.4664318777852241 0.4662703420402925
0.7570549934429665 0.11737607441233777
0.5154456305782993 0.4446154051868214
0.5492228770110608 0.9846857030181271
0.9411823008174705 0.759782395149526
0.9256844854875226 0.7002176010878522
0.39353404704441086 0.6200962775011376
0.2744625530293754 0.6318121455185077
0.33631171319643927 0.2559011882183313
0.591897465388693 0.9963724392140021
0.6973338283640829 0.14474592688166155
0.6970410140876371 0.9814672916072231
0.9492285147474058 0.7988359130685583
0.7669184034851846 0.728136068218824
0.5618950410344741 0.10176247169908681
0.8916017556679339 0.11442015079613532
0.44767754045459496 0.3631190839332872
0.25466496322673904 0.5226773102933819
0.7748748504824341 0.13580820036973074
0.8554218453821427 0.47992705250189505
0.14559465371779923 0.4798518463737782
0.49132212095973027 0.6021536752429635
0.8550158350513932 0.22490439139325158
0.49998145719353526 0.5112431868166751
0.6732125149550392 0.4331935644459035
0.21607613085573707 0.35674507109711495
0.44321412305539565 0.22411110382429333
0.24990938307271393 0.3860715540311952
0.8827969991000906 0.03244592302768656
0.40041591500345275 0.42979037581582946
0.06424707741890989 0.7651543064690818
0.811262000389879 0.8462696214305592
0.931038374734861 0.7263099086975782
0.14883761883089575 0.016864214174637793
0.7330531318000468 0.8655121376520236
0.4719992033485263 0.6677909505339583
0.7443036592839674 0.8038669837599133
0.07190463522500123 0.12835267829737274
0.37715545878324463 0.6578826237341195
0.8952228990892763 0.17359900494633362
0.4798762280581377 0.62369538368042
0.033327325118621465 0.9135757457028908
0.7547547719904841 0.4831577302029868
0.2521310714749512 0.6186021895827278
0.6092319999240545 0.07389053215936903
0.7399252221227748 0.48508308108074005
0.380535441442307 0.7314524071911255
0.14121718346673906 0.30282376822174384
0.3912877165498525 0.9034083034604872
0.09216180467287027 0.29930421106448657
0.5819940789914204 0.2690323317996379
0.06272904176791183 0.26489377652578394
0.266353052735284 0.14762538864578834
0.9584872858065041 0.5895251266762653
0.8644354079593184 0.0543917138369816
0.9333745948433321 0.7646857517521071
0.758094160955245 0.2746586421099033
0.04381565085321193 0.42508293944606024
0.04497529018096902 0.23802389339292152
0.8118365773586673 0.9149943765259889
0.350597580259006 0.14356904459888642
0.6759631722937605 0.38117344599998537
0.39317838139722494 0.8550608078526674
0.732911964430859 0.34966827415689594
0.02880173825892851 0.22178397676969674
0.4873589022625493 0.16589665599964554
0.5284767419578207 0.4496402728374582
0.6405756692315863 0.8655022129867853
0.9833250629094219 0.353666846115837
0.8230414774724122 0.3911393679428192
0.5799370411809526 0.38628323942201725
0.5867149963101133 0.9091886995321752
0.26334343399781623 0.5437911979908221
0.25160577311617693 0.1672610791793845
0.843127957890373 0.07982664259252648
0.4602612756520186 0.3659213632872498
0.16001232625766737 0.7112783393836482
0.831829649866352 0.6367828694214037
0.10826058957095497 0.6791632787257182
0.4312395163918057 0.5337746991446122
0.9700370850019204 0.4121692317693735
0.5449039321916582 0.028758907664705013
0.9824097204414985 0.6544691564522653
0.2846239717176664 0.7077807823822639
0.4549877395268309 0.9625123508066624
0.042832490511825805 0.35978187821793917
0.55781074083907 0.22359794479230932
0.5474287897563748 0.22372068677276435
0.43346075745868307 0.792542150435646
0.9589305789629168 0.9201774969792775
0.0779531704969123 0.46163032761885137
0.8178607639099551 0.9676836977318117
0.5780635017084925 0.7914082132933455
0.044609549527188985 0.4309955448877276
0.13101850663993964 0.41685080653397955
0.31654919283661553 0.5095606051389432
0.3721733763762003 0.3342127349105928
0.7910808229273998 0.9891173436330527
0.005856679225767714 0.8896850436080672
0.453050160848824 0.4930956996613183
0.626467704368004 0.3930779939683151
0.9100607136424803 0.8345381578202375
0.4111863971075642 0.4670557593820348
0.9817649571450946 0.727011257549885
0.6512366318900826 0.9667861792304531
0.981467723711593 0.31583274057597666
0.800575721106296 0.05597912329730059
0.806894874134173 0.2619788229322373
0.40003335018269914 0.4476119753887602
0.9332474194213867 0.8176140150773346
0.06436520376904609 0.7879365106198168
0.6192853520209423 0.016943814204164687
0.10569574204038368 0.86001095353779
0.0931501808942492 0.2504127056454213
0.8381187706128235 0.6641546705290562
0.8439306457728226 0.7603022736284726
0.35154601834559895 0.5235798377288468
0.4491370123777856 0.7608966456216912
0.7297908802683093 0.16699181296308696
0.7110930881574378 0.7314060395413393
0.44465746510839677 0.6157596878671614
0.31635075436934335 0.7061585411895386
0.21572284684666854 0.9415256441757063
0.43359589213931926 0.672038584870714
0.2799647185363865 0.5089331255306593
0.036126027180133136 0.13832418546569558
0.14295109144346352 0.7404973887623005
0.07995902550264744 0.26478665226118814
0.11738358379996483 0.892351909374695
0.5221043318900378 0.765528989992674
0.7696583959627614 0.850323369765299
0.46513112855854466 0.871658781258067
0.2677003143531067 0.8814358809380327
0.8418652956275035 0.4946490966107495
0.3010933520490735 0.6627397449430239
0.18761063832676927 0.22472345866622212
0.7476507716617431 0.5443245939306318
0.5186743844635837 0.3345932984721862
0.4340348696584635 0.517255912567731
0.5684315782007836 0.5185205336295433
0.7212303491034198 0.41658326461276896
0.10978316874460536 0.03283455043791861
0.422152410547034 0.2512656069371444
0.2600850183358421 0.9591657893655199
0.5243347728037451 0.5649869065208077
0.27162180160311356 0.4204367846231849
0.3344508001120552 0.2528417231104416
0.375389995678691 0.3822991766740813
0.5535323094840781 0.012953616399111079
0.4884986972675174 0.8768757998253742
0.40690597180762667 0.22424213306732454
0.37650408215050013 0.3115473320554023
0.7489234166724676 0.30659595887572477
0.13207376994430908 0.24841870457768644
0.649693041950387 0.2895535963457043
0.11292135116157365 0.7152913182974625
0.009422164203410022 0.6687919444994459
0.6412064493868486 0.5501756215938332
0.3529517614411608 0.9003256621161029
0.07783231802566903 0.708764985781156
0.22214507309684572 0.058040058256371374
0.45657576950041956 0.7537153185653374
0.6152538320548397 0.8819768509734713
0.04689769173611902 0.5550869116740322
0.9380197394591954 0.24159030375893242
0.9863181348639838 0.9211482185422764
0.6325606899760552 0.2672171723698149
0.5915605407052318 0.27174652058424864
0.23989685918945836 0.7245706475443614
0.4152077211401157 0.01623619978900681
0.7211218264307315 0.6857478898939513
0.01670847344310289 0.7544165426815166
0.3167895775184726 0.1326217459099941
0.565141122259164 0.09894487335739743
0.5624470507901036 0.22182315700695288
0.4009970386434387 0.7663171479718835
0.3089277031498583 0.19865901707572564
0.8100955056100254 0.09251962878104858
0.5094597690359437 0.6610370952030489
0.002266322804178822 0.3864663271386304
0.13997438382537486 0.9406883306266314
0.0112393851649768 0.09585322829220577
0.6074932074394874 0.613783414172578
0.52080528880538 0.049685262659867835
0.6659782214543628 0.7705672369738759
0.5513568172803347 0.5403897876677679
0.6958610983654296 0.46063907749110755
0.5386229867633541 0.1824136253869948
0.5634957562805476 0.9943108767914388
0.7540288022223915 0.40545033775421935
0.6405971374272603 0.3568377679709851
0.43959210326135834 0.6517140678215909
0.7207195047261767 0.7737179031291448
0.05242761667451834 0.7075674313847515
0.28255436308476045 0.3238687958073596
0.4637930818795464 0.48734197188229533
0.21880876308638197 0.7498184428712102
0.37159891784916743 0.9697514258659314
0.6359077707144736 0.6747007222327868
0.6776459290967587 0.3743049169791781
0.15094188166653644 0.9131904783077829
0.9952025196500864 0.7684833651582346
0.49636382508833754 0.47546891951083836
0.6826759214966456 0.09861130199603108
0.3410821135901432 0.6108231389876824
0.2749634307081392 0.2773318275161645
0.28948573650316023 0.4261592429636114
0.8641911155850226 0.23642679211090112
0.9893929038848968 0.21753331292939126
0.9684326825681626 0.2092575773838119
0.7896745147955611 0.31125365152357465
0.8144560961373599 0.2715357900784221
0.6385790365536654 0.6326005211583301
0.31550925571141764 0.9883288967499655
0.8409140637135317 0.44210391396339643
0.07708416786567529 0.24043810193112747
0.3803787137700143 0.6481815525036909
0.6334035365717712 0.8438056456813641
0.4418783420406198 0.5618621881839108
0.9754032357794806 0.24472386696511794
0.3848649623870317 0.31289629389461227
0.1601916278809119 0.5877287132333955
0.4828203911093094 0.04696116498138325
0.5349658848857721 0.6625906576272502
0.9029381962138692 0.2809180264029303
0.8712160938847475 0.38896862644534025
0.6542448146893116 0.09835783861242131
0.47217557895778195 0.22424894895531589
0.8887251819095301 0.9575600961482451
0.8117687171385954 0.6424176162860904
0.7847716406366538 0.30527438358378944
0.17790699925993114 0.7491739881092176
0.27533259944522936 0.9452870762440573
0.9060691189621988 0.08574787603789025
0.8209066853901668 0.5758888249869194
0.9405872611175254 0.5683455531136454
0.9758302711651665 0.032356302782960755
0.8318627652625539 0.45520192190628417
0.8535312085087607 0.5239898775098069
0.003729475860930087 0.5163226119044413
0.7990241367402235 0.9874752349028761
0.4222075551338125 0.3708148882616231
0.943434152629492 0.6781944426741169
0.42839508802270077 0.2720076705689063
0.4742466975997057 0.8983288051285736
0.6470017564988544 0.2893971417812
0.773610640074389 0.8412370811218326
0.792498001362034 0.2634332156057799
0.9430058080247599 0.8479242129988738
0.9376342226041317 0.6122413193569196
0.9574961860752349 0.8693454091214858
0.9074200203875948 0.09725397380050782
0.6350174338131243 0.5821079294455995
0.09367355990356341 0.6641776373060195
0.7664150833894463 0.5415613536156281
0.5060549659195279 0.743269407138246
0.24022147486713674 0.9912407837146688
0.8698772941786526 0.14377795245338
0.776688947763243 0.1490197046438686
0.4921134040233677 0.021431939097828367
0.4370715777068086 0.4098331749169901
