10 4 100 1
1267 578 766 1217 1069 317 877 332 499 1769
938 1256 1407 1541 953 1480 1219 1546 1546 1089
1519 453 907 1695 1442 837 802 1392 1501 1859
1548 945 1666 1452 528 1158 463 1689 946 793
1394 1278 1179 391 665 799 1826 1283 419 1692
310 405 825 1351 461 542 438 1081 333 542
1363 501 1418 858 456 1436 855 574 652 384
368 561 962 1841 369 937 1835 1550 679 441
836 1788 472 1009 1352 967 1232 754 1317 1333
700 1089 597 375 1757 850 312 1043 1332 370
6 2
4 5
9 5
8 5
0.6540575778645019 0.33554412584094023 0.8960943316212129 0.8045689454543745 0.23504265086003243
0.4155716641617158 0.658974487524334 0.9105571078732466 0.7203231711821115 0.3464264700634756
0.7967167872476293 0.956029837094571 0.5315406475159636 0.6439075435581371 0.49135742626162204
0.4611215921546459 0.7904846972712545
0.06369964674062722 0.27543739746404694
0.5932544394362957 0.7505982217154132
0.6409391532595257 0.9806351120197248
0.7409309356245299 0.7690843764566979
0.4614122631090083 0.8724775380692584
0.7718493632451195 0.6281636787770868
0.004106173306315464 0.6670768295937011
0.43255163358358995 0.0052832782928355915
0.08963687538676846 0.6828199559527302
0.9046600577860373 0.10384341963869859
0.8337457146325151 0.33646401576140983
0.8035501352306591 0.21013749028266027
0.2333468950223685 0.042347673243866124
0.725061180449766 0.9323708984490617
0.5696963856354862 0.05305994128786784
0.2561842613728873 0.3601748827284592
0.3354928686096692 0.5540367950697855
0.2908128236809959 0.9996238002299376
0.1563843555792368 0.23428339629590833
0.22131400853272432 0.7134987510319313
0.7634114800647558 0.31485489361426766
0.7337749644776341 0.8209168240136131
0.8603732644336 0.10748089782053705
0.38420275255913694 0.5621509250862466
0.6720044770173546 0.7690242486114347
0.9281200355066401 0.8526968938145032
0.949208128153896 0.43417996291250827
0.6082456604213533 0.28534108367918165
0.5029216248018258 0.09508780622132673
0.4151743709071358 0.6491209053999789
0.6134555729835027 0.10221519274050572
0.8888366818952433 0.1628712427462209
0.23234698381863872 0.9754000681006603
0.6593192160858095 0.6762159422301695
0.1376858603560367 0.9356262205697452
0.91709964951258 0.2836345207808415
0.6071333070583369 0.454472720375217
0.5740979548985106 0.05145303457206407
0.3236381315690786 0.8114551741218146
0.8196576119174728 0.2318803671610732
0.24122793440767465 0.6621332180405484
0.6712563308555073 0.41331841011357606
0.37141191651876704 0.4672666353619148
0.22524328876212363 0.619428060636783
0.683582127049551 0.08826741748801137
0.7249532553716644 0.061596389849028155
0.2739907996889701 0.6886972078572624
0.3896547710296754 0.4056588421433498
0.8386676821135783 0.3671876892668131
0.44454031230559976 0.1652471540170728
0.29437018006350635 0.2504496915970622
0.032867493257232594 0.0284648792098261
0.33399407967294903 0.5301306624570452
0.17585481755217347 0.010012328593778541
0.02533093085743654 0.030384757676995555
0.15897202985197856 0.6538657582661465
0.20549687056135513 0.6711658036151535
0.7636622394004757 0.7784585316884478
0.6535930523645324 0.6634021035700333
0.124270260501812 0.2536894210735874
0.655159183321327 0.9165859518316009
0.6003292597712271 0.7248420757008398
0.2672103569687434 0.6259550659062305
0.06792406009722507 0.5955456456210537
0.5574800077334017 0.3127251789542673
0.9724758152927404 0.5743181052092032
0.7016789932991714 0.6645614510449687
0.36645608044279876 0.18214370510732425
0.3967907046359227 0.7272814926868068
0.7515788355381565 0.7315585763940562
0.6554245156703864 0.37480227518490006
0.45038197793231993 0.375387723316263
0.7909199816334749 0.3888753153873288
0.9041004643820831 0.5372530294130466
0.12816966696713594 0.23136455838352799
0.8570506083862552 0.32760070244332273
0.5270805199839541 0.8917835086628989
0.2753483283534588 0.49749164003562574
0.9437986526491535 0.9714863527711122
0.642130794686572 0.5979235832604226
0.2332595405135367 0.9696805313687431
0.9270095157461862 0.36738098897170857
0.9737169585360819 0.22999231418564037
0.5362026107058941 0.4041548693792052
0.6072850867599227 0.9471833057746306
0.09583946134487742 0.612735584222649
0.6868618727985574 0.9229369751803336
0.6759817997196651 0.14464579106897446
0.10092151255824677 0.6018281894077366
0.06620399607374461 0.940269947765001
0.40017598781369523 0.8137209995551467
0.8438920361596931 0.8995917336745769
0.5780371910999167 0.22335348823341938
0.2524485289837983 0.24823450734915142
0.037732699025714744 0.9191861151267895
0.19155324400826657 0.30747341209579626
0.5203750303387042 0.6702117173092887
0.4288454174583758 0.4985879485486131
0.019593668172872336 0.14436932087785248
0.1223110391949016 0.40680703293185183
0.3671769661147348 0.43920533619992885
0.12434580092032066 0.9055100217405558
0.6519597682143377 0.20941397617597257
0.7252791235573384 0.11923296587533905
0.10966828004244378 0.5729523489196762
0.17785486122528282 0.37011160579547386
0.4846954236856773 0.12015715227122392
0.005998746422768653 0.7326748207809708
0.14786537038897962 0.7453399948647212
0.3765460774387448 0.7523554960902348
0.4341597815658971 0.566292147943289
0.8737043567617326 0.8954799429751337
0.29164011804103684 0.4242377698783708
0.35371747879182514 0.6215164786723919
0.1837141754755085 0.6242250128407942
0.12704717082176975 0.7905929116578834
0.4297220646664781 0.9999547298105904
0.16400124260186422 0.9188465302102997
0.6445390243450266 0.41542629958432276
0.1217354490616418 0.5417542824700428
0.1132984533891217 0.2634490938250691
0.8336937506364519 0.3324145928101141
0.22285307921854036 0.9863559954483445
0.26707070137076827 0.2590464571690527
0.6651330409189176 0.9897163722755771
0.0927141732754786 0.6434727435478294
0.9932750764143343 0.31709269361188963
0.006674310227256841 0.06965502053033434
0.4144463145185806 0.08629613396492974
0.8822510013325755 0.2085902925003662
0.6449592299560831 0.6891961244722657
0.13555374783664487 0.43825763159249775
0.9270892404276048 0.7700143472824001
0.6567422692628448 0.8905057031198298
0.7860321842302107 0.0008921079842205693
0.2681876969864281 0.3920299724438905
0.3154268491348875 0.5120521041229087
0.4253361050926503 0.879930816759062
0.34750431997580855 0.7530600572836308
0.8825159788043653 0.7236715422795028
0.24915789506082864 0.35970254173901095
0.9943227755725383 0.15610861280635158
0.39546322390919486 0.18128940175748065
0.7582017052045826 0.9067517593154466
0.7584942275226676 0.9738672743057757
0.16341283348104785 0.8923229483019515
0.552083535740876 0.5656601264805166
0.4170534765578553 0.6415998623457382
0.8315955781054769 0.34090508477444215
0.19883056635508933 0.7658487572779193
0.11088345852720582 0.9721618209684306
0.17067613906229062 0.35273313413888596
0.7169537087342743 0.8379472001205508
0.28019319632544337 0.07706474732156754
0.32867278986626003 0.9093107880835929
0.9624471136870112 0.31837751140812554
0.3710438978098496 0.6521206098175876
0.43187810265679816 0.31314066477245683
0.06018482751719034 0.15205030510537432
0.2971236849275418 0.319123623154961
0.5465897924114425 0.8044790006476592
0.05342094365835148 0.3118821310567661
0.15201445895797594 0.7474204957628561
0.7753888280683661 0.8274217204806096
0.7680812263158463 0.8032560673273237
0.7948297906270294 0.32591169058104663
0.5659226585795152 0.419504361487419
0.1575119720477487 0.6911892369030328
0.9310395347868017 0.4390792313337841
0.8327896859579602 0.679918601015298
0.9180212064517397 0.6455719522554322
0.5428278580960193 0.31317653869748385
0.15817538974226952 0.8400117348284004
0.2639744418642651 0.8654803556357213
0.9407641749304174 0.05133605195784119
0.49632182774381306 0.5773440460778079
0.05267073482741602 0.942687809679136
0.023674612234409365 0.8041051501599681
0.35492711329076143 0.25497720938143953
0.7583198511274534 0.7266983950000456
0.4069206696493779 0.017242394364619607
0.7045645357662669 0.08487714638637778
0.2500768537371465 0.7041054930745321
0.11142718715261779 0.12490717550250952
0.42318948333058426 0.5791659081055447
0.5811861651568078 0.3447780062820063
0.8864760060439236 0.847860248321483
0.2162348324965644 0.35579211611362527
0.7052798904584849 0.8371826895458352
0.3476982170695526 0.8548462035281696
0.9773809818161685 0.023202333513494544
0.6942748920060697 0.9377112257559974
0.6295658978953986 0.5866800215983399
0.9915838209656058 0.9934644060553248
0.9281145675266478 0.2243962688564387
0.46164864942223915 0.07090482081721938
0.8419088113448132 0.4423786834050407
0.9250279982365384 0.18911371100336272
0.9309307843661028 0.4585733907147278
0.6198620493086877 0.8002738162264786
0.9054745749344089 0.3306426685541404
0.7663496904067801 0.0932585452863759
0.6407026876480941 0.8916994511929344
0.9890092726544364 0.300469244229181
0.872811988478104 0.587367319456916
0.4878732105854966 0.9568555549071271
0.8820994215614157 0.14371173313945418
0.6901105980415247 0.28600199950813643
0.4826794877892977 0.3636829401649806
0.828700564856149 0.9102594241820507
0.8059190775014549 0.8353650887121937
0.08435468126082335 0.9090928638355309
0.06505744243756428 0.465749203844283
0.9041834571427712 0.6483885220214869
0.7045717497036723 0.5054814682590723
0.5563377550006108 0.10471480451915594
0.14523404233587534 0.88053782497805
0.9472502986222504 0.5998468028033637
0.09832680443634101 0.2067358051054764
0.5603428138344073 0.3135167494477711
0.30608654174916317 0.23410853422655342
0.21201754794804173 0.7429821717434126
0.21854361922574705 0.5040477041148621
0.1740398970945456 0.6841506584744514
0.40989704006678185 0.8143280649397324
0.169849892526045 0.4167465355664184
0.2732362680215574 0.8864407873841289
0.8014117139887478 0.18563613782418797
0.9785133968459181 0.2129998998860001
0.46909681908220136 0.21309474138666284
0.47804523614714234 0.14642123275871133
0.6414139580088354 0.05326302067971045
0.8482052446014949 0.645485386827918
0.6761908667431817 0.39458915714632314
0.1613282455481475 0.3425086774337742
0.1209642224974441 0.8747583761910445
0.0733314094842823 0.6064187515111756
0.4069814267520455 0.8482664145731085
0.6979224838229814 0.4244475615029313
0.9756516660387156 0.3570770375219041
0.6879632829956865 0.6699988208476726
0.553879164909939 0.38180830790691567
0.7189105505669697 0.6631781326253015
0.1270167924678396 0.21416456873063883
0.37797168369516165 0.6290465454230578
0.16631063411631164 0.04842166769721601
0.5234327113747339 0.7678921969291195
0.16680521730661635 0.2123608834823023
0.014699320991050868 0.3722420810417302
0.6721790733232944 0.40345484257074293
0.5688193423744154 0.31405756888008063
0.5460820374471906 0.631454080493328
0.7148736254024439 0.17812315376766352
0.5889506300584042 0.26983499632878316
0.17530950379860322 0.9983273701395583
0.29417331092432764 0.7217542527061944
0.143525189367383 0.8361345678153451
0.12668211561296383 0.41646779227589326
0.11532300224323278 0.4894762867080753
0.8449946381894051 0.45595146139618237
0.5160395939195579 0.5343313049977692
0.5490429338053673 0.4032569927145393
0.990519394866286 0.5077798944727774
0.3282525842676516 0.6795582730248579
0.07541453124966258 0.08709437109180951
0.4106724813542104 0.8319799825675371
0.2837827672882045 0.0764753073261295
0.489161901406159 0.5704804087540327
0.6217428422030185 0.1522008466351954
0.09499979034080397 0.8855606056894996
0.008844803311107707 0.8501008613811054
0.40856748003176535 0.04100036970704424
0.017504836970354987 0.5521443873118599
0.0694877588495586 0.2081934175820046
0.9250345136991551 0.6261145361511116
0.891555789294203 0.04999743101932097
0.5192931956302518 0.6327688235392792
0.7716912634060538 0.5627638017582235
0.6864180342816368 0.054012405464044955
0.7264972506052394 0.9412494729949801
0.1480047225757284 0.20634956743662314
0.19887000653383513 0.9611481415338956
0.6031776944855294 0.7118131146065536
0.2059340321345502 0.6042409402760849
0.5688007088616862 0.5984117950396817
0.24574956606600096 0.18640797686183008
0.04108841278319253 0.39198728011674633
0.4961795742540265 0.9870752807448455
0.5623138134594465 0.45177973914585956
0.12236006751743655 0.8699149435219997
0.07204205683657583 0.5809409133707071
0.8577247242217396 0.4318668864573705
0.9297280009230235 0.26345112256876924
0.5416354751543091 0.37025009629583994
0.6128280392190486 0.9888798215777328
0.8098794840251771 0.5612459982950686
0.1716507249435324 0.3811923445278971
0.06468875403844465 0.6415796233910971
0.8272788161666311 0.37805635821317707
