10 2 100 1
649 634 751 928 755 865 712 610 580 978
1047 751 958 722 619 921 618 871 706 663
1147 755 985 758 1098 717 949 837 757 944
1049 1213 987 1095 1161 862 1137 785 763 1003
1016 886 914 1030 1017 870 977 865 923 723
1045 1285 1171 1056 873 928 850 976 783 796
925 1021 1156 999 948 1036 847 1273 832 885
1539 1251 1184 919 1060 1101 896 940 1232 1186
1310 1158 1000 1381 1275 1235 1287 1215 1197 1435
1494 1305 1121 975 953 933 1309 1437 1554 1872
9 7
3 6
0.4318518613745255 0.34622722107874865 0.7134330162782954 0.8528398801016028 0.1768007191593947
0.06718052361509819 0.32936074099990464
0.018157091331967745 0.2926994589325769
0.2851081654200833 0.7589246269421048
0.4349389487918547 0.05979132091459505
0.4693740355565015 0.44445956978638224
0.8339521544068431 0.520265159777834
0.7418696317797739 0.27983993827606946
0.13904330729535808 0.8677795299310425
0.45030440558869556 0.03442023720600873
0.17384440491109276 0.8706578865089099
0.8223147521394296 0.060152631777486754
0.36663552095168117 0.5922438325378472
0.46648951559193175 0.5669654183071788
0.42487208141856203 0.9260424417986264
0.3314546290522784 0.8143241160154353
0.8857191573828125 0.16845707287447143
0.2809987452849443 0.9429055397761534
0.10019845627265123 0.3233412187810818
0.4467634433190766 0.5174683358143235
0.6573927430765776 0.7103239186778361
0.04077421922607605 0.7968966218122702
0.548757376854683 0.775711831571829
0.9494564945678459 0.9970387942120595
0.12678545684157494 0.6130860090413743
0.03267407552390744 0.29125731939884836
0.9803385414964707 0.678504887839614
0.8204898714611624 0.5738702713941286
0.8040232656166524 0.5042781502400517
0.963733573760178 0.8372554666182552
0.2518855723971807 0.8411474982804474
0.34256604014894476 0.5927747689870846
0.32425273072514105 0.9040108088521761
0.07942012700763512 0.43914477730418766
0.8698461290206203 0.5263082268127919
0.22828192977015882 0.30313092605883507
0.7184549107843372 0.6303749189280323
0.7167240399558756 0.8522838241820365
0.055131890025881036 0.9024988023461047
0.5189519037115042 0.6634540118544092
0.4360815329772456 0.8096285915284347
0.29205183308731075 0.04446686689320223
0.6733181386577667 0.1827155573461392
0.9697140992923559 0.11129073436186587
0.23479012976955316 0.34557727034189223
0.16585877602412524 0.7768891844751102
0.9180637706681298 0.1370857795667777
0.7951731012467691 0.7048940207857097
0.3251166756459074 0.4850348981512784
0.8193889639338261 0.29156297938281983
0.2871136581880349 0.9305073471011605
0.8457706123565492 0.9790160569625028
0.6543862215266978 0.5252611090660695
0.6654941986908498 0.11357393568016438
0.2769030075072274 0.6202218857761712
0.35142670782538277 0.45394332671835746
0.2561409985479559 0.29752979413076197
0.6812861530174705 0.9291106282235091
0.3689451636411616 0.9615800569290789
0.6312537435776067 0.08190954693442842
0.5023136325114737 0.7235547153926065
0.06365275339589616 0.07676379861170957
0.6696207723757326 0.7654170187492602
0.04208987582619761 0.8153720555371211
0.17986104120701518 0.8189045838950233
0.7688462668204685 0.38762110662959715
0.6084431198697484 0.27659337334596623
0.8837393001218776 0.4859118697226035
0.9782386138800268 0.45039283101251115
0.8954554559614143 0.27141118675968
0.4552217581679048 0.6883624260803158
0.8149747557698996 0.156223351187603
0.7723663826166975 0.7444469727227871
0.6731029111530471 0.21796617233364968
0.21438807905198787 0.7490283714035906
0.2689764945633717 0.8175748390336461
0.28992276532936545 0.39301217746596895
0.10623968210213097 0.887643893390935
0.8151171759659475 0.09098141452200892
0.743009736059618 0.48702449914822554
0.5530595309511712 0.2728535388152167
0.972004374776767 0.4107924129754812
0.05142837822423063 0.033152127331737447
0.5580713607623029 0.3512690734095514
0.6689930844870615 0.36162127515057185
0.9110575536188616 0.24371048680659424
0.9706335472821666 0.2625156288487047
0.7651939564276695 0.08888307533078854
0.5196699297412615 0.05153767898150896
0.6570024251179136 0.36212652363743003
0.6285353353028498 0.749363479522986
0.1337691538092891 0.5744273607103427
0.32610154739713093 0.5350899899963977
0.3324049762258803 0.8788604117463632
0.9135957144092166 0.4327357329261088
0.46573222749295295 0.6234464085089375
0.1115023942165978 0.6819177012041595
0.4117327198961074 0.22956606985512895
0.18833483997856693 0.1740287625282093
0.8795232014345502 0.880890242086497
0.919295458887647 0.23873497684785105
