10 6 100 3
1775 958 956 642 632 1859 701 1141 892 1421
873 438 1167 1821 968 455 407 973 1270 718
1611 766 1696 932 390 479 502 399 649 1544
634 1869 570 900 1129 668 1470 580 751 345
761 472 1032 1863 1163 748 563 1862 410 422
301 1951 818 417 768 1302 364 349 458 1881
1015 1804 1022 795 1300 1251 1343 876 680 742
586 844 916 1443 1094 1542 699 298 1252 392
720 1860 692 1203 740 1887 539 540 1762 334
1467 1744 846 1183 1323 602 1633 1845 1838 1492
5 4
5 5
1 0
4 5
7 9
2 6
0.5181654209119734 0.8581830798562351 0.3059870492505563 0.8304322520057368 0.49366067038691486
0.6517409432072083 0.7806659635230742 0.5483485291103565 0.3531799926658596 0.2740435488407795
0.86677991896843 0.6244594043746419 0.9419106126791321 0.9743478273290396 0.32986383348818415
0.6812267719434546 0.8311264944130632 0.6638411731236284 0.47028628171054604 0.44664006009855217
0.48991664260199697 0.43958258377631615 0.6933206217275534 0.826315363683547 0.35315954520654447
0.7686345672231405 0.7571405295146059
0.8634050961977615 0.3596213668087602
0.33626892424006427 0.6988540283195599
0.55907516098132 0.014048214849449625
0.6444069288974681 0.9676738603982349
0.7104237755851541 0.11523608130270846
0.16625950523385846 0.07270933559736203
0.9630543816421022 0.7981351643296006
0.9664697267486864 0.695087349189252
0.008682001800681904 0.7782323754332108
0.672411991484912 0.39506080303280244
0.10755136983213243 0.4523886444361307
0.8448658040085257 0.45486645426501005
0.881898803445871 0.8365762062572331
0.7281592440182849 0.3046101509934227
0.4616262939515039 0.2782788242566794
0.11612075877384664 0.7695855053824694
0.5852964146222868 0.736337742365601
0.12213530251289817 0.8785998919523013
0.8424293100132147 0.8314112226008425
0.6110373981562847 0.2818652799956194
0.29968872930440527 0.9957742359796937
0.04545683040203374 0.4067166381023939
0.30766142145550157 0.7606302384348169
0.02308013513879348 0.6597164122801609
0.939531876112029 0.08799027290675498
0.18043935943067702 0.43575393079408187
0.0474538094985526 0.2953450655147136
0.13536772029574218 0.8995405077753187
0.6698036984423235 0.3536961999348356
0.48240731793147074 0.16872207184205745
0.4309044378536835 0.5937709223177314
0.4561681365247625 0.24462193533012622
0.9097779605899456 0.1813538645081263
0.9431459117029148 0.523604826275933
0.5546351999958044 0.7761998299869517
0.648523451978982 0.24200892233693283
0.3444363948757907 0.5251293108299591
0.43662689919631004 0.6922284411289126
0.47144665426422083 0.6872063293069597
0.5565907048403249 0.6138376453653398
0.6980455702528063 0.4417786786838058
0.20017027194518944 0.1316988445705234
0.8677686338722359 0.30312261369270654
0.3188364949644922 0.8319246973227481
0.6293589777038715 0.49172354869013857
0.20085099534724193 0.540759888992618
0.5877214150559502 0.8889657221250729
0.4988912161346508 0.11501320487491995
0.913179396871324 0.21472073674458603
0.15019439628601927 0.40741289887091714
0.26120383675716075 0.2253658354141097
0.654697216523243 0.2321517226501877
0.45083919106106807 0.15653724903834565
0.7985868911678229 0.8637174540412043
0.8713408201366943 0.7226587004557028
0.7497982303454638 0.9483663877457669
0.49168360599743033 0.34041635429495964
0.9395891311963549 0.8606604149518104
0.9955462610326293 0.3519751084405953
0.02065104022950348 0.7904868098147599
0.32442515394240656 0.8565033233516808
0.4285143320146021 0.8869515070489524
0.32203695975110525 0.23963021782677685
0.6458319340885383 0.027541823014928912
0.863286754960187 0.2364818980600223
0.9477666183156708 0.5014471689216331
0.5704333321878057 0.7695743197149612
0.29908911257419457 0.1338242881688747
0.5825781550299474 0.8131745154051271
0.6229315328011575 0.5508626526132825
0.6197835244248473 0.8527550701533919
0.10044395216847146 0.9983718206784804
0.6576351277736143 0.6850925131931109
0.26678754114229486 0.6989037103270468
0.21432254155462704 0.29205176265136834
0.8927088455267436 0.4773296398847853
0.750416536520268 0.6775518727292651
0.2122215433310255 0.5956566054033074
0.9729393696879707 0.6216533269676194
0.7257076746447018 0.32150730608313083
0.5149056495580699 0.9303212090836874
0.652183155360085 0.569886674767693
0.7978743428252788 0.19932585712569728
0.6203346059815145 0.7781598338888944
0.33934407886511564 0.41592994629259916
0.2738732975224014 0.7743823108652119
0.1638053998289113 0.26671173244933044
0.3471851326557511 0.7980209766181965
0.7811726936897898 0.8617019556957284
0.44743516893058954 0.34196380536304205
0.425055247346646 0.7430075848114988
0.17267554014896702 0.3139094345869613
0.31995396388735187 0.7620242125452095
0.8090184591371725 0.032215245715740526
0.8472151016535125 0.002776829095654243
0.4783968561890173 0.005037622163745148
0.26455878244867526 0.9521371147717566
0.20714895702300806 0.6678164765653998
0.7553824719685425 0.61149093227355
0.6064371918816305 0.749505754534441
0.2266417727380301 0.5117100011715616
0.7428726463915591 0.8277037144659329
0.5703165522829603 0.46087247694399003
0.0014511005716530967 0.6003900267803233
0.04618111132701008 0.5423444140852853
0.26516336561240816 0.8429279403703811
0.3625017182769228 0.5196525890192525
0.6256476346933126 0.7754577483327978
0.8945353123351645 0.6426566175991033
0.2870350810177844 0.277268734673493
0.5221325495187834 0.684626372452352
0.1578429236730836 0.6968585122100956
0.0984809684371728 0.6437570224916882
0.7676192579955541 0.6811293173248365
0.408332490475257 0.5175935915973686
0.1665795440215425 0.8327955578706567
0.14271295623417135 0.6063115569997379
0.34544519066118884 0.18839627519511115
0.5446386347530052 0.12032298960757282
0.2696254753601004 0.7736127817448872
0.9327507267055086 0.7308896881344278
0.3514435109599967 0.6927662726767359
0.7342415877070019 0.9408529347211028
0.19264695963006462 0.006812608796247899
0.25460992798119286 0.5302240055127168
0.5164722788603775 0.674165454353852
0.9695418387357819 0.7607851533387133
0.2175714872906287 0.5884387499541452
0.707136735229595 0.9988163082629655
0.6673567064986863 0.5343508106873236
0.15775703458397028 0.3562646561611018
0.8906962584510434 0.2396003140017302
0.35016706075835224 0.8196963148987209
0.5468928332044884 0.012599131308701272
0.979256687973548 0.910185470671216
0.23245337678311095 0.1410904364773773
0.6542551916955675 0.30654026717533456
0.8287808081531585 0.41766981389070934
0.28133075825722553 0.39225009932654653
0.8509249731368853 0.9526046503683137
0.9054399520133058 0.23326738636906819
0.6528022192824345 0.34107058307107274
0.6639786257120492 0.48523796323793267
0.8713300309557743 0.8354025456572021
0.7102375384117374 0.8498419055455719
0.4497170350553481 0.5819788870646005
0.14899099774072244 0.13338567142364144
0.5699825171486477 0.14023707285317832
0.15775113512920913 0.1794984264869457
0.8558441761305393 0.5226854013621534
0.0827628392306079 0.5856920030267856
0.7367250992999721 0.7765589043328462
0.9325139150455399 0.1675095193866929
0.45245943268375344 0.5410704248625862
0.7023614301752963 0.8216135607426591
0.3148601796578028 0.16591509173146957
0.9063089938480886 0.14184124061501246
0.2768980129036276 0.5986988359576138
0.5122294712981037 0.0884291989236472
0.9059729909598557 0.5608611538469206
0.12247533187282866 0.42898895680184546
0.6851329477366597 0.8596970688538765
0.8914834539373289 0.3780501291606366
0.20215040521901484 0.18044726927784094
0.8855259584986612 0.17861462901263958
0.6839562348327448 0.4000381912345077
0.17704840952230017 0.5739223770451254
0.8330642824093022 0.4537375098212604
0.1960757303951215 0.6374121825070316
0.41219597453976564 0.9136926051745977
0.57003059200972 0.22289134214128858
0.6572573271809952 0.7542445795441819
0.41597370147633295 0.010840043821927159
0.2640611081544111 0.2991842412356409
0.12831314519840298 0.7261082838644357
0.4546344445857895 0.19607532261066396
0.6984124380254484 0.939866230772453
0.3800889661810034 0.9742191763622172
0.7946094924838569 0.43460423666370307
0.06428336619551023 0.006953097968486643
0.7227494714688278 0.5797518855430259
0.7475111025273697 0.13434583954477342
0.3458436851956215 0.31728787194374775
0.9219499353649139 0.798117250066247
0.30140279666679026 0.15594868135850026
0.44293518562768486 0.5557905131154648
0.7568824233168374 0.04690506465711719
0.6936532967244977 0.7768517407461137
0.2858890878414031 0.13690927202601944
0.362044515331275 0.3006709896487385
0.2587593218688857 0.7410229856681216
0.9906370482469307 0.6540586380271658
0.5880747441816148 0.9459526312701481
0.2565021374948113 0.06696345620041178
0.8590635800018438 0.9262260590389553
0.3967646097933579 0.4439584255105242
0.1142829325878294 0.1986238580996258
0.9940946845334158 0.7572890743312264
0.857048992858096 0.1952314894113052
0.702533349368722 0.42725054257478456
0.03960924704555713 0.2728387475780587
0.20911902279178252 0.5894283997340379
0.6748787629187813 0.846164403720014
0.4799758884211014 0.09770338157681469
0.8779377869399281 0.3574696794810499
0.7793999966554501 0.36989729630680745
0.610055592754623 0.2423863466787992
0.3058465531721861 0.3939486343422647
0.3998735398184192 0.6673428377018009
0.1781012757700784 0.732712916360915
0.013093227968662857 0.45879511092757674
0.18776616564775894 0.3927548600232469
0.7795637741345487 0.6873955483098146
0.4302773445014003 0.2753747611086783
0.31455680337194325 0.3891291177228824
0.8906104517224929 0.25732079387687734
0.6520310536722362 0.7658832007080485
0.7858881404384477 0.022501052701677127
0.7584144084244369 0.6282946485646927
0.027630669661572904 0.26975328697542644
0.7269034306973521 0.3832077129095597
0.7782842137922861 0.6614173811361306
0.40564543660935626 0.9753167839263712
0.5419266556283422 0.13858644921699126
0.17500200645538433 0.8837274841246123
0.13698133879212349 0.08177378763522913
0.3826923847453665 0.5297131066752034
0.7420379660602381 0.7650544780975348
0.8492728884487626 0.6448393582121015
0.2360343796811495 0.2675338772863549
0.6398814295278163 0.15599023071238394
0.7174092562801495 0.37505021285036055
0.059527066362483394 0.37480103346397
0.5509817664726442 0.36297990188231943
0.2478380118073371 0.48750385760032766
0.7761666740043212 0.9931035143260349
0.39358033304819173 0.3984104046945143
0.21494115038143513 0.8113778185840788
0.7069498054045056 0.11390392669032767
0.6468355220233883 0.6339975609411559
0.7906198295110611 0.21188983583199827
0.20664246658823782 0.8198490830170568
0.1587872527719949 0.09999058485998757
0.10462380145023475 0.5701859049904747
0.007296952550478242 0.590828600915658
0.02468857249220302 0.8802278513857682
0.7807294725748226 0.125263582186514
0.23937849129695454 0.2378510405647125
0.9527821256387594 0.8438426943621276
0.3025426169192691 0.8165400073997382
0.30312570469201994 0.15213791192854664
0.6929681798374496 0.2989312285168837
0.8463726864342929 0.24958428508041797
0.5426930901067468 0.43615790746639527
0.5086857540806895 0.16311108654551054
0.8200095354886145 0.9908568636213113
0.4300977811808808 0.016120277496856295
0.8678444688542113 0.23011595394117168
0.44684046164472435 0.4488514630771854
0.27551238013467816 0.1918522214714895
0.28303399907067694 0.22810606921474585
0.2839139557458812 0.044765488025529265
0.08629234131713814 0.128489690980661
0.3649304962805535 0.8347394314690357
0.029126372780598597 0.19317755512119006
0.23542220223292354 0.709507321647622
0.36374898520291077 0.9896447690333356
0.2178379532502004 0.22876993159969827
0.934321943962193 0.9179452722168819
0.5484264310992446 0.4795565093271328
0.9315538308630507 0.19609976200290058
0.9242443927111852 0.43230617755366896
0.11523345949710007 0.9493242902659593
0.8505520911581195 0.7716824952982335
0.5212976792036266 0.6596873017427958
0.8938735287926562 0.022365250000675907
0.5386164098080206 0.9523354057810596
0.8434793010888404 0.43527835473730914
0.48131850635278717 0.12168073442199923
0.33034972624747017 0.05469996205527772
0.5557375226107626 0.12003442976825496
0.17056003362736893 0.9778559618562799
0.6990088741084548 0.5072728250375576
0.22148923118463482 0.037234038024170246
0.7905003729266125 0.8634325094917872
0.9191056091321299 0.4985487777506863
0.1434072146661165 0.44994135484915554
0.16220315479716407 0.3707560086191575
0.11476843112392676 0.6663581522486246
0.056546148903249494 0.8826436402542666
0.919639663666936 0.6019268428766509
0.758071633518347 0.23089338343576005
0.9862156934392059 0.10515349811473529
0.82501181789483 0.15505973169515985
0.9120259703921143 0.23409016934552507
0.711257738941182 0.3991282899969033
0.3514094648069488 0.07121238338407498
0.2831895090809482 0.2173089121383378
0.03269375656979823 0.38911580417168845
0.09057111818704633 0.9380949780587287
0.8218301895210818 0.3192746381096905
0.7814485492268681 0.1741412402428264
0.948833957468308 0.6078288259407658
0.2774260797716668 0.9856892584463819
0.20997529089794842 0.08893650341048764
0.7740224655579799 0.6639241570687002
0.49125952486334645 0.40589128710648614
0.3294535246662966 0.535494698810115
0.4756350261200244 0.2362827748092604
0.04930450415903831 0.8924557110662137
0.35441334495650745 0.09039617586744941
0.4957573331262748 0.6575298057134846
0.4523656323414642 0.4215814701795009
0.256141660138397 0.9281008257246846
0.725996847961067 0.24283278799214192
0.5123243197264069 0.8313734902017476
0.6535026754867574 0.1423947986148486
0.6853805596618987 0.6888776235333574
0.8268546565570976 0.6016246647543018
0.13329967625001227 0.7543640702758858
0.013684139931992245 0.5039420359477105
0.9560548597633995 0.8434963412655534
0.17954430019047707 0.9346677041103988
0.9403453294065514 0.09242470642888945
0.3595439899538786 0.781058177337014
0.2404755988560079 0.3665935168145691
0.5518618883673163 0.16615118002553797
0.09811540530537743 0.9148081872944289
0.0767239449553958 0.8483221519524391
0.6018816001334004 0.8259555630002446
0.6993068623143617 0.2471295643080702
0.20470910618234806 0.5732026662331198
0.7808383910401266 0.6947942319043543
0.9325751073281854 0.30692674993128244
0.19177476104908764 0.5593101976692934
0.11798674647403051 0.8007223557408398
0.4545641029231362 0.4374202924574926
0.1853161933402392 0.3027791186990212
0.9820343183298741 0.6509342982366553
0.9673370490386497 0.5841186741728142
0.009585016525632373 0.32103399637792296
0.8090528792900822 0.673841920876664
0.3345503819429856 0.42474687668378097
0.9194180233864577 0.05435067671660754
0.9442008015915524 0.585145214325425
0.9902649264007943 0.03547934138132214
0.3135802547614952 0.9771944412100704
0.7726166499474076 0.7443506968051619
0.9885959973920613 0.6670877767155721
0.8178792295926398 0.7339247765629702
0.2961838528281755 0.007577300172153523
0.985604621321055 0.898937472683313
0.3137869113249194 0.5896959057431264
0.23443998218591555 0.8293207982037598
0.5039794043263723 0.6106331957366955
0.8762117772149263 0.4944018926019449
0.619406625023085 0.6272271653008197
0.8093828487985351 0.9297860500547883
0.42860026797707573 0.716559222645051
0.6954088520744148 0.012682834314621472
0.13035640700089046 0.6953557732804134
0.9576629099784406 0.9477304765166223
0.43171722957510994 0.026760711342930676
0.1527217641401657 0.11647844559835407
0.7372637522946173 0.3123850017932621
0.5773022325950115 0.4592732793459786
0.03494900074409513 0.6284336437108717
0.3128166225551159 0.18744950054786003
0.3156214041922216 0.05430831876473352
0.6596342128954245 0.5873409863123511
0.15071317406153728 0.37834243226740516
0.7483583679210468 0.8587401912468609
0.06565704739927236 0.04153021820497571
0.5757730137656423 0.17869713229490602
0.3510435088490025 0.44561521376164914
0.81189326071138 0.5626467742336339
0.5766126941162604 0.8871900913352244
0.11885664738748503 0.3010487009720164
0.34827648360807695 0.5708647029283889
0.7091676284410948 0.5245100179150683
0.07856802004663654 0.9520182888267767
0.3895754179171764 0.69959206057156
0.5913029876836495 0.4084525481864174
0.2153295465382994 0.695590045566244
0.2849664745667455 0.4024743802543258
0.8954641545959192 0.9281176949953671
0.040441586788013906 0.1744363151274091
0.06893496908203844 0.256540430068382
0.4441329612143592 0.44347776282484186
0.5057204360934819 0.14237008055602418
0.2537201986954156 0.05161641111145898
0.7084734851763332 0.5692055858148082
0.12984558958919412 0.5993690931094016
0.13882091771941907 0.4018831074317324
0.43711793046738245 0.45840600932981745
0.2199912539251121 0.2949949668775387
0.9513918715423542 0.34869460196873203
0.41743951778571353 0.2967284979013123
0.8555539076506227 0.17542770451206113
0.8604877847128123 0.7067099204298279
0.34935524950873553 0.7722376830468631
0.3935762593842862 0.6160698359545078
0.00561811092858111 0.5473163544915125
0.4420435328650201 0.016847101038337975
0.7607893259721872 0.2632642653219164
0.6610984078744404 0.30135994818456213
0.24614305028096872 0.14311129100776654
0.6134145602610437 0.8224793853785426
0.728386537864748 0.7374439553342023
0.7473645527071162 0.05086378294932614
0.3466878935098485 0.31697746717439124
0.8532167783478186 0.9989931549178348
0.4696361727497709 0.901572063232523
0.6014109226763911 0.9024196235069737
0.1933142966582031 0.8765959261452947
0.4011170619283688 0.7216296371743982
0.38634660058839776 0.44704311798724716
0.5581868022067848 0.8714956529959308
0.8880964798914475 0.7354615811445184
0.9519778438310802 0.4700673193694558
0.15533107272578728 0.11954885573865215
0.6394727351890248 0.44230496407552966
0.64058839298926 0.8529708617809899
0.6562252756908495 0.43754015876431285
0.101285814334793 0.5442381114337542
0.9888122563712853 0.03909612727257872
0.3702900659133881 0.9459924682918655
0.478760115140066 0.042617185984021644
0.1311807922094177 0.9313668746251214
0.5318393484164139 0.28249626948149253
0.574540208383419 0.33862137965324934
0.08186650312406596 0.30001313804187
0.709805377426264 0.7273208362513333
0.3114514292084176 0.3081958285378388
0.37150713072566854 0.48438289551251157
0.25717719391725913 0.005559733560227542
0.9130346451076103 0.2153310817664913
0.6819944364955044 0.6687627677776895
0.2926785469767874 0.16871840083968492
0.9406719805483741 0.48764605727032717
0.3076138059719977 0.12448843617996741
0.1283398052362028 0.3328847358737703
0.03005453444353212 0.5793074921542511
0.8594201296767325 0.7264868815248402
0.8968569195510472 0.7276519941788517
0.03977214310842392 0.5289570422920626
0.3978700590790405 0.6193842883362364
0.45859996047198703 0.48598954943356776
0.20964096281834754 0.44581712444996113
0.44244542588792624 0.40780475528465265
0.3971939062204335 0.3009362689613919
0.979001824053017 0.2130617393327141
0.12855275321773973 0.9045646755607988
0.6203124526124548 0.5541427029071664
0.7740673879448967 0.6009442647141845
0.6523442999040348 0.4331559377905625
0.3535704739770369 0.9003589193966288
0.03396619632411979 0.7137550084021649
0.5380899535609649 0.7812855885790619
0.11134497838899748 0.025615637683244374
0.9525481239958669 0.37143671348587093
0.35767143853007566 0.09356764810383078
0.5110064982690388 0.32328913132754744
0.3702470694841964 0.42935188317726847
0.3682543988378808 0.5047484077769271
0.42896177766785004 0.305775565317294
0.5940975433935669 0.7572715021092549
0.5171760892698751 0.7646926994128822
0.008397160868048426 0.12262729509555004
0.12853576860653493 0.43177825441138507
0.12449539621443484 0.39540939852577495
0.6406370026842945 0.8129191897795156
0.7939334748974654 0.18181355783543274
0.7454525823222564 0.858051903480122
0.00836137102036738 0.1864180030679885
0.8519239130094547 0.10317870949803232
0.2072217588591836 0.45073006965054097
0.40971706956780385 0.8660726368518916
0.84082196385699 0.1783482674102672
0.2321775123047829 0.6180143939726137
0.5132229516956377 0.3294586475396555
0.6591636070899118 0.6771511413844091
0.873795010343859 0.5062784801923919
0.26470712773452254 0.8868899153977536
0.8719650393861862 0.40080588292826125
0.9584362456381872 0.07163575187855775
0.8182609241001875 0.25627777333485313
0.46837254355236135 0.31407506896377013
0.5230385158156083 0.8308101077024226
0.25087763379328987 0.5293694442565875
0.8739092252895639 0.8438187011544152
0.9144671665065303 0.1555806548533356
0.9587672836729924 0.726224310874851
0.8558138692134765 0.07127096904609553
0.971329160128154 0.2699929477537293
0.12161606393321489 0.8811097906863565
0.508289145097041 0.6609758475504981
0.826691210222114 0.15781774187442643
0.5214718075202136 0.6319739418939649
