10 2 100 2
837 849 694 649 884 907 769 760 747 915
791 686 863 897 981 889 1025 746 735 902
865 760 749 707 725 695 842 1051 870 904
706 808 706 933 748 1015 1076 797 1147 1144
628 787 975 737 1074 1013 947 1008 1194 965
893 688 703 761 862 957 1228 981 955 935
919 1072 856 880 1214 1216 1177 1111 1304 1321
815 987 888 908 1183 1074 1183 1275 1374 1497
835 1091 1039 1023 1070 1369 1239 1479 1550 1424
927 1053 1126 1103 1265 1452 1249 1830 2005 1552
2 9
8 2
0.4564171871576831 0.43378413629753626 0.6573823381978829 0.7847139156305525 0.23586422801040463
0.18988898202620952 0.9512252955693912
0.48426724271428245 0.026817005284716533
0.8848826578786404 0.6308432593067939
0.246541942490222 0.791710310076772
0.0678016276284008 0.42342176916273155
0.20532686317713833 0.07728397557653799
0.7255595464483853 0.8336459389720066
0.9002621160160011 0.3245299080701425
0.49456316264769207 0.07963693998435084
0.8169183740264865 0.15612962215548332
0.3462143537841116 0.35581828933536475
0.5633787737147222 0.28632137638587585
0.37822524403746205 0.3958029203183271
0.31973460452192004 0.7135538716853964
0.598214795332958 0.21701036027274156
0.36237350374137134 0.8055532228068412
0.6716327054894777 0.07575676943531917
0.4313247541096603 0.6387409676878053
0.35950915822004426 0.17950829550802982
0.7501021065953972 0.9946846539424223
0.5896258419415692 0.3966248844414526
0.8293861269497347 0.8665143248876799
0.16255198611116128 0.8844498660720559
0.027936450129730117 0.5747649207618444
0.3794963820025987 0.6282035669615804
0.47624774770289435 0.4700864934696207
0.3170097770115896 0.4962488429572829
0.8483783992540503 0.8567603929562813
0.29592624963221814 0.6002733677782348
0.37456104764731046 0.46313683340323375
0.530165345868707 0.8312682988809057
0.6453924421670287 0.5593708915749653
0.9341300064929068 0.5524975956612648
0.35451952913311224 0.364652869087118
0.7973203608606012 0.03684928021488343
0.6313865342869622 0.5669104100014539
0.39378900212800727 0.26235834321403395
0.8887783846786579 0.7513593062496713
0.09565955280809835 0.2721154853900445
0.8135294984339296 0.2245829822721339
0.08272170291564662 0.9356598096629893
0.5390201069850158 0.7387841761138989
0.07477080401531278 0.7142926002085952
0.7957629666173347 0.40563936882945506
0.24771624103842882 0.2717485609278858
0.5424535127302246 0.2817394089706666
0.5253324988880081 0.14157280120743665
0.48926957352088185 0.022641186474836372
0.3561677679700874 0.38536421550694544
0.5473145747656385 0.7116617698582615
0.310598066679425 0.777373120571274
0.5158063154167905 0.798659996963689
0.7184172534366211 0.7078088759954175
0.39296081511956027 0.7680482981663492
0.5982475694026377 0.811074965406666
0.6519568917246052 0.5263209986321349
0.7773069657205911 0.64343833476954
0.4246879639180914 0.9416926715697842
0.5454750876753578 0.758457959268942
0.7506325424835723 0.16126458773856678
0.8401908456322811 0.4933550107681379
0.7081581734137659 0.9182989981120788
0.6263126344507128 0.9295624193837602
0.7254851870236927 0.7099256784196002
0.3956426052976596 0.8039708770982734
0.19058966890662266 0.6550007703646512
0.24675301956287798 0.6502023309574143
0.4847769554133634 0.42543294633607065
0.729502152182687 0.021571842352514192
0.044368504718259594 0.1760778760481183
0.4379695938463821 0.3964023253521263
0.3761722115968147 0.4738270060788208
0.893309074869763 0.9870943981968094
0.5783432608584433 0.7509924773749324
0.7781497953472702 0.9212253951154938
0.3634313311355226 0.14158880702800358
0.9169127174651877 0.7075340982533851
0.7982062483385812 0.5276583981927636
0.13248785768084836 0.13484062641695926
0.18365899511297723 0.3987459769724613
0.5456516787093524 0.4710268691207442
0.1933101462937834 0.16171268245118142
0.23064552178130837 0.6171437155362378
0.5200286145622885 0.17146946358102655
0.6227996027097777 0.3037707367400373
0.5388443737139192 0.44034527633825715
0.6350658032396248 0.2748544309666696
0.17236608007565568 0.18587518822119997
0.9943910506222737 0.3013289167584674
0.10866047098826392 0.5533893829980054
0.8257643461330377 0.945582797247458
0.7576112938143447 0.9357468424963074
0.18561348672578415 0.1821663446968198
0.923168826476473 0.8664045774396805
0.5494571941347135 0.6443608417461621
0.668179908116908 0.6111732560703442
0.0823374010010558 0.3764252836102857
0.5367482247666613 0.5933466226743467
0.29843079072666545 0.16812124909815784
0.005952023749029589 0.34541827348552734
