10 5 100 4
702 721 765 840 838 836 931 844 864 849
769 801 759 819 901 910 1014 900 884 862
804 820 866 873 912 1002 1167 977 956 903
816 814 915 937 999 1141 1353 1105 1065 945
848 888 971 1029 1146 1294 1641 1303 1087 1061
898 965 973 1133 1356 1590 2442 1664 1332 1134
871 909 911 1044 1101 1338 1629 1336 1158 1069
803 844 847 982 980 1109 1321 1111 1027 930
748 811 817 915 963 999 1087 967 953 868
784 746 831 860 876 918 989 925 845 844
6 6
5 8
7 7
4 2
2 9
0.7539753241489899 0.8562991139381575 0.8860018441500805 0.4813190077324906 0.10354950667231622
0.7752443457903028 0.6444199755014998 0.46725515396147105 0.7036720147151873 0.1524542974703608
0.49826481665479483 0.5962928109239289 0.6701418107791965 0.7711861707552812 0.28535878732962716
0.32109016210556335 0.6331827360136142 0.33092140226638606 0.9214410920838236 0.16208451342443989
0.3710399862906162 0.40346924038374343
0.9260348538144589 0.38490632010551207
0.32211659626432376 0.5600906374980006
0.4905130573980636 0.7968506438264793
0.09445917047288721 0.9265403066577833
0.3698680497119926 0.7975373103660159
0.34542281420216736 0.3370987243732677
0.1496697259372919 0.817632181488015
0.42791857959321233 0.11498717059688457
0.21429601245320717 0.44915839630394516
0.9388478769425808 0.8716168914655646
0.1722996274853119 0.07574695712016588
0.981293399020065 0.9622796727267924
0.22249590118754203 0.6865041264657932
0.3702136368971889 0.4484389299769811
0.9071726655804757 0.8443297282231945
0.7871402447442828 0.37822562566850215
0.42797720097808845 0.9287431572921852
0.8810234515276887 0.6580539962596603
0.08508435325531805 0.18012657420564082
0.16269782655057297 0.11034059263188611
0.28488288748808643 0.10228474244997621
0.8604442451939869 0.8208039700345424
0.632343061992537 0.07725915871198685
0.4781431443973636 0.5715670265882733
0.08665188720251948 0.20223483451994406
0.5205554687730418 0.17902906696616228
0.4222696907794363 0.05849679366135763
0.24380005021964757 0.15056699725621336
0.058456268516265286 0.5403674428512046
0.0752591156194784 0.11186303280495302
0.9052202562543858 0.14252620717943953
0.42001618294245713 0.8201340004096782
0.30465110704250775 0.39853561547001015
0.4524851039155078 0.1274552263297224
0.1256868583095363 0.6827493797172661
0.01685541484918618 0.24100312607366692
0.6340504365940716 0.3424948424380898
0.7998660950774634 0.32978159736262014
0.9216289992733331 0.8113923985992904
0.7924137886374836 0.7971944021207871
0.2628512987119922 0.1421875872737579
0.058010991619127594 0.9553230027560404
0.2961022603073753 0.230162603311709
0.5647918997321648 0.42695952174829954
0.2990634567450299 0.8620733425852507
0.546342172787688 0.3645428224494458
0.6215662310314432 0.552102426770517
0.81089861784026 0.5011609401487658
0.5335064084265371 0.4949293187092625
0.5649333107494272 0.8142008570297721
0.9168989408345585 0.5420189385777334
0.5712570697466637 0.680398495088155
0.8015739754057263 0.6742923155502705
0.6277128919801007 0.19851969392637492
0.9329867537064582 0.678007354140709
0.5327301010861745 0.13541633384901397
0.0635832240747185 0.5434615889827874
0.4496067952422238 0.2769598053452005
0.7114064872785413 0.8980496974818359
0.08601940530855656 0.7605334772073136
0.9188986819957896 0.10444753998377343
0.3515454530074764 0.4069496029896351
0.5490095013585201 0.0003735106839717339
0.3982007954971538 0.699307190213311
0.3734456827400763 0.39904150839885677
0.23317919293674505 0.9778308755784917
0.9943513460066993 0.49229175980712236
0.7000529367562132 0.7190303214021949
0.03155304287904137 0.4717481285676992
0.42320573393090966 0.4076750671598075
0.06467609580200873 0.5882235827182023
0.7463272954321027 0.5506537042320685
0.43683985017798554 0.8844086488230398
0.3104969509356006 0.4299594476397146
0.23392298009370194 0.40318477764028704
0.5187609956710331 0.6098941489730714
0.9438789205229978 0.8906921271925079
0.9753446575141367 0.9743821936303176
0.5707089637951155 0.30559076964027687
0.6215288995212795 0.313833824676661
0.800904348427824 0.9919073465692991
0.40837012314447785 0.05382567754967571
0.948753922703979 0.8549114360562635
0.6828177522808072 0.5456725683837453
0.738856402649696 0.5739179247273212
0.25816180413000445 0.8607154777344845
0.11498281860294446 0.23024722693410027
0.8725014754372882 0.4231735994127721
0.10839883304294573 0.2960651921065087
0.48225547606307995 0.4631969748313509
0.7560977066253971 0.6717250196163593
0.833796051818599 0.8365541928062625
0.5963432177629364 0.0257832711289272
0.5495480944537436 0.6520836381842221
0.9245281533595926 0.20302768207734245
0.866422841203466 0.7220970290375079
0.07910311470881726 0.07384638673819266
0.6002458196082148 0.7919020616212669
0.9492115475996512 0.7652828341894278
0.016838798437920577 0.8274042088547373
0.025983121412424426 0.349545136915588
0.08644031260654961 0.8515722171688589
0.8011340944890109 0.8553218863398064
0.005565985209155633 0.19717840901413863
0.9653202386093025 0.5548353148411342
0.9153208702684539 0.6929336389775596
0.7575954517029084 0.7441985423776367
0.130992438689727 0.16644775215024965
0.6907577993292036 0.5641082008881215
0.6898914235688014 0.8895555543832947
0.18712456103351438 0.07936202705867923
0.8296877456034819 0.6528672802516378
0.025834012367027315 0.34030462896897995
0.23095619687864732 0.47429179927409737
0.8533863302120097 0.21188197486133498
0.4752316425610359 0.7298931601137302
0.4761632795210695 0.22072223219636045
0.18386336166927109 0.2641063565558879
0.4841770783025727 0.12414784205040985
0.2518940638006444 0.5477361951439004
0.3316226350336755 0.4367145636285725
0.9217140055239235 0.5609409809391368
0.24464211255355006 0.012811258492775757
0.950423919900599 0.03347995612467258
0.6010467720928345 0.7915224027019634
0.2820837793768731 0.3313225543714917
0.42553427411236866 0.9333743058664579
0.3939356630251516 0.9280088760449481
0.9132887468310285 0.16219442019699115
0.5261574952037211 0.9537985560299433
0.04741082972224864 0.3082978293905976
0.8543554072995108 0.713568885051252
0.04617848990247286 0.6067381038810538
0.3935935520968954 0.4016709557971201
0.8608932590873724 0.7846558890683297
0.39230910554729737 0.9444362076009303
0.2594580975518064 0.9124841975625224
0.9753087857766038 0.9666765854724615
0.1475196378140009 0.8105339037214765
0.8610710954735314 0.3572668668275121
0.35952039993321794 0.935218144294176
0.3460453571181423 0.8345193368485566
0.7976118494723963 0.19137659282478703
0.2884874428992068 0.4772514075172325
0.09951442892040507 0.21643439338593629
0.31781788375874775 0.3129034455108064
0.38926479436337424 0.9142659500777446
0.4962805238998307 0.9494816711663205
0.054064138551418006 0.05325983254683542
0.6988810569675699 0.24462798944451314
0.7357185574310947 0.5845060482468885
0.14862851853445713 0.9811973447450835
0.8137120949220584 0.21770120629069556
0.858753735386576 0.4775979738726639
0.07172459348649385 0.5580594953416644
0.005367925246186234 0.87161181795348
0.5210205167060904 0.9546416985651498
0.317689118297684 0.44003528555431193
0.7759671633940455 0.06060946089764063
0.7633602537414363 0.12954264696874995
0.035793605249270666 0.3101256860700601
0.9338245477484894 0.31905151017089106
0.34575245876633764 0.9483296054941901
0.10408978169096827 0.7424633551746129
0.11518933839616485 0.6434043797772799
0.11949604827860627 0.5109262465394337
0.21118546180347764 0.783816052723634
0.3899330534957537 0.9573918151484704
0.8502413422186201 0.16882232063454894
0.11507485784007043 0.20374726709642732
0.33280509975577965 0.786098098042556
0.6396461762785273 0.3707251593961274
0.0026521953114835295 0.126236308219563
0.8440123092410918 0.03704895600221647
0.8235993240915924 0.39681781354964873
0.8308361863968905 0.2068421790845829
0.3504797349530502 0.2999737409445036
0.3722602746335457 0.26203344754403224
0.9273712578692594 0.043197119286872754
0.7318508545842428 0.7469283936559987
0.24662978520972012 0.7978238775370217
0.9725486815115245 0.033307113132450494
0.767702431910086 0.033895220934770265
0.3226087844649479 0.7610939811712734
0.5248926593884902 0.3562763792562753
0.9127913399301226 0.7611645753655212
0.14811325977668832 0.5329846427308778
0.3275764426038803 0.8672520470912493
0.8048582684871839 0.389287652580699
0.25358191980894906 0.27206479237858483
0.6211036084360209 0.23695883299322595
0.792330632409129 0.23113713410793846
0.03736836025020862 0.9472093184265211
0.5294188320651572 0.3554420153272342
0.757882554458005 0.46965848109514474
0.8072985670774506 0.607850362255631
0.16054049831743655 0.8351232638990598
0.5036681887168863 0.0039056860708703844
0.8906566434498886 0.9577622778253532
0.3834020888440024 0.801761121984742
0.8899076750575692 0.9336563462708891
0.1329285879370803 0.9264088321823591
0.4899114399124187 0.7211857429945787
0.7748809495110491 0.5260443344074792
0.6766735585320114 0.8874135303149784
0.7264884270626226 0.9460296081383699
0.908784267581179 0.487036187895586
0.4728569925244015 0.9921431167251047
0.4120577959105389 0.027264015557775023
0.7515010766634802 0.7795841489365127
0.3813656285256559 0.5942605759436979
0.6257270896066782 0.15120610137936974
0.41538124192523185 0.4883259963561677
0.0820237196297795 0.15827935488511202
0.1992923009122063 0.7607844619405417
0.35961580988365505 0.0908539496037839
0.8993788489186205 0.687376705400035
0.47524212134481325 0.7284668584355989
0.4347013078293498 0.29642410361313276
0.9631347925680165 0.47246111040029626
0.7887567116194218 0.09477399031467226
0.2596705004857931 0.25696650805640364
0.25698876909805857 0.3398167232202016
0.029445628688284486 0.1537838403194074
0.8281419289728491 0.5146207986652955
0.5165820124823963 0.2324798694487331
0.8771872456576286 0.4919821134498976
0.013065967839948955 0.05411744338457014
0.08820877341092581 0.41229514464763106
0.9778159333463563 0.9713787764920947
0.7867710183643268 0.5883080434526613
0.011299081248768106 0.8926418292078895
0.2592338243647869 0.9627974721418822
0.17112445673445298 0.6977944084389296
0.24840767900317196 0.4084074920653338
0.08828687056942908 0.8104376639630138
0.42120679009528406 0.30525157906842804
0.16338719743139296 0.15234693754194728
0.7672406986876223 0.6000312496902089
0.8939568841635461 0.027528897047459422
0.39361910929650734 0.05213585498802664
0.22445978683110113 0.3687436534952204
0.7949403568206006 0.5634549818738064
0.005488949633781548 0.5262106802287785
0.7090626332185015 0.18481326480992677
0.24520863361995104 0.2781845324939827
0.16803295716167455 0.0786454681565123
0.28236723247634754 0.4412640217967225
0.23164338361916137 0.7472549009174838
0.032893077517650804 0.488593381269268
0.8950503698471215 0.41486093906221555
0.3959273139999533 0.20713770492097994
0.40821726457570273 0.28272076195324436
0.12069643361469495 0.08849110584125097
0.20736107533025505 0.7152406418437698
0.42644514819267365 0.8698547359467217
0.13941134398624788 0.5839204382361116
0.7852031464422129 0.3377564257818515
0.775024384120595 0.10599687898907617
0.23572951885005966 0.9053947204699966
0.13509577931440697 0.2176481176071241
0.6028975980316993 0.05087747735536152
0.4694182797798816 0.3489516111043054
0.7751171175678919 0.9425985245983903
0.760746831422612 0.8210330490004512
0.6758016229833317 0.5395787740546305
0.001054567568641085 0.6070297196574306
0.15012451788607395 0.6620801216192662
0.06302087250479316 0.8232380917559263
0.022858055825477397 0.9620596400059547
0.10613313694074078 0.8108318931769578
0.9106068628359649 0.8853919363993925
0.1609035213803789 0.014180784397067603
0.19203076301713184 0.25750335409323655
0.6896317327511188 0.13738348662869804
0.9250780944050911 0.2110861753415012
0.962823051914842 0.1278141763262417
0.7233158876186359 0.6983924425709673
0.2687274074649293 0.6255745087562952
0.09052273726291071 0.635495378645742
0.4133565868668434 0.8924799771391088
0.29379437456503643 0.720028383209274
0.7830082994834255 0.892259273655041
0.39253587190168426 0.7632785192746074
0.7216536296131995 0.9416202892376577
0.7786729351241268 0.3567683021180683
0.7349286243191016 0.45781804509230306
0.6069109755665014 0.1411897195412366
0.13067976981272844 0.42978505865893046
0.3451290869478636 0.9646338763616629
0.6047093915437523 0.05590113428277754
0.8928460302549328 0.2540345868326461
0.4251374566435575 0.7324952357491854
0.9950043363897731 0.3998522432580356
0.05480613531463252 0.7215707985859219
0.7976844240213337 0.5393723848348164
0.10142445235217323 0.3725230832840798
0.7669407189293858 0.9311930877334602
0.001116284849060456 0.05164831658050284
0.014389206460666104 0.19220287209581222
0.398881432004373 0.6243717184918918
0.8737669384170026 0.5542318561388611
0.3774588237055807 0.5001922303683288
0.5648402956105998 0.9053201709002272
0.08321435027950486 0.12665286353422167
0.9316529277323069 0.6436027901378183
0.07929012250545187 0.04634858365666439
0.900313627369745 0.2604527542796522
0.4119802992306201 0.9087162663317154
0.76467574119249 0.9413375671822704
0.9306749434983446 0.44194076901795865
0.913567983558665 0.6741848179751742
0.5605126289446771 0.365659953666402
0.5673199618196989 0.7339944034994204
0.09083984911545984 0.7973829585046674
0.3305017407266537 0.13620199791283438
0.40438359424497783 0.3412090171434492
0.36563148415977387 0.1093716357605461
0.9328152776976621 0.5350071951640769
0.614667362915144 0.06139950137822825
0.9907582934037475 0.5412810378137793
0.9369665318716305 0.1721221631294505
0.2690927946891153 0.892437610802578
0.5749938706672577 0.028883123914831277
0.44710031729985444 0.6311052667397199
0.8549043216143126 0.46726850102215156
0.4440761646603444 0.33805120366727404
0.6054659327146574 0.7210945874942325
0.9294375112071613 0.5784705646599297
0.29674635042879793 0.7343773019896089
0.26506760657748374 0.6369784050690843
0.2497634172728791 0.8901635229765992
0.88346762120516 0.4775418708907695
0.7314316026291154 0.06743876772086366
0.47105767792676656 0.5632027212694579
0.18031378094717088 0.7897228680034933
0.3207511409853385 0.33087043627201784
0.06627501593505358 0.7023687136437045
0.6770325113538109 0.01015917740948935
0.08604894675978958 0.20788639765027117
0.8578431760900223 0.5015920686417705
0.26302164950178586 0.14997924116402772
0.19241585188876886 0.5970430320219724
0.45708916539667954 0.3591423493402075
0.2640962103917692 0.15104975551890054
0.2810327600593867 0.8314251939566191
0.3682473157666961 0.24275952203793927
0.7897751559215136 0.5921669200174655
0.12511789197215606 0.16509063181144246
0.6558428466936885 0.16742474865492296
0.41363351426253603 0.5657649285519619
0.20937599182684496 0.8928160695120029
0.861018488654635 0.44761163696305317
0.6363790625407053 0.5375220157386382
0.7674194281017854 0.6512379090649565
0.7404871299905318 0.004010516891298277
0.003719057541649695 0.5442531698005821
0.2907245473169091 0.1581879754736928
0.8134080761234672 0.5778285216693155
0.17230632263133527 0.5269348358272845
0.22730136946824864 0.015773205000264356
0.9806101198675901 0.44893328196995563
0.7188635128864722 0.09924438749157627
0.1745638778827654 0.45531986082739606
0.19721560288252182 0.2709116181791711
0.5989510958839146 0.30121512355893887
0.5041563149093935 0.1788273206752331
0.27628502721600334 0.5831912909954786
0.9973473797425241 0.4418413697755532
0.4377138019905036 0.3411473886287564
0.9932862490139052 0.7449317660696686
0.9009114338446322 0.6762236149741139
0.9520161789425161 0.571664190037372
0.7119294156278655 0.7890699667291281
0.6974866681612344 0.4690062560366317
0.5623753332220596 0.7419753128262705
0.7866088590223723 0.7732701569858933
0.38536614027746974 0.876460135207056
0.036641425885330925 0.6899331541804119
0.057329610239472695 0.31332440257865724
0.23496764026821215 0.03041102824587516
0.8710211208563028 0.07361084865475442
0.7384780389079806 0.5085314081016734
0.47423522428497544 0.13200015286916522
0.7950197844645635 0.11008368511044742
0.09054907568810955 0.07625510113995326
0.27262542084829167 0.2336466532067396
0.8688829088600407 0.7369541119500425
0.25310406698862087 0.515234081314792
0.6703244716293684 0.046091375522038014
0.5279907021218786 0.23432684759379985
0.4871777401672752 0.04619414104419728
0.801830958469332 0.3293705735063248
0.12703903756875445 0.8363673967616949
0.0218585223079526 0.5304901278768483
0.5878939756877068 0.7104656741277839
0.22913706201094053 0.2901129200042514
0.449779227704298 0.8563880951131797
0.2918672114524188 0.6091174739730916
