10 4 100 4
894 716 592 634 666 1237 911 1226 1054 1271
662 764 587 1078 1039 1076 758 1067 645 838
775 1120 562 663 770 849 975 1430 1142 1453
1068 1168 666 644 1019 1154 1216 865 644 1412
1514 1687 1728 599 669 595 1342 606 1458 931
1287 1338 1214 1289 539 530 1416 741 610 691
1510 1670 1166 1311 845 728 1136 914 570 653
1494 1038 1243 1331 595 1267 762 1225 647 965
1151 1360 1393 886 1441 767 584 572 1206 948
917 1193 1439 535 1031 1270 1265 823 989 1066
8 6
1 6
4 8
6 7
0.6324052781877991 0.3341410460260197 0.9069265112106324 0.6549452242264067 0.4962380233672762
0.5529263368148647 0.6619516014779538 0.9696036059440689 0.3081994632562624 0.3748687421829272
0.6907346453926336 0.4180576406885421 0.5119166291974786 0.38134054203299417 0.4538695045985772
0.2655286184118557 0.888287392964556
0.7354268030644646 0.6419425017677816
0.29856164895539616 0.4436495826933573
0.02158075890381883 0.9774038718562896
0.20348677809459592 0.6648532557203746
0.4799249743275955 0.630978773420743
0.23477015092184184 0.9012685395988649
0.4385978550621672 0.3412454986256206
0.023155902549797602 0.09609666048056087
0.6776148841031451 0.5674913437970284
0.3799955673431279 0.7567914984065853
0.2982879210787166 0.7959004168635375
0.09317236089357639 0.9687236123567111
0.28661668771645643 0.27786827868588704
0.5762224051287259 0.4033197342039705
0.1696896537027628 0.852115530733943
0.1018919898647892 0.5812082990375687
0.6157105855169764 0.6862894365681493
0.03903039494916016 0.35242632452918543
0.14753173308748257 0.3237226215016846
0.4577049930692181 0.7571381936597363
0.36307719421443463 0.8804638696890388
0.19631536409300265 0.10695397844873789
0.39719315114222153 0.5354450154939021
0.16406371477518644 0.5957397443495682
0.0818872491968825 0.025102317501472404
0.3435503991388198 0.2637339891640449
0.7663359001467418 0.40727262749417914
0.5998653236205038 0.9415797720898977
0.7500951886833174 0.6393846199138014
0.6810500340386305 0.6641885347539223
0.7794467353085253 0.08372317786755468
0.6720046032771267 0.22019074123308768
0.799913026086807 0.17680525995834295
0.7910166648817696 0.7541447150410414
0.7393751665556343 0.1789600055766003
0.9321746813011795 0.9164698699115794
0.924623310269532 0.26268704451184877
0.6611198791666086 0.10890856234445323
0.8285803619887913 0.8526519932766397
0.866849071099608 0.22900037360006276
0.853927165751325 0.8925297789679998
0.773652126566065 0.4360117195455364
0.6257734146543674 0.13672422553010932
0.9870312885036703 0.040240739788905966
0.27885241467883715 0.45157093573750595
0.6123757422920277 0.4375878004508795
0.059352586175540845 0.9403204839655934
0.4261383218260941 0.20584297693978582
0.2967202777327702 0.5068559885293715
0.48239344009614715 0.950510008425216
0.068874458638158 0.666026115515008
0.844784283552457 0.861713759537093
0.35070345794013 0.6082928067390008
0.9964925467464569 0.12447134558944795
0.42062741751498844 0.3326817347186961
0.4015141220323697 0.20876406225254995
0.03259605925203668 0.07515836290590983
0.7993276990694462 0.4671128205637969
0.7542289459958418 0.14682523242295664
0.9497200463526201 0.4154593699350331
0.14100758463106278 0.29163849266025066
0.5078961386377392 0.12746121082467554
0.9224587833154765 0.5283318413465266
0.08192797057918066 0.7445889037138769
0.31273337954052405 0.021044611669732483
0.09711989917495512 0.5051338149722071
0.021263021479275945 0.8582353584935809
0.1164574477139444 0.19007054178774485
0.3357164963527497 0.5328334795294507
0.19192360881731307 0.5776801687438042
0.2746813370712853 0.5480510823280595
0.7012003919452119 0.15306780656979835
0.019307456442780868 0.8503272882320743
0.5679041218279115 0.9025271041543077
0.42910591218395333 0.2983801192570976
0.17804736703776225 0.7374962612438762
0.1216549236527864 0.9788091465215945
0.648081845407529 0.13203099024918807
0.5298519569448401 0.611091309430333
0.5238937174378169 0.9369966453796845
0.3624158573610552 0.45351921158743447
0.19549667130942994 0.4039984651904234
0.10552840538490149 0.11169137491856485
0.9260229612001043 0.2608941458159568
0.7889636594428158 0.38650291104877654
0.35546060829065373 0.27393415167786994
0.6299842614815416 0.2718977952796471
0.9296723549087755 0.05263208394123775
0.4863384849982406 0.9429587874970173
0.49219233783123895 0.8957969175893561
0.9809593049345087 0.21898811575890598
0.5251574602147011 0.929112418591671
0.04207757054743455 0.48007636958525257
0.2324647802503923 0.7374183671105381
0.3446690984532259 0.08644624031116455
0.9209642936652376 0.8648679730353397
0.724534816899195 0.1273680212822732
0.7371813024478249 0.44057887542771823
0.33472460739650534 0.5152490606764077
0.7000800013227282 0.5662722091922894
0.23069004694636375 0.586990114203571
0.7870096373097433 0.6425408281954776
0.9761458308389934 0.8587746242628516
0.1685644558083783 0.7580609697009018
0.1313656730548758 0.21994308639110227
0.35973595017472126 0.176024692768453
0.9562663905140838 0.7118002201947651
0.7199947124247146 0.24328301902271288
0.0644284080467532 0.133736663558361
0.4908696285614851 0.9797370133541847
0.4406429068909352 0.07415847315658164
0.9678277105761921 0.014962897261014296
0.43636409155235945 0.3955272613097176
0.8839450856721176 0.7544116485588535
0.5787515273536605 0.5023207022897755
0.7041709745610589 0.9428088914951449
0.014053684056256843 0.9589264350350777
0.5101619126333417 0.37686811589564084
0.927113567874114 0.2900111919613153
0.6442255886424728 0.3819794229932323
0.059163917819472056 0.07047947684616496
0.20790931066171403 0.9895736497390089
0.2562072122698478 0.2620251837182208
0.8809365360403025 0.1071010501159444
0.30525838131676086 0.19772709890448437
0.20047793912539147 0.31203624780100947
0.4004686013029144 0.8746578562602103
0.45396813689925986 0.5557432937696904
0.9059170677472599 0.00502980577446932
0.6895886059299274 0.8789833306702826
0.05710708178984403 0.3373488220016301
0.4954472209679752 0.5670531642987655
0.4630194660124214 0.9496612870495758
0.17768908934212324 0.583464989407962
0.2079815107472538 0.8199180182415922
0.6324510078299372 0.9371898753985384
0.05231668512098442 0.8464386510886635
0.5554731119990826 0.5918281009904538
0.38105247556642574 0.5507723854695714
0.3060431825646337 0.07802879286055076
0.8112869975216797 0.792543274506631
0.42822515279129036 0.9358228016481316
0.16465533707279167 0.19938143719030732
0.5020190843028045 0.4357792013973356
0.6824928292594454 0.029448096184675476
0.5815378702935572 0.34702954267821084
0.34117601292715705 0.7741724456941108
0.9914702846599066 0.24236792996033452
0.3729711074109401 0.6391577486373783
0.27238386777184065 0.3026909103700506
0.974009151937167 0.2194142914588375
0.7635217423057805 0.3745629183104948
0.2872259803756967 0.9957212569123708
0.9583585995798667 0.9076659279799655
0.152503952331563 0.433879872239171
0.9122653108898815 0.6865463247196075
0.8568243258384471 0.12793450921147453
0.5297330856494855 0.5166813434120063
0.7584207264811305 0.8931937842624367
0.9621055290203189 0.33061501320691344
0.18332387871505396 0.030920152604155593
0.35424135841582305 0.5292242547174695
0.017004759587839757 0.3549830858361662
0.4469041762242636 0.8802347532946511
0.28586445718750664 0.006583584605816872
0.19265537143741351 0.5049836355569599
0.14134514965928413 0.998973400183077
0.46222232667159946 0.5029006300093704
0.7590953148725093 0.8253981861093336
0.8561558850810664 0.6905405297350871
0.8125375692848811 0.4722286218224727
0.13911653681032954 0.09979656733283737
0.9862764966285267 0.510607607321208
0.8631322794835385 0.7639474511600983
0.18019965257026405 0.8179755796836921
0.0659014287576074 0.347216968776207
0.748905878853791 0.8643124608287978
0.6587099303140858 0.38161482448911666
0.2254213231590767 0.1115550422288476
0.8580049666639522 0.8801530061103309
0.1561670106695714 0.9317783747439945
0.4422427145400034 0.5230460345864139
0.9861706595230129 0.2911097472440636
0.3240325803467625 0.37539388684438046
0.5725739083700423 0.9869872647993096
0.04814957051067603 0.956299135084715
0.8370639638405264 0.03843656837368581
0.7050095756892445 0.9004574772689775
0.5525343327129428 0.09076440588876089
0.13231510922896117 0.6984393349259936
0.10245771445976515 0.005624832944199465
0.9427535103688884 0.0040355593039294035
0.7402411205235124 0.08236476876100451
0.841776770106643 0.7644916342027632
0.7608507461437017 0.7442896072079663
0.3035937945330469 0.34305983976604804
0.4360975620318126 0.6763211389894883
0.5684126479864466 0.6652937528177645
0.1414599151568916 0.9631990566494097
0.101188414348367 0.8012972165201786
0.4554418922044301 0.8326520351354758
0.5258468392894013 0.4256153050111178
0.1006043124451248 0.3327108976478679
0.9064768763785116 0.5552667793769637
0.01700001208800983 0.38992546502695835
0.5665326331345679 0.5227534461496739
0.4047618200947529 0.3482599436486362
0.09299569510609729 0.9481128798952432
0.18329348256846023 0.5708597107080753
0.32221174856855783 0.55643819627746
0.9973023266159011 0.8962362463058886
0.272850871043969 0.9351811574205335
0.04457532973642886 0.44035725953810556
0.9609438327782467 0.7483003992006985
0.8555032183727644 0.5687506838292242
0.3809870577759351 0.2186364217738439
0.5612079499020475 0.7099242344084611
0.30854169378423446 0.5684666795515103
0.225136757212552 0.8594266973863462
0.09417850709687414 0.2292796827461845
0.9490292862479641 0.9717120753477069
0.5298528712900685 0.7978695030768244
0.16955494370037139 0.18368580663922351
0.250603977908193 0.1964244273165887
0.17776700831692893 0.6849297052620538
0.16638334047036563 0.3904405606362955
0.20246579430761602 0.19311210118561473
0.7422258730996294 0.6991927958127335
0.07718391054319795 0.639492042209806
0.4634541269242989 0.3856617024586546
0.2634395914119805 0.9893900130937736
0.16668804228602818 0.47325581112733905
0.3829790868773164 0.5375499678159166
0.4714232381695975 0.05064663461092156
0.3846546847849086 0.11155423549166699
0.8743851271942547 0.9893890188442693
0.11159545526121217 0.09963445477599508
0.785907735073468 0.2674720381813842
0.8916741827436494 0.7530860725339106
0.3218960558965698 0.15819035288161687
0.6156550734670594 0.5207828070944918
0.4512270656455186 0.8992321143280944
0.3293687128594329 0.06655651981702104
0.8684850669935651 0.6865334440027002
0.32096724839871094 0.8405229559544154
0.18160521071918212 0.7505136484231945
0.5801360534491715 0.9200588325755603
0.06295757708238914 0.9862601988611845
0.7648505031585342 0.8329742669674784
0.016552503800723928 0.23641592509895837
0.8156596038733201 0.6708549212717072
0.3789919845815217 0.6420978534078718
0.5593150578972235 0.7313048053266205
0.5489053859690831 0.5425625116532022
0.683705969376545 0.8113928938506441
0.3511988996843025 0.0452847335795028
0.7468794200070235 0.18247220038293444
0.6732574820829789 0.6752192459852535
0.12008231385764234 0.3419985799442835
0.6248840963986921 0.6271937404021537
0.9457370604767632 0.8997970221280895
0.3652466711132121 0.9830887658702532
0.8906294710568483 0.2414402249865697
0.09123595980355725 0.31119291769063184
0.8146838548968542 0.22853633022880637
0.8698014825383138 0.2692026900143929
0.34818377530914235 0.39572669045651265
0.10247853216448899 0.5190553413093968
0.6632137164903029 0.9697452199510923
0.7967690062864898 0.19341777239927982
0.12210189934931015 0.10007923611305225
0.4134933908227112 0.3948510750744416
0.6432149390857194 0.666176506499996
0.23128153463960044 0.8109411230169665
0.6407737303353762 0.30659598276331046
0.4201143404752934 0.9949763113665122
0.48664498037051684 0.3454650529230945
0.7469333697889247 0.49104610516387326
0.8076836880878735 0.8375371159171545
0.1792319945357459 0.9039309455378517
0.014441910772301503 0.7726494081108561
0.7054745258873616 0.7620192630178664
0.5701496351974953 0.2483094381113351
0.4476469585356482 0.7046835752597549
0.7183774723843108 0.5283032796741867
0.6692475817838022 0.7436211664582646
0.11993803840758943 0.7117262167247573
0.9474940507543683 0.02992006233202127
0.4026194309201949 0.27448485487841134
0.5566390528373784 0.12463318536687074
0.5132040816557606 0.24182476592091784
0.13404135540048423 0.49729354515743207
0.06162255211662293 0.793540557663075
0.3439845463076143 0.21118761031740174
0.21205372845781123 0.8272332546213628
0.3641471762156261 0.12932553009418202
0.8627376658601464 0.21076888794664783
0.5516110529888196 0.7015555774925777
0.363575161715024 0.4085717264132207
