10 5 100 3
970 1021 994 985 1017 1000 974 988 1003 999
1014 987 1021 1012 999 1000 976 969 990 1002
1025 980 997 994 974 988 990 1024 1024 985
1022 1015 1018 998 1012 1023 1011 970 975 992
1001 1027 1019 1019 1012 985 1021 972 982 974
978 1026 1005 986 1006 1003 1017 988 1005 988
1005 1000 1000 981 1023 971 970 989 1005 1021
963 992 1004 990 987 1017 1012 988 1011 995
1024 990 1012 988 1014 1016 989 994 1026 974
1012 1007 1021 1019 1008 1010 991 1003 1008 1018
3 4
4 8
6 5
6 6
1 6
0.8507025918198399 0.9036202050881452 0.8309534678065158 0.6198605220235771 0.4624831464254314
0.748524489757693 0.3858259951162998 0.7423103514284405 0.7253165362582548 0.15366348924603201
0.36466958276077766 0.8815992376712889 0.33096056631812465 0.545006218942665 0.3240954376993188
0.3579202434803647 0.5801617389247982 0.9866021722010891 0.42820445940216934 0.34026715582275713
0.7527253243049654 0.1630960363776106
0.9405812406555507 0.8455055928032016
0.994885422417499 0.5928901103182806
0.6892895003427291 0.4062782833446468
0.1049246410934579 0.45303998496671394
0.34488068791731297 0.6264158180518473
0.3208762471570705 0.1878407414747556
0.7987679497350322 0.35890513966488324
0.24883506651419562 0.057025891899022074
0.13524236378864685 0.7262115079662255
0.31721226422145565 0.9695482160277715
0.6881038762650238 0.5276641461658675
0.4095400370034319 0.7074893809971334
0.38025971483206633 0.35572495807974147
0.13098066538400888 0.22767485511862207
0.8194785926057446 0.936590407387466
0.6285393081626685 0.4930294253276679
0.010585445919746084 0.3523872640450021
0.0659237680042788 0.1819226763254833
0.997152450229462 0.16632706281632226
0.15646018651579263 0.9729226284164607
0.7164530063039727 0.7296427832137822
0.8151483094952785 0.8569420892352404
0.9936114959539997 0.45196202566315
0.3079030131674796 0.5644688706138514
0.14908795590772095 0.136933967567894
0.8511129774966348 0.4892614893613281
0.23476588121661424 0.21070701413207527
0.21782521076765926 0.3687507792051423
0.11086027716077873 0.7977654350424852
0.7894320471021912 0.8163982910349881
0.9129297882000873 0.9141823620250809
0.005621177261857735 0.40277278092188107
0.06859482365162162 0.9266359470978931
0.7626126933770181 0.5678848645715591
0.4480799047592552 0.013464074513682922
0.6288213484125746 0.06968887350313024
0.7835161926714223 0.37154488887828196
0.7098604678624965 0.8663408737858753
0.5409286244757929 0.30880236468131583
0.9918834880370313 0.7093107242966077
0.21920929005599854 0.2793519641957789
0.19883821311573158 0.5413926407018046
0.17950400014875 0.000505850695147414
0.8532078764702127 0.313453729533937
0.24357272111902906 0.9211993068121405
0.274770356112946 0.4163283856954121
0.31824631251438706 0.5504068003875826
0.4085449923325608 0.4751558668306648
0.9975569547025371 0.1640202354017417
0.9560183389145085 0.7698535000321509
0.8304291299938191 0.19112933185297787
0.72280007672703 0.8936499783716063
0.5873504825132458 0.5047154188187226
0.8870990104565295 0.10755413323506047
0.27107752419404796 0.04306153459764728
0.9855327451656375 0.40432559575220717
0.39650662760432254 0.8990414469638115
0.3908561542711624 0.06335628012983618
0.9429443899957508 0.8806449198108828
0.5855266429304415 0.5628390828576779
0.9801259266917863 0.7684157553011643
0.7274040237651742 0.562686459083438
0.8566101421547652 0.38960658166092
0.153017903992005 0.501431302876753
0.055375656786393224 0.1826540996390762
0.026614303398509565 0.9607504244745535
0.36171439896561264 0.7790585357310551
0.6056203312978992 0.18968417391821046
0.03733623730104485 0.7130811243163093
0.9003406205223512 0.38908843593824094
0.27877819003102955 0.42856882172676447
0.8088410276878215 0.7827195021993922
0.40072522655891696 0.5011554929005322
0.9514375842465204 0.050310739269992855
0.9736057910178795 0.7567221738499794
0.8500678662728292 0.8948938257289338
0.18381695636230466 0.8902407536974724
0.8123672118085463 0.618369998795752
0.10496162342405602 0.04696140457113063
0.40240172448798006 0.971630683735226
0.8803891643796775 0.30471377191101023
0.5052566324204741 0.8710714941616693
0.10370843374477579 0.9919121747529986
0.583812102056247 0.46057322464720585
0.48725586885003325 0.7636371483932154
0.09976608414330568 0.6256094271991282
0.282968088901534 0.1268185566347999
0.7884937114111892 0.6574998870371671
0.00610411795812027 0.42028122410904745
0.056569711124606625 0.46719533125503543
0.9203293171065574 0.31486548090389044
0.6408829622615966 0.8089968380679551
0.9152547776199023 0.15768394114257833
0.16235389640616882 0.3424667795963441
0.9640163758479574 0.6294246124903227
0.5328624548299092 0.145223632855638
0.8883439546980967 0.21374176369515951
0.18725833508125667 0.30082350393058
0.3554562786230626 0.11743716319672837
0.6521149800803112 0.7144481706462171
0.31397013443404265 0.9070256676074455
0.14715242432277242 0.8661986777870987
0.8477723993913187 0.18954575555247533
0.47494613500573046 0.3851272401056076
0.6972102953101842 0.8789902998195598
0.5952771414819633 0.9884364324411656
0.028412907261339715 0.31822567678294766
0.6957042541193792 0.7457663246560524
0.8555858507539096 0.8508597887876084
0.823725785073455 0.24914337194517566
0.9679546113383954 0.5684094706449743
0.7026013179561226 0.10761666726873442
0.42319798530310493 0.9043727395885033
0.94296587825798 0.23475209700397404
0.4040821048145511 0.49907320348507267
0.23712110185808344 0.18214499913296822
0.8368789618094488 0.9569711450804048
0.4887221713080192 0.19083310239077855
0.8608994082207357 0.031242428555546597
0.17911756413382696 0.5964051799462791
0.8966344454010833 0.960218411240694
0.6713576968040349 0.45323163655195997
0.496204638146718 0.2547491608911241
0.5107711788003599 0.29802172364082846
0.3381439066452303 0.7076378318882486
0.04697663332604218 0.35774008794783096
0.506788170522027 0.37481690307299065
0.4472765957717344 0.2706242001930268
0.9324318111501788 0.2923051793754521
0.991114093486148 0.5934525825159254
0.4935750467597113 0.9177777704719492
0.6602120447127713 0.317443461868832
0.6275273062036817 0.5693316918310913
0.8383275804943213 0.5544776256811854
0.4278075898571687 0.44996000365850763
0.9349428385903784 0.5838355647364792
0.6561718163169599 0.4802019882830266
0.8439247108916201 0.3046668632818583
0.8230867054800239 0.304446504026729
0.9452250551685577 0.21098526530929584
0.0762208579937238 0.3551423520490453
0.6108622665846286 0.9149459890935769
0.3543632393021734 0.10492733237558705
0.3711289662749264 0.5833465630340393
0.17531710455698124 0.9566524567395123
0.03475114152934511 0.9261018593258667
0.6175071969531765 0.6595916004344262
0.6697606977672814 0.8702321533164574
0.8664999793224673 0.7726605771668429
0.6406050814379161 0.2825554425617176
0.3358292616431815 0.4046323609886642
0.3968970713484965 0.33100024361086344
0.7083710804930252 0.2528698261410687
0.032402461227075685 0.9021231411278614
0.5287137672101105 0.04706369822152423
0.8886378220961775 0.7718746324766175
0.5563641444949681 0.178059616963419
0.8531494433000277 0.9516392469856854
0.38693696251551213 0.9024290572432339
0.9581429917532596 0.5632887922546697
0.09968752077930154 0.05006501508912886
0.6517914648746777 0.08789175863574061
0.7949701312822035 0.3680881109176797
0.7830434522085914 0.44089311603655146
0.982559210685342 0.7188612429845436
0.2004621215838429 0.4520667478592506
0.6220980797179809 0.5064272387381228
0.1756525806911826 0.4516467324456459
0.2534723888348238 0.3230423932092281
0.9183932840624107 0.27516720981165776
0.541001796651954 0.8386085810795048
0.29665482875817495 0.16344483971446255
0.20011359745747637 0.33163180043052676
0.5482109434787497 0.1748504267680122
0.9543315024920551 0.976787993288907
0.6951115421723879 0.2750004886261448
0.05802817780937253 0.4035483874253032
0.287599536278758 0.5673838797622599
0.832498334934644 0.6831863842079045
0.46674817648183997 0.665481896587671
0.05794992523837217 0.9892723393915821
0.3495283030022631 0.5723450735148325
0.004590067548427168 0.5362324967663075
0.8961080574620173 0.523272485140386
0.9944145827516755 0.9198406782942246
0.26437672766855136 0.8067566584461481
0.3811572645174266 0.69011732312387
0.7489305790893597 0.7569290211543223
0.055288991686437194 0.36413636359859325
0.6762150174202848 0.665923049820363
0.5553721971853467 0.35358428329419334
0.33650194305007064 0.30689313059737433
0.6409240848273006 0.40003462894077746
0.2091266614690901 0.13914089100459015
0.3961774671323013 0.09732111461928827
0.49216194572728367 0.7250633157033222
0.19201617858022368 0.0769684267656765
0.5257601853653888 0.8596666266372577
0.6410419708329982 0.8894119607029243
0.7518754109459547 0.6422489338177502
0.3030122158020516 0.43033477988964863
0.7554285854927683 0.13919785895310866
0.44574481453922266 0.2963813517304752
0.21441077304154965 0.08958411222051965
0.1762124628152899 0.3397229914997786
0.8321673019225588 0.06765546616706253
0.27910438060017073 0.6181726607731857
0.7463347575871628 0.02749702511996044
0.4217843085077495 0.3800543614299279
0.5186888331596977 0.17356323516072858
0.9779449056202634 0.4024676911298799
0.047436012371741665 0.6628931208400597
0.39777411859883216 0.0037622052671963946
0.35430134186573237 0.25407973390412497
0.03502171684567479 0.8192007650653166
0.33481407425059495 0.07516000074073004
0.6527195411465263 0.130883202188953
0.5481591249835152 0.6736076109014606
0.09140126627858569 0.9669152119270852
0.09079052447388603 0.744796383970274
0.4205541597011955 0.603789012291623
0.06658892339587585 0.45390828335446165
0.9896624286694726 0.618648349711072
0.6931045269148111 0.6224614656803549
0.4165331833696344 0.6668559680226573
0.20533125782656314 0.8664766456949538
0.8428381592712748 0.031643571863057884
0.173785226953713 0.6132536803109674
0.13038575727103496 0.27336620344288654
0.02500183728410499 0.46698715261578605
0.2344025483796408 0.30070123861252473
0.15593031036711547 0.3141045185185849
0.6586544162309176 0.6674304948861742
0.45009225083565974 0.11912792499011005
0.8510232706517542 0.11794161721810714
0.9493167368120552 0.8339469245290272
0.08314327467709748 0.06847382439737237
0.740295833701039 0.07807552254173689
0.1346420372924515 0.3085811111750434
0.6186463189526825 0.9383154576801509
0.17113785105989954 0.6480181551090436
0.0864996160245588 0.6931380111834704
0.6107918732841011 0.45444721275652
0.43239306542823797 0.4302017242535039
0.7319496902028322 0.5023751235344069
0.12402582730239797 0.7442439499381761
0.04382075030130128 0.6564593360650242
0.13701669480446088 0.04035590331050476
0.1327358799763465 0.6577387361670133
0.06699402003512422 0.325333276072745
0.10732919054594658 0.9595985400759328
0.19000787784205797 0.7626704541159939
0.23364053672885032 0.8629505199363618
0.49737543273249574 0.4478183326860856
0.0014369346024842855 0.41383818769533454
0.49491461190288444 0.6101105201511277
0.5012026447964855 0.5457939944894732
0.6232200530469298 0.7636273472208517
0.37894852668114876 0.6179087976290929
0.6274119792322366 0.168617513161315
0.23729300914432927 0.4380184726003069
0.3576970194819402 0.8337450686744796
0.1546705336676868 0.9259764895818048
0.23260782864435514 0.5247601435340077
0.05627889151683996 0.5359897449982198
0.6603898348210202 0.2340773002727543
0.006460181420124611 0.3267264501020175
0.9347172797794829 0.0034898114309651618
0.07815797667367974 0.732941430246665
0.5001149616985565 0.546880854000388
0.5399605889772245 0.7889491231608621
0.9101588965210377 0.6828759342221842
0.013513971033319638 0.8015290898124803
0.646492839133886 0.23380642525358075
0.7101398324574435 0.7787243056881974
0.4842179289704416 0.8401905148449298
0.27711491829996193 0.513189681816548
0.7612405997458609 0.9358592609144514
0.25110593895423605 0.6389586982866138
0.18002320058924393 0.2740385934362106
0.6198398457275158 0.11036273712180433
0.9920067736180653 0.10021067436821296
0.6561289898910176 0.999075783742642
0.12357894685340742 0.9130881548536218
0.3632982237063498 0.3194808896951731
0.5938651031723416 0.763936777210446
0.8219895115389011 0.5359927090684793
0.14714311521064016 0.20235145766454443
0.21799411527366241 0.3511876596587109
0.12959279005048785 0.6635219378833201
0.6593117964381399 0.15692110170698292
0.2765473387211339 0.980857030725367
0.4677733354137854 0.8697240525407313
0.7819391005010559 0.7050166206403023
0.5517943864773156 0.9791038221829391
0.8744325831624453 0.3474170883287433
0.4933270358767061 0.8444035720036138
0.7087679688774859 0.44887212184859937
0.6463571906367633 0.8811286148618405
0.2632147119022239 0.9397944679416133
0.3889194759134331 0.7031948085138016
0.48760059893343355 0.9278210792983703
0.024721193090472493 0.35583097597108915
0.10256393953367837 0.41242901876546667
0.9734669778810148 0.713322015600242
0.5328542677079355 0.45425318084351307
0.17547745793854364 0.5195118854968577
0.5150394069606097 0.8958407539085713
0.8438835023867364 0.6649288572418097
0.9628820706620866 0.2698626257884904
0.30585212840000486 0.6033772080693884
0.39732108104213126 0.3095175065763873
0.7480698522791274 0.7696416251603526
0.5248059528810378 0.7842023265836557
0.23926809268107951 0.3016243186219931
0.14349059097728722 0.07998654068017874
0.7933603476149191 0.8247771294141111
0.33663204815246295 0.10841066630571072
0.4338097254268798 0.08897693017110586
0.15387817718071073 0.3998009245110956
0.9215540989623427 0.34176606982502666
0.5085289676285192 0.9305910881476926
0.7826042750744087 0.8003474614183712
0.08164129437961565 0.8280981001195693
0.03260542027096114 0.3608988944085787
0.2592177151985242 0.9399977729618814
0.4248391612883142 0.33693358683309915
0.35380548581228877 0.20862742792520117
0.2657615096605026 0.723593106089762
0.1315617563382223 0.36393659782646837
0.6260477258649038 0.08061895247979356
0.7435645303400258 0.46144602533489243
0.4509666730077 0.5615145631544725
0.7999039485172337 0.6094463605387923
0.37881963879340286 0.24934972234323127
0.28174986542410396 0.27756777073037453
0.02737391656191912 0.400614993640954
0.46589554519013765 0.3519537295476314
0.3029673310895469 0.704761651015299
0.7583364388447209 0.47757935466119816
0.2874531891255845 0.40405957276733373
0.34728450901178864 0.06590066385360172
0.6844412913938038 0.4255753889168552
0.4111369332020498 0.7726299498363629
0.094227762120344 0.9810037648304157
0.8282640659907412 0.2127429793188862
0.7333322846952155 0.8128041147697229
0.6550079561427231 0.6478077280885681
0.3183605228174258 0.7183887967021267
0.09050834242938999 0.5061689665599876
0.11998292040386249 0.03179501621311176
0.059394210152064364 0.02302926045910758
0.21797841616872926 0.2088842988038555
0.9067129120413129 0.22202341241254442
0.23739733780032668 0.02224440051298293
0.286543878874836 0.6584425565466998
0.7740272956429692 0.40049545824465205
0.5544955306788324 0.599810097483009
0.10426414981962617 0.8416226266075884
0.008031901088515925 0.45595516131099045
0.8433163528441847 0.012059549198109698
0.13352045296793813 0.16390328559322986
0.4207529411491395 0.6762392972422202
0.4326018553647357 0.1851175295408216
0.6382662928677179 0.2986040260221021
0.1306476340083771 0.5750951123705679
0.9795467464945729 0.8959028151697321
0.27748141587750497 0.930883583063387
0.9410790412617984 0.4964146246598098
0.9512275674499131 0.35266627392882754
0.4027198788864932 0.8688997027812941
0.5072830206938983 0.79102164196782
0.8458046989645205 0.43514581810153286
0.9513931879725535 0.40485648397259366
0.018462685237884857 0.40099297850871274
0.5110037252446793 0.44352674344600285
0.9333355651353539 0.794337755556727
0.3638200633565778 0.012875941957490866
0.056303650544974104 0.3308857551206783
0.34131747263844736 0.5743267209267544
0.7199971805090082 0.5700697563928983
0.18065489387908595 0.27075212025664186
0.2567565295985077 0.0861772990049885
0.653403933766231 0.43017616510330825
0.8384439385707301 0.8400240657519913
0.8498483195867859 0.3537227246354959
0.056721374925694734 0.051953420374072135
0.11029366999573931 0.5084911769926101
0.08258707945169363 0.3437652068787358
0.43984514448424594 0.3578305743548902
0.7900702348362949 0.5485054282664374
0.03122523970683555 0.8773358351500655
0.4154237847510116 0.9436052599619507
0.3662916182366267 0.03435253774311353
0.2859093542746567 0.7520989578351192
0.7824542158828867 0.07048411745055172
0.9281736057505718 0.012753209982653502
0.1855285280701946 0.7392531116145933
0.33696638408043333 0.5208614030861918
