10 5 100 1
1981 1314 1243 1150 1549 1020 651 741 1192 587
671 1655 1464 1001 975 857 678 972 1370 479
1233 289 1845 1071 348 864 369 673 361 1040
349 410 650 307 282 723 695 1234 521 639
1134 602 411 1335 669 787 298 1099 893 945
1064 378 731 411 1126 599 307 1016 1261 630
517 1187 421 339 976 532 498 1357 509 809
311 926 442 1078 504 1243 1172 1814 1429 1671
519 381 579 757 494 1419 2204 2777 2646 2032
624 1193 356 841 1139 1628 3116 4076 2954 1381
8 1
4 1
3 4
5 3
4 6
0.7465057986288225 0.3657001557436458 0.46852505021924185 0.6427467207991544 0.415586256875375
0.4248082738676113 0.7080187313633063 0.819598664970862 0.9061759460897174 0.3139234966795704
0.4601173943644996 0.5285805535768916 0.6778018094628273 0.5583593270307624 0.42265713741699906
0.7082818499810439 0.8932357319994542 0.7243307737849491 0.9949909941686099 0.3900437240484127
0.5336889971101313 0.3634129558528161
0.35593417683680983 0.2386969061737736
0.7448299343443125 0.23875669253338394
0.19439183727040832 0.17705867154075206
0.5883772774152229 0.7160844326797384
0.7576913158548688 0.2881049963748412
0.498433132874198 0.05908784922470445
0.9456259881610725 0.3775191661650039
0.0073426332594530574 0.05845083043027377
0.4972138410099358 0.43700183414551597
0.6398305695012982 0.595985387744671
0.5142939789685421 0.27315705660983913
0.36837047366744224 0.48114886211230834
0.29232960391637364 0.9842838855107667
0.22374689414506 0.7061852616961788
0.6702084991820159 0.9066028699859188
0.062414801125271646 0.9494293057461405
0.39198073383977183 0.9329401651995499
0.7337948707279538 0.999784247620007
0.5680653518432939 0.15521176795018254
0.6442565277123351 0.22618111914589
0.8118161695938237 0.47316257990268484
0.882725174417851 0.6211555517789387
0.5771144416468095 0.3844598328702655
0.5370789624702583 0.6852088969801562
0.821973548563536 0.720413471763947
0.496724002733578 0.7113155036495078
0.6434440306919151 0.06134137412067897
0.8820860442121614 0.393606031389641
0.6532777882723639 0.3699708859537938
0.180889008906987 0.8981228351840118
0.9280522085952778 0.8605754648728201
0.9649893355164441 0.4190997772955676
0.530638031603279 0.07747409974992991
0.011516685636088875 0.412839126674275
0.038499380376811 0.38286055134764774
0.7624482161127428 0.23701058247672724
0.5299420685256337 0.32244184862439673
0.6579491123442041 0.9501450808398348
0.35749405114409294 0.3398791258821914
0.8463670654073872 0.6412709279942548
0.28387004378284164 0.7926164405281297
0.6764242757772381 0.48323002520214087
0.781986156528359 0.9792708408081168
0.21328296856610818 0.6691546349428013
0.2179728087097974 0.9431962235472833
0.7119349377075099 0.8497816655915889
0.31047814749567615 0.2544859753976554
0.5837535547786343 0.2526399601207361
0.9413294022506855 0.402033657593049
0.2596864565869563 0.6927973856293175
0.4854452654760226 0.931696070176294
0.4576654064169303 0.5338827068219016
0.9780175335198922 0.8465906941979631
0.37671898695314887 0.6944555092232398
0.771796482025424 0.6404197275654451
0.6223239129743636 0.2833769641223085
0.680636845892417 0.1636762812704189
0.9808222366068757 0.07357479251225651
0.85708080649489 0.3327928287537911
0.2656073926820379 0.28689218818613726
0.5392959279766849 0.2919825888680101
0.9985181728372361 0.1043816998356859
0.723885215652295 0.018965737982574504
0.039741757320575166 0.473426693066221
0.7465112179478672 0.9044652014955494
0.81453080893151 0.9121109951871962
0.012004215533004237 0.9001303473212101
0.8224581008889607 0.33898600868369866
0.5461294070869853 0.7959409396141248
0.5087730265972823 0.20862398750137
0.6572370985939691 0.48335543226436894
0.8151938408997583 0.8762441417421445
0.760779636645011 0.6156013119980313
0.7326131900131059 0.42891993626126435
0.4522590253136243 0.9488005821886913
0.22767604330041347 0.9140439260425368
0.07242837162794324 0.37445647042904295
0.2224677247481437 0.05221914332462507
0.40432457536089017 0.5121771408304163
0.6923928952736009 0.8618162651989609
0.07646983188283407 0.08746293771483549
0.06842026533695056 0.9443126729642144
0.9314256744533718 0.12529374553871708
0.5598635641033982 0.0372493260806781
0.12362291842021489 0.1876185309656615
0.5235653903192738 0.596239993054815
0.16905726551940048 0.9472369611107352
0.8039253641867778 0.2629533695785815
0.10959732264699085 0.5905114596889853
0.8216387232243685 0.796803843667506
0.9021300103160461 0.9292136418492829
0.49392464019429716 0.14111677889807606
0.6675899400520804 0.4512119199051505
0.2990367651564285 0.3041980741151775
0.8656693710804302 0.487648693908999
0.10677720833392113 0.4266273093507531
0.5203815984662425 0.7590981456690231
0.9263030528099112 0.7180982934811628
0.19073640564371552 0.5201607187280082
0.8013444556592784 0.4055873353444459
0.8223203868477194 0.3688289825219353
0.3667679324024955 0.7121523029692176
0.5033827666347681 0.7002207862124394
0.6186961846692933 0.28413561195652615
0.8413242812646367 0.09367143344492579
0.015737499745026806 0.16686630546452696
0.3712275420230018 0.30940000875240803
0.6395638685045089 0.4950445234836005
0.08757269642577858 0.9177936225562655
0.613425260742797 0.5706942617042765
0.6240557452139912 0.48500882288612424
0.3902440737056456 0.5722602062105258
0.4702553123968156 0.8862703955778084
0.304999498459392 0.730714775679197
0.16078074588875602 0.08255604404907113
0.7949378146132915 0.1560178192271655
0.672717646545353 0.292900923197273
0.26946837981050265 0.004087699871336614
0.45132378491390046 0.8399849079769279
0.4725333468692441 0.5331536751349846
0.4000553697931106 0.06237183909834787
0.5492495346284416 0.6058901083691719
0.375656690208545 0.4334074484275856
0.2740998060679234 0.8689975679950479
0.8037941915331377 0.32444394558874556
0.2651067993413456 0.8889348206311485
0.6839837592289582 0.1825598091507219
0.016034061337756533 0.08318016813698259
0.15039245929937883 0.32501064637817567
0.43960192819249166 0.7546529552830121
0.35662962662136755 0.6011573879615779
0.6846315112594159 0.06679479491804785
0.03755224869689111 0.8357473529664468
0.5751550237094194 0.5467749666529129
0.6773889809688605 0.038579030642096335
0.5018762037103859 0.8774038846812235
0.8710437236189568 0.49030882971161693
0.20795448909002978 0.7159380725383475
0.30604646047628736 0.6425853374772177
0.4126820598427843 0.31041018443074875
0.5927874212563133 0.6974782159942063
0.8034402961539011 0.9630413869859751
0.8201155435150189 0.494107861116418
0.051166754187050856 0.4063416739101888
0.38233036805444165 0.7894317150839485
0.7292239102173157 0.06744829823177012
0.6194959459794838 0.003949906292090244
0.3195041166859902 0.9257838732438899
0.2875382959311086 0.2955884515379452
0.6750625929539498 0.8584626895094793
0.03583429970300611 0.5315052822851474
0.19399174414156706 0.037640350144739765
0.7218283145425621 0.5371406735084976
0.22040034613873272 0.47951637912278233
0.0896406848622544 0.4587287402920719
0.44723277151076335 0.04067580040272234
0.4875373623088022 0.6933689971503845
0.4335372205543706 0.35110797160682994
0.8268234412141351 0.809521595634606
0.38090207244452556 0.7085022244978232
0.7518033655314544 0.536301124673938
0.9325544678733784 0.8820205936941756
0.11289330975917955 0.9123926396684763
0.019438454860033927 0.5571157589187266
0.9196071718210046 0.752437875978959
0.5015974415290794 0.5716095762226205
0.11181233425201165 0.5615620738480478
0.9761388286803876 0.7596290739477065
0.12092597188146126 0.4178170205402105
0.851062648893399 0.9617008568782648
0.27160285383463134 0.9084962056127148
0.7932551838905546 0.5508134269098472
0.5562928480921991 0.8928662453988239
0.10604599700659967 0.08178328082684705
0.7448009713160886 0.9708734305659881
0.3515333661960318 0.06871150926435887
0.43743356986811643 0.9027779446479858
0.5223944934725417 0.4264494073571137
0.7638976592316205 0.621473221023878
0.1775156404672853 0.4481171581750807
0.47562071237067305 0.6777050370362085
0.9047387762183057 0.481335880535545
0.48483165517623417 0.05683780100261937
0.22908021930748923 0.608546722283632
0.9060544653690821 0.2625109395014187
0.00890063642903427 0.2752528923145947
0.8794833738313945 0.7621864330374675
0.09960871603453358 0.8380586087059243
0.5121739246616528 0.6486666279683713
0.0927659739457194 0.3637253005482146
0.936394772549654 0.9563690905476192
0.8555705668245506 0.8634206247978515
0.9593909628957047 0.2809823927115944
0.23969878977073789 0.15891927518788762
0.9481881562451588 0.22825659103810225
0.0875171159530197 0.5029705861295095
0.8425788419138591 0.7356600328310017
0.9692539823383493 0.6849754157176748
0.03317056593969636 0.9574145529213609
0.09398270655646024 0.3568539393560899
0.17997740176633736 0.2774651072715941
0.11515720555290199 0.8798754139039557
0.03323291324275113 0.8329323546720642
0.8309046641690672 0.8712571859024543
0.9286318055904348 0.9850395818204389
0.38167172830799423 0.11642979673555232
0.2575333623388323 0.04624407579753065
0.11943355236580655 0.3607347671452652
0.6809266390532098 0.8448190588441851
0.0027335934890111435 0.9971263730216207
0.004690822870522471 0.28019575095094895
0.6364872141266347 0.7020027334779022
0.6633858928529801 0.7820642954641976
0.05306234495948026 0.6608566781372742
0.28978820390855886 0.7006455726443084
0.44964376099592984 0.4892025985167794
0.6959158346639591 0.28363341824194777
0.5732604765546043 0.6590466094015983
0.4390605041457871 0.5833811743875836
0.3881260780660265 0.2441612329489029
0.33203936343853524 0.21850212952220094
0.6839532503478432 0.7965432058190576
0.5557965459243788 0.6456313014862227
0.22883988533411648 0.5899887744999628
0.14683439739620607 0.4002715466517992
0.05409398097845286 0.499533933216852
0.062377391129059934 0.2183128300398578
0.4614484212655505 0.9523006343254419
0.9478960949551813 0.8237888091621015
0.36666178964548957 0.3472444529981109
0.6208894471781485 0.8148873797307856
0.2789998044516899 0.05740370480349677
0.15987797462987396 0.3286011814645573
0.7147523280822232 0.2077922382279156
0.3304967088933277 0.8453862617934276
0.35109056255959015 0.1586459212976894
0.679630572589005 0.7650089416102293
0.4109856306207713 0.35882882668827754
0.9781824749957404 0.2536376213751774
0.6924966647069666 0.6624104224195615
0.9791768914652785 0.902125117335475
0.9822707922188616 0.9484470105191114
0.9870549131516801 0.077531555381388
0.16082988949750465 0.5052006554991726
0.9811890933732887 0.5511484902900481
0.6335791921089147 0.981846399631193
0.5117029951256038 0.9314074760600153
0.5941139715243873 0.34645933230953996
0.7821042277823245 0.35453780040780103
0.00038838564893062255 0.8999566793127645
0.7497137302759183 0.39433318741720647
0.4221565171035171 0.6663440582117051
0.9252749592429486 0.1640774307772006
0.5846588984273138 0.4192587886682857
0.8096452580421152 0.17396212492260377
0.7792081204588119 0.42215901804737643
0.8107735472849751 0.28639512307901605
0.7416990202174552 0.707272013323474
0.7072943796369227 0.024771334934016176
0.2734826826683061 0.9349030462582835
0.15634524333035338 0.9495500400139925
0.6422822428356638 0.26430844772338014
0.0761475425446172 0.24921478231530547
0.6678738910167921 0.017908565202213955
0.000440932413283468 0.41031813519395643
0.494590001839436 0.3617042614550825
0.7403350739323395 0.36620454375539224
0.18899671190708922 0.43502361023738767
0.4317164290303863 0.8429007906781465
0.34603313054489826 0.7195628988308915
0.7542546804817643 0.13497069686979923
0.27336892171747396 0.0500925682301665
0.9448686591892985 0.6934231165938702
0.2161269249248352 0.01394796213095617
0.6796410101252457 0.17812194112374025
0.1173076019961774 0.1109043139198409
0.49482818446529664 0.09668883070065926
0.9121136498298381 0.9428475175836954
0.01897284912194186 0.18395916690597236
0.06855943050892943 0.8064631050778486
0.481310297131079 0.6294795970866642
0.3809756154212287 0.3642137212650045
0.8578141023772567 0.1249199890670809
0.9924810726630033 0.681877157331837
0.9663521140801159 0.00999667507746893
0.9120584453419478 0.35813435542075545
0.149593429798907 0.3894116211483314
0.05444480945930974 0.6936970930830126
0.8361607024141449 0.9546687006392982
0.20730456083889948 0.024396457151006246
0.4760221340779647 0.2026629465798675
0.6240570320351027 0.8179763863434384
0.6942526398444118 0.01924448855019989
0.43640247635683815 0.6564716564393649
0.22970607063770632 0.7562019938840345
0.4016782672769659 0.05519615611595441
0.9874950642201425 0.4156828376162418
0.11865806254982347 0.844668617519833
0.38304611919312404 0.5199075640528241
0.721404251128873 0.9993661337145292
0.500307781696198 0.9462462991041845
0.9543016755975511 0.8227129802932884
0.6865350109274422 0.5760863820932287
0.24965741675855702 0.6940371497367488
0.6817884838051758 0.7990964535741825
0.5527198343703448 0.6045635335677955
0.245850619663061 0.5834515132426927
0.9083033414720187 0.9887378330120709
0.15933473518474184 0.4636609056269634
0.6485411694961267 0.37525346883932387
0.36971565848413546 0.05056298365705292
0.5409532500442513 0.0951683180536842
0.5525350713251655 0.6555874824657619
0.2577822818017179 0.37715307855948144
0.5199651790692794 0.7491108771930761
0.33642503632830145 0.23098827655032972
0.8456674121073517 0.8826023638747462
0.6334129298259699 0.6245990533919601
0.491149947237995 0.9450398069814177
0.84221571242622 0.5650413398373377
0.11376319910321508 0.9967363079489386
0.1305582634594522 0.3154675000555973
0.6145019747396447 0.8721106531276541
0.8250554855065779 0.5994349644046821
0.8703661872814537 0.43151030385206046
0.9476839999673543 0.13239419962795673
0.9722287816413433 0.21910813954439434
0.4201241129894526 0.928126756773485
0.9778786714089895 0.6540162701935788
0.1174509051560757 0.9750129880173544
0.23913462713122358 0.8058574456881584
0.5136308482482888 0.023853910872700057
0.32011067782956526 0.44806509059557076
0.34004284952130615 0.8702840518899955
0.7052961199555079 0.45249089451952207
0.14907538310532842 0.9292226425278873
0.34000945760866497 0.7452835112645764
0.7963082315992791 0.02567525425082362
0.7965595660002027 0.284167614138386
0.3942062513466644 0.4736729426378723
0.8522344249635365 0.1930748821707704
0.8028542157583796 0.19358079964963837
0.8959095662725094 0.919273986795758
0.6809578252171744 0.9206316232288005
0.8921728621931719 0.18178138786381393
0.4198636923620631 0.5716449775272996
0.3735678395934896 0.7598330111618283
0.7546811889403848 0.7027744938357519
0.2875545492740459 0.7540099724791223
0.7529254331425226 0.049905930477484484
0.4812081332621314 0.020170108766068617
0.0060207939543936995 0.5087089519780621
0.9294706191387299 0.03558090391315205
0.4549686074650734 0.0773661823435261
0.2439808151802394 0.29317642708133484
0.9314401722218499 0.05703382225538811
0.6959845796114073 0.6673637145196423
0.5494169143493148 0.20936706180819087
0.9568125134168177 0.7900655969202692
0.5234085057322502 0.5501583847596745
0.7874944631989935 0.50762815546577
0.041254896557725296 0.4487955789288576
0.7809026874991782 0.12434399680521424
0.7891039889296081 0.050986378957576184
0.92357982321648 0.23513911500337548
0.5626431242729177 0.7801977306399377
0.7017690024123195 0.399060253539798
0.9255551865236105 0.02263935367196135
0.13366276389289378 0.16410420500548994
0.3486040006952884 0.3627041416816428
0.29803373949869805 0.236654803666567
0.5684488621708041 0.9476250687191616
0.03304614795911753 0.6185868885260621
0.620978769082813 0.06964600094966578
0.12492886446317475 0.037218998810861326
0.2992409795882036 0.5113996219082049
0.1524115795221539 0.9597778963346557
0.6111758922776727 0.16667555445200777
0.05757511513463753 0.2566770596340018
0.34448207666256225 0.36356983164217715
0.8714286632526322 0.5392166122591742
0.06791022211322573 0.03055734471303051
0.3648283022653347 0.5117196243782118
0.8041469533135164 0.4601394058905195
0.05126975144263701 0.941373455859444
0.678734610933281 0.19452326230393058
0.9746033525676374 0.1623515302903884
0.9541707288787362 0.523806319107633
0.9222222869888181 0.05268318145012074
0.1909233770635581 0.368948559974966
0.6646128828740236 0.31821290360957244
0.7213881645872153 0.5521008127642071
0.508355006350568 0.32817330264409716
0.6568260364663698 0.3566602773774221
0.07641655802819525 0.1456691942779822
0.23373751407621568 0.7663691799012728
0.8341629539957052 0.5792819649027392
0.4220068915071473 0.6578569339862861
0.0755685621372737 0.37321129217821314
