10 3 100 1
875 852 848 864 915 1206 1036 1101 1163 1025
838 1013 820 997 1293 1191 1335 1366 1201 1033
945 851 977 1125 1202 1278 1768 1454 1054 892
944 981 963 1135 1113 1314 1381 1211 1262 1174
813 878 821 1130 971 1073 1200 1027 1220 1089
615 786 1227 983 979 927 1128 1096 970 952
696 1335 1228 1416 797 784 1001 976 1056 869
1001 1084 1081 1379 1092 1005 767 912 785 754
747 1118 1154 1025 875 651 669 751 634 868
665 830 1123 799 630 875 637 809 622 619
7 7
7 5
2 3
0.7956279832581684 0.9437713577407032 0.5629929530447483 0.6169012718135285 0.43490859056721776
0.7120340206135154 0.9979068386197114 0.6662342645347652 0.8167212337110543 0.4568438132357794
0.36279775144927884 0.31362318830218094
0.31044921178138907 0.6802760017042226
0.7837785981459242 0.31315833014874195
0.7004400023483262 0.609339877065588
0.31288297256625075 0.0636420647469893
0.9907569737972104 0.9386082014490249
0.21406076395620666 0.3174844059960582
0.2982044080131727 0.6670994483677009
0.9942213600245253 0.030871324585655335
0.23716620470145644 0.6346351798194785
0.013119670450741694 0.6069405772451493
0.17594364071132995 0.770440091825511
0.46899411905423527 0.3505576595081086
0.028836310593926884 0.2340394948120923
0.915698368241967 0.8246954772027892
0.5152724458564404 0.7994131265444477
0.7911111538392985 0.8330152783495002
0.7683280265536023 0.12535415951557227
0.8604528264305722 0.49743133775973614
0.5989707349820108 0.37724055340024054
0.05015816280371155 0.02484567353670397
0.6426589991377714 0.3139342072544089
0.31930754445439957 0.24666705954941226
0.05112534761379872 0.16500005608822255
0.3241329379625848 0.44353599982224035
0.07174822896511701 0.2704667712916886
0.3535197554636951 0.6599210197936067
0.461437265069387 0.6864516424437304
0.9258400308743566 0.8025056294202735
0.9238517397098815 0.6653685300084902
0.9107420658860048 0.545549815184273
0.6608472949368671 0.3559383725604006
0.5642308128918563 0.4759267446074602
0.24403144245128483 0.35135515012457463
0.3933162875578686 0.7134441743672197
0.49222996959320353 0.24509671328248994
0.49943785810216923 0.43148788909191826
0.8969310851829331 0.8713404682722266
0.9948177990886284 0.4351759869316385
0.1822192040841566 0.24475901314958026
0.8333078488372088 0.6523261805976985
0.7801547668488544 0.5997781482454523
0.6878852887769231 0.733967454991205
0.23868831385228373 0.3414787501697887
0.9153344550080116 0.9306930271866367
0.7791059303803902 0.8032646884513637
0.17622735961628266 0.6917481782595598
0.703940710975326 0.5122347791594304
0.1540176951924246 0.6627376614039742
0.49510013860585733 0.4491281084689025
0.6801884153910518 0.8808599701467272
0.9575621125329266 0.5772599381368311
0.6546194005791779 0.7925212651340163
0.777676743353978 0.7690916992281616
0.6901167964568851 0.5133347643281838
0.5514124178053201 0.06558446698696208
0.6298079515321919 0.9186939528704625
0.9263529524981924 0.8522094421321948
0.5484042688671602 0.14728801024581606
0.21234806208711765 0.1854907841047826
0.6300287530363775 0.06340831779511547
0.45525545432264103 0.06503076606662272
0.267695780459245 0.3112218059669345
0.663150058526508 0.9551111307762075
0.7777049515831436 0.5515982719320671
0.5686723152424114 0.23720663832021183
0.5480813252393071 0.4625211785775445
0.4126568286786183 0.15927630069786636
0.9415629949171633 0.006554326145060019
0.39366153706591756 0.9189932355132207
0.29759558035604927 0.6843133484968167
0.057300118430067215 0.3179170025318181
0.46848775716139124 0.3786505169455796
0.9615353244107678 0.26671987013853915
0.07729740585959588 0.8835816790939197
0.24898259157892677 0.6474448927743093
0.04281637642414848 0.32247676218348076
0.39651519186005957 0.5475336593663656
0.3416433592071719 0.2283571293287301
0.7603129965190041 0.9919225941028229
0.45537814032779367 0.7104275194512115
0.8001238388282743 0.8418476588841439
0.29000771609131193 0.18462318649885456
0.03490842118541493 0.33299509730878896
0.4268845169707842 0.7362655942383483
0.7356706924317011 0.05379441391048623
0.6055280268337646 0.37458744638181596
0.8274230405698986 0.38080474813150933
0.7889764925337659 0.22696305665760752
0.594369021302003 0.8094776418077108
0.23424163635936912 0.3318733571310595
0.2789404682594323 0.11989145972847215
0.8035673276533488 0.12111616899981925
0.5386582294045503 0.3512305889063785
0.6964997744139216 0.222053721846597
0.8813859122485861 0.08795850140418726
0.02106747177749857 0.6987901994875547
0.42803181729035056 0.5002513494584047
0.2958278595180508 0.4067716858645818
0.8610940475397342 0.07045488400042044
0.1546457665892873 0.603877206678693
0.6079248693414412 0.10379179540867511
0.22615186258924558 0.36103119935816386
0.8142311572941276 0.8234192390451855
0.9786296953008917 0.6268799704602801
0.1632824255660701 0.39954435686151224
0.5014719145784696 0.7357974388535555
0.5067448858214196 0.3814589521311087
0.09468046218804749 0.9471279836901534
0.8520241932413861 0.25883039837752664
0.5128021209303533 0.513253875702153
0.8482822444582898 0.5060703408336191
0.7604087592639686 0.9960371594783319
0.19424304225577105 0.694596001037092
0.7406923010261772 0.4265398146905033
0.9824593528395611 0.7045860074928907
0.5061985601739232 0.9550914617826427
0.9638939879740063 0.8431646688921424
0.14826815033214125 0.5637381566448509
0.9098508410505941 0.8808390107623767
0.715487784888579 0.5957150532481557
0.5323612603295977 0.5045102840721087
0.2759070682868292 0.07676811539091344
0.25236942105428994 0.9279678752448461
0.7799964533960126 0.5690386073661966
0.36053489259811955 0.8762562846634623
0.8003999645648756 0.4031982205163396
0.6875480394611657 0.7742532658627441
0.8880622897872708 0.23820304365953215
0.8374340076439395 0.5915482338000337
0.4669605566802524 0.5517208309105486
0.5017837118025668 0.6121091147933371
0.7716988583866982 0.44176093605513733
0.5446640706702062 0.6920951897160392
0.7538706518268126 0.04570623074676283
0.382583156746203 0.7425064478877204
0.5371825366070639 0.8281616704816199
0.05845470599591507 0.42662233683517203
0.6275805782370956 0.577521463947672
0.04220303951432025 0.8206538726319399
0.616400110245428 0.5752314882471716
0.7579249925611806 0.9463602552192174
0.7812372082504166 0.43973968316346657
0.22144824181433487 0.6430334794565502
0.3829514223880299 0.955095775577741
0.11128717866365312 0.15964988504011535
0.9904944099924986 0.947561209571703
0.875173954250406 0.5949687874634204
0.6490724486841635 0.6501564654101166
0.8425380549204426 0.46785618954673347
0.1994073320788956 0.5061598552814861
0.7022252465597065 0.31037821470589666
0.7866628180151534 0.8998627268524055
0.8170262032730811 0.2760074177078453
0.9800798186264943 0.3018405681808838
0.5855811080716649 0.22810989575141005
0.764867795128888 0.334053428537296
0.16398229272288156 0.016326122801339826
0.3315146066967143 0.2716756381894232
0.925480160693815 0.7379504284109624
0.9908054397706789 0.931245389538192
0.02073630673575866 0.4226735841035105
0.8477395425979328 0.8767087354064715
0.8943192153227217 0.24961338183172277
0.7976750497219744 0.26224372469484125
0.1325253040272465 0.19538262219793578
0.15709520476971472 0.879654251188636
0.6999926271737054 0.5050685397100234
0.6202457410240783 0.22201211025398981
0.4186926822422594 0.4448646353036094
0.0125780402544593 0.710890576523282
0.06296403129777528 0.23330020070815727
0.7722170491802369 0.4546889678643875
0.03550909095195154 0.9122244581978212
0.456070250573555 0.47861020156304157
0.10926881320614168 0.0011137061180739316
0.9543794123507197 0.7197549027084924
0.8850041737684127 0.8295695453140606
0.5142270526613639 0.8789315664052069
0.9160268944411132 0.1373654126681254
0.27702245788652746 0.29162038861260764
0.012065415837144045 0.6652245853892276
0.26002595155622776 0.608654048115387
0.06416446708666967 0.861540704186277
0.0074245949003381995 0.08261248417436584
0.9198128888582571 0.876515333955429
0.015467051541099064 0.28689402132515074
0.7993480288181793 0.8601240473728788
0.3301009577264964 0.8446638122575736
0.5323566144900129 0.6681499936478068
0.9716650823373609 0.04711582661805003
0.9348654700538044 0.6739773494708543
0.29324766671489644 0.01738162715716629
0.25403620989243314 0.22459225222609303
0.8326117432282958 0.22244307557141307
0.9454016297774972 0.6945708431333435
0.3215910544732896 0.4461865993152676
0.36029022133241395 0.9619276674150454
0.908883882491385 0.36868269155466926
0.03491829629744836 0.6555154231093261
