10 6 100 2
635 930 949 860 1400 1143 1627 1382 1339 1019
1303 1106 911 1188 1410 1946 2049 1601 1512 1183
751 799 976 1265 1104 1714 1939 1177 976 874
895 1112 1147 773 1233 980 1585 983 919 1025
685 739 621 1181 1091 1092 1045 1133 802 747
512 975 1051 1058 866 990 936 954 788 925
1066 673 1039 704 663 812 1007 681 1142 901
1057 996 860 566 1099 738 1104 1037 1089 908
608 1026 495 621 608 718 917 573 900 673
615 918 878 606 720 876 986 1144 1075 990
9 3
3 4
4 4
5 5
4 5
8 2
0.6872412324217168 0.9443819695287603 0.8713978344127478 0.7952206272737639 0.4376898578051275
0.34378688326147333 0.8147478897455274 0.8994883195244419 0.6862115158565119 0.4109928740342891
0.7950978218107585 0.47835326357403035 0.4156578993272367 0.7027904644325143 0.4796379985372715
0.3827073357922455 0.6780145838683374 0.7116743674354111 0.6691036359665798 0.1370548837408383
0.779037083780439 0.3126539836400501 0.6006761229541927 0.3028018316654692 0.47949688784707156
0.206293438724098 0.25107253700173016
0.061956182161378104 0.1817062610335043
0.2628109514377721 0.6882814107872051
0.7694317931500956 0.07506980544741237
0.0689748407901043 0.39961527477934733
0.6820928461728748 0.7256951311375053
0.43015010732116576 0.8287444582045351
0.08207309529247775 0.4628887201842631
0.44830844794705405 0.46559364610341625
0.007731352420180748 0.49490398826583015
0.8817431333015804 0.18959883812340972
0.016750404665067054 0.8745302710115346
0.13848315334438044 0.8073630379414658
0.48785452703179044 0.670168088714554
0.8534210747170536 0.8778275372578799
0.4315163948665339 0.625342646497173
0.3160214606164704 0.12462522247554242
0.6197772349619353 0.8442594688925422
0.9147506539281991 0.5981658192155643
0.43555978972685017 0.7711638324384205
0.6228563214507967 0.7897440949492527
0.2448368849434246 0.13632908415161094
0.5798945078769602 0.21788764823374196
0.16452218653702877 0.44044052724856164
0.5836180427277653 0.29988755139128687
0.42137099412277745 0.62783838976472
0.6452475119231098 0.8508358992817551
0.49771284325048937 0.9658094562647384
0.36665408299761504 0.6047788027697494
0.023217434585087515 0.13202687173943106
0.11789378249711979 0.9143505755462331
0.6501143472398827 0.5571858729146943
0.9521641326530279 0.39761555867761356
0.2720110042579007 0.8100485264059363
0.4707530345392159 0.8342792285874747
0.7320092662252387 0.3397844666927521
0.59958940085078 0.47011796564700803
0.8938705020050306 0.1036234855088356
0.896106750344162 0.5850083420781111
0.5014049314789784 0.06555263451744664
0.5454628412445048 0.5675846198562684
0.09617809253713872 0.8351064558312395
0.15504956874772557 0.8389663504035956
0.20647667731844344 0.814646101293435
0.9207963957554517 0.36411786681534486
0.5622758694071297 0.14138562133179344
0.2862431595626098 0.4124217479287311
0.1422999053485725 0.5522583115750732
0.6923071256943296 0.8673832065216971
0.3932991655211757 0.7654961966732754
0.09515640904290557 0.19987509264649295
0.9648154690186153 0.5862560068210296
0.5494408326459648 0.40425018264577606
0.5404729165384274 0.8607445063240506
0.49449089031356763 0.27314198362210296
0.9642934684277638 0.23555010373855567
0.07824577064109883 0.5556419003620789
0.6566750094629448 0.4791335913361634
0.28237489756112066 0.8406396978907367
0.06134173844957469 0.019099268438051986
0.9624061756905828 0.6543650583641019
0.8633419966631306 0.7121815803991742
0.2274018273743994 0.6786315295970538
0.09380134406089868 0.431467212523273
0.7634178294501637 0.917580990471077
0.5016423475922624 0.6108973673546527
0.34837629096789424 0.26312247357873897
0.5169891039061074 0.23768827539144288
0.2235072542126757 0.16951669289154703
0.0629783180001664 0.2580245347420347
0.03980360640018987 0.5830391473431558
0.7470496230268424 0.5895486069068254
0.17822537623957535 0.3990114323938201
0.1206655293507819 0.29195739106693774
0.548016944767576 0.8124032438643243
0.1272278954248185 0.23849658252433126
0.8371141323096591 0.6000114173777689
0.3611079794170444 0.11664734909645014
0.2485008426646902 0.23426491941435645
0.3687011280567589 0.11915587551307794
0.8564147851047001 0.26480199665966864
0.38421911381869434 0.7995350589930683
0.5932956921812385 0.7533625596139051
0.15377053294974963 0.4185475094744904
0.8386746212605789 0.99558481272138
0.5859304880330227 0.8868165786565543
0.9303169071189101 0.9835319143572026
0.027368313733030503 0.9862654962285813
0.4817790377899931 0.21359949877424578
0.48587216337432815 0.4996746989847576
0.25577738696305197 0.08217585872916211
0.3778796756908829 0.7622593861503233
0.09469504724137079 0.40746059017802727
0.15867555067703165 0.6414835903691698
0.03561344068636729 0.8664775282886545
0.15295607777941034 0.10420001603971585
0.8092321176856141 0.33435290240384097
0.15972900262863066 0.8976401468202713
0.9064596344174727 0.5853742172722436
0.49837743918616506 0.5876867542061162
0.8709096586966973 0.9384345834735333
0.6030497318747481 0.6021059644638229
0.4320066226326502 0.9425829699033219
0.3883108035071752 0.9388883264386703
0.6935441295024793 0.34137858702580726
0.9240167195381999 0.5969707513365763
0.2398907806674464 0.8370756247907252
0.7568613947871548 0.7495470805088276
0.5832668568440769 0.22669807770677486
0.7946861191777215 0.5892356016032136
0.8460474190072249 0.035901036237185435
0.1946836193034771 0.11748541398610324
0.24746401026095555 0.8382277348271556
0.3450303925826823 0.6281411050183507
0.9156006149039084 0.9233823524555698
0.9682042866116889 0.009344763413921653
0.2111866433329901 0.08553257106223766
0.27983001279809927 0.047455335604734694
0.13482308168651702 0.018524132837049567
0.9799200180379062 0.5162035955619177
0.22232524831677458 0.6267171905240632
0.8258685717252687 0.5175703766367674
0.8470831071954987 0.3471666960076647
0.4763613261382933 0.36483969334859667
0.985456061244752 0.7306898229152929
0.7388453696331281 0.48053487651003746
0.19727253825268964 0.6012007482811448
0.06550057879679949 0.12522410854862676
0.6990755158778665 0.13457784897386116
0.8503157757610353 0.6844782151645403
0.04674358090620134 0.6230291187428965
0.21495203624158332 0.3478743444212944
0.43747001738883773 0.8277007992448977
0.3905220848451936 0.15833459006082928
0.09173870596591938 0.11367043382973785
0.6778333234428793 0.15596698330612035
0.7640244456489125 0.8476702497696953
0.6828766858543354 0.7233733049489628
0.9936223652309752 0.8303191157139829
0.48028179818039285 0.19908735835638858
0.6180921337449756 0.31134883616548437
0.26938697538400214 0.24166183880488856
0.5328087567495716 0.1265592454018427
0.6999860694806397 0.46334982806534164
0.497348038274934 0.3428231783307456
0.5605166339202192 0.535156925229539
0.1336292984388665 0.25736213634622307
0.032329974349006196 0.7966380238835034
0.6915738875079755 0.494920374432845
0.7640860696701672 0.8392966443064485
0.44548273774003944 0.13012683245706724
0.857617331014189 0.9412024661327092
0.34313240028833514 0.9105842065415461
0.09387564516252844 0.6987649687075936
0.16358674542133134 0.49652946508259643
0.8993163507781701 0.640583911088314
0.5250762164797618 0.9429852245856765
0.1565980501281914 0.41252355178000344
0.7533675224087382 0.8364944871883129
0.1022957098496955 0.698477607270672
0.5204939070904779 0.5168654827693451
0.8016397342290338 0.2791320534647521
0.4923678164822234 0.03509269790345604
0.2429636479519015 0.11198429019263689
0.0448757899706711 0.6064610210829724
0.6347113941239 0.5418942706713641
0.6970842076718182 0.5970724671008094
0.8697981034864357 0.6053538821193005
0.8794338551908001 0.9873060160383056
0.35039711046875177 0.4729930933585156
0.7096525260015201 0.9607945074558113
0.4863753074326902 0.3612824903835816
0.04442247558071433 0.10815927836740236
0.9269081358947497 0.06040354413191529
0.14972084467399105 0.570025990379696
0.9526700448756922 0.38518211102024624
0.03850052146334115 0.39885636771775856
0.4274887067917399 0.2037635401358786
0.7729582304802203 0.6918993249647827
0.6861182715423937 0.1041721094281225
0.7359528963523614 0.15158644227598472
0.3485394928169061 0.8180478051289948
0.16195465206225035 0.07505918436811942
0.30282202759650234 0.6134785382495285
0.006923213783206039 0.7701621380031802
0.10024682317727884 0.4341439196986985
0.6271103401735658 0.6184487363715931
0.34009646636710045 0.33499585859052217
0.16568412167249225 0.4488969121823645
0.2830583797920905 0.8391216464494979
0.6236829669009827 0.40223380213603876
0.05775538737674224 0.7669749974125293
0.43337699076670577 0.9179064544905908
0.6625465235518835 0.9475343043691797
0.8017415600286701 0.0615646971235666
0.17630620499281902 0.34202815989166746
0.5006744528611291 0.47769321648868224
0.9936033589514335 0.18992882990947413
0.009227653910124589 0.15946344908874965
0.08457741200631386 0.05835338352336361
0.6902473507030473 0.3063013963038588
0.6628704813782857 0.4234404507733376
0.15667039399156057 0.2351757341707923
0.35175852490793 0.15520161831528712
0.5657452424926455 0.6726788963149792
0.5822405615060904 0.9851419791779075
0.5528916793436722 0.6231979940787633
0.19170815460469925 0.09220266845016645
0.9783324111296487 0.455363648622779
0.009708935416046005 0.39955948167998234
0.7843540936334632 0.9243410478106489
0.5134630200327848 0.5936978336578509
0.2930866920188644 0.007587958900672653
0.9045687052575058 0.07128966977544882
0.19000176144740544 0.6137383053557433
0.06170870888331059 0.2525528599640168
0.7568888434208945 0.6004737741355866
0.4852968310889536 0.8235097858360343
0.4613689260031206 0.9482297536458271
0.235116623628556 0.0032547663063031695
0.6336687299340111 0.18984297389817817
0.8130080470466106 0.44061906417310315
0.16767785316078587 0.8375158403367378
0.745523480374324 0.689296468557604
0.6370888147574991 0.03802514283320724
0.0358254744890103 0.5390877747868674
0.6784678599653924 0.780680827612813
0.5678418218712928 0.7669759590729397
0.4901494003953526 0.031983487482774464
0.7101759905807197 0.6583466183747895
0.3504984878067672 0.050116957123667705
0.2309568349242792 0.2728271752690956
0.9685296916865997 0.5104054048274225
0.1287242924312142 0.3119788833182484
0.24695272745388142 0.5726765064815946
0.6443544023089984 0.20339167166306038
0.11192700048478277 0.37136273997289226
0.7415562970583953 0.49511682907325705
0.4307363854946178 0.537944087948846
0.21878176888775136 0.748937716321536
0.0068554395959858905 0.6874781379853525
0.45638751065083816 0.9495068887013043
0.20400975129006316 0.4481609210564894
0.8080125120195945 0.31831754352392005
0.29448536589607444 0.166189312040675
0.32144915564881527 0.3235184626060781
0.6338677243160968 0.11691866493927239
0.5628883495997172 0.5754226570967751
0.3029128793416709 0.16163246320243174
0.8869301230308315 0.5053950500960094
0.3141260832813533 0.117620779128079
0.5835446727916496 0.14635415205431968
0.04447192476243211 0.8560816512071197
0.4731847109430172 0.7078289828238711
0.39595025147566965 0.7823177524816942
0.03583727687973637 0.9604650365747525
0.7923701124578677 0.2435052950281944
0.819365623812097 0.3859210358541456
0.727467642361513 0.8386945272675164
0.15449632144142345 0.4271515293951944
0.6516288941364088 0.6197713641335634
0.5713746027770374 0.3262349330491776
0.2186065185576067 0.9287128078590603
0.16046189137777866 0.956440543417256
0.3714714663445322 0.014285298191615947
0.5704282486325203 0.5668237572257246
0.6396853065925519 0.8530660728816535
0.5729985924586252 0.1992248110305319
0.4230969997523393 0.539752030085191
0.2626807940903655 0.770474990987664
0.25579817944831285 0.7231704092083728
0.8829333332752103 0.36378411753969697
0.5887594237811551 0.8034896164919165
0.7041582714969554 0.8917176568712823
0.23646351103426477 0.4221346857312269
0.6224202085635704 0.22147987425870075
0.8187313241173415 0.3594851927721263
0.19275512211388457 0.15070556599875995
0.5532639678809714 0.918115239329941
0.7372946021945679 0.5210564858324673
0.3425574845493029 0.03243442451012157
0.9264992715951035 0.4307913306224622
0.06052016869409904 0.7137951884377538
0.4525570525931617 0.6807885960720235
0.3545046277137609 0.5057446378598285
0.8090495218224321 0.6848498063717401
0.46218896684535027 0.5367981931935639
0.11348997457725485 0.8157260317902564
0.3900218922500367 0.43318354193271635
0.06520306766412998 0.12509424601780283
0.7316884373649228 0.8340674253732467
0.07947958452024073 0.10923372548159893
0.7499859923882322 0.6812540485898158
0.8948045470499413 0.6355152053273563
0.17726829064300653 0.31925347766526113
0.4531374251307616 0.9877751464219446
0.26746046027470793 0.15554744404495646
0.4785365052348851 0.2509773743061019
0.4495789324733368 0.8584724382946063
0.35770797157392664 0.20252312145563622
0.3374272174544777 0.657857283528563
0.3957254923875959 0.8665230193996758
0.32238264050451315 0.8939256508022713
0.6299173830638911 0.935131802268367
0.3576354997832727 0.015611998913127811
0.7229889666155414 0.21436158928716953
0.11753838760547475 0.8484784626168762
0.30203931518703264 0.5612402978716884
0.9241408419614974 0.1294468256945549
0.9382224829219212 0.5495087432097039
0.34749535341281557 0.07613076332863011
0.06566105069037187 0.5762437939188156
0.4844907145761852 0.40302024438008544
0.8081829519646822 0.5251225323367152
0.9941048269899557 0.962950468861455
0.5436859531252907 0.618385280179353
0.03764759647849791 0.7381339835903409
0.9785794493356534 0.0602105185569306
0.4307887918316218 0.7045221844934204
0.8705641551235976 0.9080013978143677
0.28138532264727045 0.9663118248606299
0.2772774257495034 0.9665430129643935
0.5895331272523834 0.3214791811299065
0.2738453418734801 0.7188183717632246
0.8983943806068879 0.8016730155800964
0.1439904391283484 0.7073140390289783
0.6642068688563478 0.8156616904770209
0.4521857631177455 0.7731725493878869
0.6913077756209303 0.35009894891444837
0.9084227332412884 0.05156233294420676
0.24292230112728985 0.36895927141598506
0.39594618358562994 0.6685673648862873
0.778641305485607 0.7508732111027216
0.8480075189249965 0.46893000182267053
0.30418944078816934 0.6737201085839231
0.43559295004709986 0.28236148270045747
0.24144264356605172 0.7314441920925308
0.19438202526559212 0.8488199094746545
0.17013222664012884 0.31267512962695587
0.21056807048525616 0.5110495415169249
0.4526085218794256 0.5423093003999104
0.2847480397098425 0.9056855721629709
0.8572780440097214 0.459203093889226
0.3730412729773849 0.03388982922805206
0.9876334754066614 0.3351887154074451
0.051454160565233 0.30666612638179247
0.7619442403531951 0.5908307318572936
0.08450517793674162 0.4412392655745845
0.6748836223818171 0.638592341148124
0.626716122849214 0.09826960609609925
0.23967418932271767 0.09358983499318918
0.6121717289329047 0.5282085674885162
0.03934798980506238 0.2131491921024573
0.7850205205235907 0.5682592175628403
0.78074141386773 0.3819495826478545
0.8528976321551047 0.7626735053337679
0.21857800739262356 0.7544004809315732
0.15037354432603367 0.12390494358459692
0.07490015830086638 0.5770687509373535
0.7370333145907781 0.49812403400685823
0.11935205856994346 0.7245958582282082
0.2490931675246697 0.20296843799750586
0.6664206701096032 0.37623274758598013
0.953126486660222 0.26170729577825647
0.7156601214630696 0.18423152058094527
0.027515525847801037 0.6304486177913948
0.9038685677589007 0.5580955454635748
0.2115586072791502 0.8434459801464123
0.7900683459009585 0.822208235451463
0.2641071804216293 0.06612130253969362
0.6727294881250627 0.6265004382958343
0.23614416857800613 0.8218159945947905
0.8351859363836527 0.3493777126088933
0.6617050881636761 0.10331604009933826
0.245336484988526 0.7634517596968764
0.3843912555627973 0.6026269444726873
0.878642286484995 0.15507901221738662
0.5220937102688805 0.45679592175122874
0.04242856354393121 0.6192175581740353
0.7353627654820694 0.5725156295744762
0.9151259629083008 0.8456103898551015
0.34996670778129024 0.4716776506323064
0.24950915142780095 0.66567111778961
0.8726615079788509 0.9955392633232063
0.5315101358121554 0.2651619348168366
0.3905633460918676 0.8757858213035714
0.38851631525410424 0.17846077258272874
0.5276198264181671 0.2440650341106878
0.5724453548068287 0.7859043086906237
0.3574531834496346 0.42666399256752774
0.17669377660897134 0.777510133153613
0.2771023805062507 0.7334479229814341
0.3367626087016735 0.44037505166621593
0.2519229609197122 0.9012516626653877
0.41053585081571886 0.4857470438655971
0.13905852411972508 0.29867370379632696
0.3923377222356159 0.4051346681955337
0.944708428288985 0.9184389175383363
0.5168482576190354 0.7948412072284545
0.8839239785782773 0.16931529532591072
0.046815961950738894 0.5820184350199396
0.03380038633843463 0.281982522963826
0.19527672854202072 0.86361412683552
0.6201219896232217 0.11890893368641531
0.17266374881147395 0.28239456146901865
0.9666467752288508 0.7267024540278959
0.9333466329991482 0.988635250896569
0.5656598126834 0.5997590174681566
0.27535792961489225 0.10735558673315504
0.004104362669757222 0.2201771973834945
0.5722640260604819 0.6204793739291139
0.4578383002891109 0.9830755127874993
0.8244586091652921 0.8143332303023454
0.3806216450325264 0.9250008485720895
0.5756599401125051 0.6110554419186718
0.413604157026499 0.917324496154833
0.3612208025450754 0.7682030263396307
0.2961797627045468 0.6772511572153053
0.4440055379036656 0.44262655388156524
0.5904414855881928 0.2995782772242759
0.3111261411174755 0.42271442837690554
0.8007955249132517 0.792687461944781
0.4171512358600724 0.9782914444632651
0.2828910712167161 0.7557566219364571
0.6267623689053128 0.20314486611542448
0.8059878037210606 0.9394811334009658
0.641981900681518 0.27942544444541095
0.6529290290835787 0.1360704259365142
0.3464837318654119 0.9570986404203212
0.8333167596925164 0.28904872305866336
0.8043110840468148 0.3434246037254871
0.08905649208772126 0.8450038669031383
0.2536344362050347 0.20466562656641885
0.283574758549038 0.004460016583262227
0.5708311462314017 0.6220261126822948
0.1632033857439661 0.7416194220778864
0.5540830352518267 0.31615475489629774
0.06344297733686921 0.3218276854100339
0.03484167595859056 0.7741001554012514
0.5224846041810542 0.9682675547950463
0.7924554850258427 0.7559730798464168
0.6815954208467307 0.7192898214491139
0.9246357167081283 0.07788456101828922
0.7356633739551068 0.32970715217218416
0.8542466608522801 0.50659719237182
0.7368335174272924 0.09514769922995403
0.3286457712822044 0.6043591796497914
0.9449644330584359 0.006934821281920023
0.20968398884006456 0.6075678244518263
0.7059932857414462 0.45877926673713
0.3552408279848056 0.07865152646091844
0.7004698630747983 0.05241079431799811
0.7999959107653889 0.9298705444537025
0.27864719917700476 0.43114334751049777
0.4498390073289187 0.42120645233139853
0.9815717517046467 0.6483648730642775
0.1859100016407209 0.9786977710910076
0.44363719243341326 0.08594621070385045
0.4931081475829675 0.0782927485673588
0.6675290623597228 0.4040558954677209
0.41399650544693123 0.1752342655493293
0.8446625092837448 0.19358372681087355
0.500689163035015 0.24934747776481014
0.5690319363272325 0.6810620092557615
0.4876026879526687 0.9693670497529394
0.7661080471274408 0.45177101659157404
0.5265649005771718 0.28816327923631624
0.04194788711609698 0.7764254146905425
0.8091549214301841 0.7977063611533686
0.8592651703886929 0.6222312766113869
0.11192199390191226 0.8653040305778923
0.7163671415473509 0.3625331843058912
0.4597029772027168 0.6113473065675397
0.835784631495176 0.4769951941309285
0.3216073867548179 0.015401984885107245
0.37684063143685065 0.6386522620799555
0.2843885916961828 0.5738771675418062
0.5771927283571621 0.5325001838756382
0.4269631358633441 0.8457751247365104
0.1457472104010531 0.7340096175245967
0.7803862170828875 0.46287164013381354
0.4528641909276394 0.8482972858968376
0.9533581467935996 0.8658250691576488
0.02158741491103955 0.46954491683206734
0.11069609892017795 0.6776790912989383
0.37539362892676365 0.9391246065487335
0.9544603555937079 0.7895444681289028
0.8666542614994923 0.6337166541487864
0.03751058852375411 0.32621700887467986
0.6335156290998507 0.9866696792039527
0.4309827459038651 0.27638737854572715
0.256320981508692 0.8265489299731941
0.28959409254683144 0.518468849721164
0.21149924423735778 0.4194280558156127
0.22357117622783496 0.6012423277195251
0.536592342053068 0.6644069925186129
0.21531094068340817 0.984090810521274
0.2932263175550296 0.2635038382823638
0.2647934232602065 0.5218023915914751
0.2684354281139083 0.5123167923044905
