10 8 100 4
681 585 560 1379 1475 1246 707 729 696 769
753 1100 1103 1752 1708 1841 753 713 563 712
1163 1054 1003 1208 1049 1164 1175 671 625 508
1038 1246 1123 1176 1096 1170 1247 1228 646 760
1092 1097 1029 1221 1017 1050 1057 1186 548 735
1031 1124 1244 1165 1129 1063 1210 1025 681 741
1185 1123 1123 1208 1059 1083 1229 1233 616 724
1153 1050 1174 987 1151 1139 991 1183 560 741
1177 1226 1145 1068 1132 1157 1089 555 595 505
685 1199 1066 1229 1091 1092 707 709 701 540
2 2
9 1
5 0
5 5
7 0
6 5
7 2
6 3
0.4554164555035522 0.9411541468010187 0.8094902114403775 0.4663573248605914 0.3579241462483872
0.49105083600913824 0.7326016699532303 0.8001353910452866 0.6903691848060137 0.11544235671832653
0.6634552495170738 0.8480926040345496 0.6157655699036901 0.7014565873491349 0.1036736356283674
0.43220039242850095 0.585648720573797 0.3769007662523362 0.7636938184411686 0.20018475410269165
0.9724489029753325 0.36729832909172644 0.375515340758774 0.4153985862764116 0.11525411670207664
0.3486057230751425 0.7796144537543762 0.4033098233634307 0.6119875004997042 0.17653279227183818
0.5374738273661288 0.8716154746049518 0.5417556644025373 0.5383155341956062 0.1274608912420745
0.4352823415992697 0.8328092343417925
0.46878595383241484 0.8557227710266921
0.4664314263951497 0.5967473581087022
0.3526024271903865 0.3175243754834354
0.8957259416316516 0.11497430267932773
0.3020071084397231 0.8292223920175952
0.5692411692891832 0.6616622133371863
0.8450153698061467 0.5093039311829481
0.6997455029161528 0.029115896148158793
0.3317285294614434 0.6882401241119043
0.23207834826203833 0.6044447621833107
0.9461199596657288 0.5587663438257413
0.21960009932572144 0.604059238063529
0.1061263916789672 0.6226208645195055
0.8802914659545038 0.6629221001079917
0.8216723669038501 0.6080447676988325
0.2889562309030982 0.2220369650306715
0.0796639753615711 0.4161040300689556
0.9471481049094719 0.07013308969505294
0.5193794510047229 0.6101804905983261
0.9299029602684243 0.5638509599134214
0.17955886159598866 0.9596736072523957
0.3498016547610687 0.3485152989638043
0.2496708643825154 0.5160215448363019
0.1890481172944345 0.936352194978028
0.4284676617689469 0.612063076058631
0.657678474836096 0.25490640947755017
0.07611962230565417 0.5714297670045192
0.8525106647235385 0.9520986156018352
0.672898247188022 0.3834513323515367
0.9586773933800925 0.024011950181776376
0.9555153052391565 0.9475236826859483
0.806969690608351 0.7475189344496005
0.11595746924527406 0.8693541510568534
0.7562746476200188 0.9342110025850665
0.8399375615123417 0.44405506397544925
0.13918263373372852 0.7113698357848621
0.21490900060808582 0.5720305910616201
0.03264604838368812 0.42690432416357615
0.03084828590155886 0.5680706748932098
0.31218724475800497 0.6355779793437479
0.688908153084808 0.08440252356208777
0.7205315796162444 0.22474746098809506
0.38251009830461213 0.8938511777879992
0.861399997964629 0.0013572441472582408
0.7992847894106279 0.04119020881895885
0.2059701637027791 0.7862596792936594
0.669473111969267 0.5101240577051867
0.926693647557769 0.8505460913800593
0.2481535951185856 0.31981011481122423
0.46006995637946035 0.2398422744416684
0.49009747534419823 0.6584431564240598
0.2544078890271573 0.24571105342326027
0.912728150194442 0.38754002877054416
0.36271301470648365 0.34092799043742894
0.5040353485004117 0.41706958266369454
0.11594416577552269 0.2295413883319537
0.5920517564614611 0.5929330177522529
0.19236201689942445 0.08512032377434142
0.18885670967910606 0.9334516066157352
0.5237244986228853 0.08261172598107547
0.5068794656436837 0.9589005932412831
0.14684839636331648 0.11814519496214104
0.9019019292929165 0.12486439808974104
0.8841787768945046 0.2917294267447952
0.18570957116092401 0.6619365725500306
0.8788736974413827 0.6773696379538781
0.5410095879314378 0.26058296577902973
0.5300998818159179 0.9619266110379951
0.010249264321457119 0.423355422765461
0.4381338896389204 0.39877754552990985
0.48128275318875513 0.5435517632734332
0.9104936848092706 0.28599644430760107
0.9881369955526869 0.8851136118949976
0.5190661120076503 0.9994235140490149
0.5371554906046883 0.7331477494207508
0.21969563100353007 0.25229725769949973
0.659611189125265 0.08613696261809878
0.6752569488233278 0.5021977981412049
0.47577399654397357 0.0005148083747978927
0.7736976975700633 0.9642989099272767
0.40317033710561856 0.7085810677114648
0.997315148549041 0.7578015244908252
0.11537257734176909 0.08439827614214734
0.3965359474447263 0.08652833273812721
0.5151444755727486 0.6841930103761058
0.29569677122394644 0.30406566628014753
0.0685916284650363 0.3325245682243563
0.8907333190846958 0.9315198748481706
0.39802704092135666 0.12779649330514764
0.29503247425809165 0.6263340930785142
0.7760574016936954 0.08192055793148167
0.8481258100656204 0.9768925916255431
0.2699200929055514 0.1354090234832559
0.11384849528849572 0.12991424295726972
0.6128219594503626 0.2193560032012658
0.7695113191806935 0.9942599496516218
0.4517111230600026 0.33067913585697184
0.8807041500508901 0.5073102903812552
0.06728376450270357 0.65661805547763
0.20418818307939013 0.75584601127641
0.8700054106663222 0.8464048410446698
0.511994197560466 0.28815416057098653
0.2233803001691126 0.9568809434749892
0.41652071271211644 0.7249424033691376
0.22353740063368388 0.31724916924898805
0.7496179102805216 0.591622584423422
0.05709967515108283 0.8071668027786625
0.1938749898678238 0.007422045495617979
0.1514014221573763 0.00928185303331186
0.870658393624262 0.07364473070457067
0.013159088492971982 0.8268773841318626
0.238471714321288 0.9650918282341951
0.3167424556562275 0.9250912113141176
0.31716187316717503 0.7479173628454947
0.2532417690220927 0.8483411486087054
0.8179547807021041 0.17757132197473857
0.4336874684059737 0.9959338071601911
0.6343012940625006 0.37155577125079664
0.9196786940321495 0.1798317865379251
0.03984771815679333 0.9374022830222601
0.11554254277660814 0.7013174437626166
0.7067372311385303 0.28913453210006645
0.07524181346388015 0.14802050241540643
0.8254713933662721 0.37208114381140844
0.05223829803330848 0.7059821306951211
0.8437438483465904 0.5328642435685786
0.045488295043776494 0.5080750740079465
0.3667194705463377 0.576880548943747
0.03232964619474221 0.5210585033139254
0.5470316527986143 0.2278074621502728
0.021566684868186803 0.12734316719463035
0.670598918299077 0.6481971457943887
0.93837238462395 0.6557772661634365
0.6565457359847344 0.24041934296794776
0.2010748601703889 0.24707656135429845
0.18383836109566798 0.04546811322596356
0.9158578924547867 0.4552441728431613
0.2716494759714063 0.8785961298133775
0.6497514092418062 0.01670540893858763
0.08290128830170218 0.6614889714860233
0.31920491651686866 0.8090030693922923
0.007421558187404642 0.19989604550804874
0.10205812701046457 0.906242065867346
0.8364390136377071 0.0788422194584284
0.3674133548560816 0.5205627701857347
0.33425300191527874 0.5854096790787802
0.8803368938903957 0.19597089806850998
0.7621332577525728 0.26848689620917976
0.10203436051459325 0.8470362955761028
0.041449632817696536 0.4776450235643246
0.3645806473491202 0.7945522486277874
0.8990538211284183 0.3715358174326553
0.9625421506314926 0.763422703690487
0.0024963064185090644 0.8417367213567579
0.2430739426043349 0.6155911775624221
0.36680134536724496 0.19430758068307497
0.5006718004613997 0.2989956373692586
0.5009485725656146 0.848139192836191
0.06718248642875979 0.625818830066476
0.9087210407922957 0.23426479649188692
0.9806398988325573 0.5511262967003581
0.5949063957382841 0.3941538848630757
0.543375515176663 0.17897183568181574
0.834111240442504 0.029671591284781362
0.3372206373068156 0.2940216641630331
0.4683696699518096 0.9893224996242536
0.9099540277938669 0.6597138037272108
0.8837334558244903 0.7083299449046148
0.666206906151589 0.6044205365030397
0.6786826414342528 0.7207951045649041
0.5634591238250846 0.4081482498762663
0.18509138654136192 0.9332312460723771
0.9700519729974348 0.3359795092627895
0.15061760131762747 0.26484201718587186
0.5593618139091878 0.708193757160692
0.10652047833042388 0.5530255724008897
0.24491706526052082 0.49512635517495207
0.3221429427718614 0.9580419249681738
0.6291767459939015 0.5205860157883939
0.12844812842498876 0.967066044426502
0.04112186648324756 0.6564424984198214
0.11303695527551127 0.7138483792489239
0.8557061221978526 0.6497662817767789
0.42269432071534374 0.34436099088080496
0.8839762589953406 0.5701126277884201
0.6302268731183578 0.3993473141719619
0.8715053421740899 0.5223474488333675
0.8041322552407235 0.4165683037878234
0.1876365244698539 0.902457916687867
0.06694519493204854 0.799915653951585
0.12452500928877419 0.5203670852534765
0.8528380062327545 0.3328197628667402
0.17024540005383604 0.12898706375912194
0.25080029989102126 0.6247775604305668
0.6586926570585003 0.8570410449492776
0.2911537171175944 0.9395257504799721
0.5470054519188439 0.8435671506091895
0.3037784804150687 0.03387356986262269
0.11272118188910474 0.7473023830812162
0.3729152122632078 0.1318353288122629
0.3202029354858007 0.5727109019881416
0.2695857334361931 0.8670428274729827
0.4130676318153419 0.5813714341651763
0.22849585613130885 0.678790906988761
0.3450288866116804 0.3301427735467328
0.8239300233750533 0.9830094655312129
0.18146576231348166 0.9938973343088424
0.48258516676188234 0.9392729083730116
0.34720262010808045 0.20286304697889324
0.5080176955168638 0.2743209768996391
0.5153775442338899 0.9175318934385248
0.688644793889515 0.6795937456065246
0.32782257861626896 0.5249726197093127
0.04275759181557737 0.4679864206241793
0.7746913128298969 0.7917429490518788
0.45224720928657236 0.29797687862274014
0.5812597226393206 0.09350125101020113
0.07714811086247253 0.8296278530109311
0.085565414872812 0.8178624216198864
0.6241664134207778 0.8677556549789633
0.3194965919818795 0.8988637529614101
0.5445483868800265 0.16990031629543623
0.13001175063459391 0.0577668442440451
0.03487166740276826 0.6671264539672679
0.1854310910869943 0.8514157382703851
0.4396671276223718 0.1899904138623809
0.033689633216046344 0.6561962339760354
0.2311979382305731 0.4487930702521048
0.558273179698533 0.4760445006830507
0.4555154548199378 0.9677425548524339
0.9066392550767532 0.09542822673887219
0.8785230964133444 0.7415860873651499
0.9873115601967168 0.561546795338653
0.27132682425692867 0.7595200195864247
0.8607406649445768 0.6545051203162271
0.8674437010941545 0.9256162962682095
0.5530250093655147 0.7122797299594232
0.40605051367233536 0.7855355078173434
0.48232244080012854 0.1450900868178835
0.3235115793798482 0.3895216552490386
0.287228291928187 0.7381486495712799
0.9125895070732999 0.4600090363310827
0.4417664506928889 0.6952907469299523
0.15991883185002154 0.13328000608587143
0.05161399688477886 0.6014851761751194
0.0009114951950999206 0.07907849862134708
0.16826384490296697 0.07048291631150994
0.015665013478704193 0.2478387160013933
0.133624818805965 0.5281035488110242
0.546247845607559 0.7270851337666826
0.517615607876837 0.6108971166702524
0.6908611578412853 0.19138364843423283
0.6267710224941383 0.464266575870693
0.6787015984847944 0.265249047541843
0.6707803326362658 0.31513641831907413
0.5480320302820894 0.13743103585976146
0.25818679898886066 0.18980206895274865
0.5864993325527119 0.9987910077787447
0.7588177557156979 0.6721735316813882
0.2582672763356104 0.5523460400329414
0.46829701532662815 0.9785563737568015
0.601757317609545 0.5884191225208097
0.6090859581639327 0.4313254804700488
0.45252633226053196 0.9859226899266984
0.5001906191267267 0.8151100136572156
0.29181085497329384 0.9733490217373799
0.6912762965691659 0.2686822893622889
0.8070506271874376 0.87128104776018
0.1775387010660372 0.6272140173164222
0.15885360366081658 0.9580927601589362
0.2883416503481815 0.9857558771593486
0.689672890413324 0.5663001756227923
0.4711147711616879 0.5045294360266721
0.8625409136916127 0.15734375850476878
0.8794555928608154 0.6696407977282424
0.0634665129650791 0.5464565137103428
0.30864032476224534 0.6258969645551233
0.25224809628669753 0.17118887117932324
0.7721897786637313 0.1603347347496411
0.8309897297203206 0.9148900983426265
0.48373888522829245 0.5929961170771956
0.4070286993042098 0.8135643283364178
0.7966869821661866 0.3162529206826743
0.9193233829745138 0.7794877551003485
0.18458403807122936 0.8767687068226124
0.6334229971946881 0.788158659467975
0.24760163185373552 0.7924219336695282
0.1253519790517983 0.48272255935123365
0.6878098987830394 0.566851590426894
0.7824641361855498 0.37558703101391555
0.17856178966282044 0.6683996523190296
0.33319383384931034 0.5097704609594909
0.19769443043529877 0.3605873414870291
0.21639156737004828 0.04804741177855787
0.6999171417367043 0.39651257024196607
0.17481112823262968 0.15364642097199632
0.9149559668089404 0.7016376338276924
0.18897407610876882 0.7855812673877283
0.5213315102418421 0.6998020369069151
0.5012024778916753 0.993945486041707
0.919292038021926 0.7049314481831497
0.9003852485464081 0.05197150940056505
0.51807937087966 0.1846518701716211
0.15496421957693007 0.9462734065188707
0.053669231793842975 0.6580343364874333
0.9259181345333116 0.4695981063114123
0.6860885963557823 0.8953911162230448
0.4281757047810304 0.5872010094673601
0.09396595251951378 0.19412865591123385
0.5443231266381998 0.8297401000320859
0.47298360159847497 0.6085852766704711
0.30311543215628345 0.9947839749526197
0.7148867923882236 0.4882599183707357
0.28360471795285536 0.01052799539101601
0.3989130676535051 0.5443030953408545
0.7185131559612199 0.30888768800108735
0.8078836618319856 0.21892587475906922
0.2726412000570668 0.7804154700162016
0.7394469254508809 0.398580836344824
0.5216883486518997 0.7993911676798269
0.9276737825660455 0.22511813819830717
0.9853040354691238 0.18693378730197585
0.7482142746102161 0.7308730853879293
0.5462122463556076 0.6086484416686042
0.977779026068377 0.5797806370750478
0.8675246752116108 0.8611006799996683
0.4155027080390308 0.6687247081998511
0.4681941383025414 0.4838962509025
0.4425037588742424 0.6393896119489755
0.9409928033041033 0.24072441367804664
0.7606654060644613 0.5170737302603834
0.5385763429481691 0.7051909846519744
0.9871623017974722 0.7806533517471665
0.29851661302478716 0.8083217752113669
0.9535566804705136 0.6456523873774922
0.1598191578980741 0.8296832541616548
0.8114593837043829 0.07869780798034465
0.9291617404512802 0.1305653388843686
0.5137514978910893 0.3625312318937657
0.5696886836045636 0.6873680183194506
0.9225129440387667 0.2081584816056692
0.4664972391789004 0.6446229398378753
0.15542231299362141 0.4487482513934651
0.8229611520380691 0.5354959899898661
0.3205121867336971 0.19270353897812642
0.9026604568995489 0.9444489232056146
0.3579464223457134 0.9721671504342067
0.6412461721775398 0.2450731227172136
0.9244387737364308 0.7505519818014317
0.0614477598599219 0.7474142387808369
0.004339494806203215 0.2038776170075265
0.8802362116593108 0.5334331019162359
0.993365896726129 0.9257633972104218
0.5941620471677835 0.9657506163095497
0.7962327981767017 0.8807572832065138
0.1100650380387842 0.9584263705603964
0.9298358077736746 0.6534789375169843
0.27905905737150305 0.8868380660910244
0.9467140086204366 0.5416771945675143
0.6392179554386801 0.5887578150886319
0.6471259704270285 0.9763745117230245
0.9858518737293804 0.9234241625017343
0.9810429171216359 0.23445657179163204
0.5333149875027765 0.3012856491770024
0.09938445708305954 0.2648838100711277
0.5855835306211064 0.42296317807636896
0.28006762950364394 0.49459051122762876
0.2417532921859158 0.6325943633377549
0.3088979072713782 0.9080667106002169
0.6765721412237298 0.08152017537277545
0.4956693032181456 0.5212778841332317
0.3738164006960447 0.8677059746723081
0.7204946368008884 0.3702906665149652
0.8531393596911963 0.044977611516753724
0.3563629614439465 0.7896991405086555
0.41729965434017346 0.8698152564831012
0.17058094175502925 0.8620353940018115
0.5246534342541593 0.981620954642306
0.11484360896740364 0.8881765297792752
0.9002610240497251 0.1795942578113774
0.4068625014241396 0.2875509919184387
0.8181209430552296 0.5914939990369301
0.6881296649664961 0.3393519749627931
0.18288423805529397 0.1907608529957776
0.18270275969782834 0.8631628532938551
0.1879587281021433 0.9970323684485933
0.03916466074157654 0.3719307290027347
0.4452407416112225 0.31692396406929935
0.40277912532390125 0.40747510761867667
0.779644731127958 0.5008894941446553
0.049983701517889445 0.03875562280044176
0.8390157372912499 0.6108367969307682
0.5945705557995242 0.7579168159550087
0.4743383004570936 0.8242467104514999
0.15801907544588456 0.9704018228498068
0.9897664691397983 0.831421133274268
0.13600814082710788 0.976207493956851
0.14660353143049254 0.0788972930453753
0.6247867450757825 0.6021922621148645
0.5333505385528787 0.8793437218580289
0.6797915016417677 0.6538886490367761
0.5843001191986414 0.5653713672699301
0.8608432682505076 0.6609884498686758
0.9578601275565726 0.1364593553835618
0.09355422770548794 0.8309429477448227
0.0902505465794241 0.023493205086787317
0.10157587121193123 0.37330394035451486
0.6941541708622079 0.00676675471603394
0.6643909188199248 0.5992295762767199
0.8340149240943635 0.9068453862183179
0.7454886467845903 0.36913947241746414
0.6240019811378996 0.5231826130207389
0.13743315957528157 0.5090548054569946
0.1340432909598437 0.9249491456396066
0.5505648797082703 0.8554250503821605
0.851248820008053 0.08796609262384858
0.3319901439726245 0.9799970463916496
0.719996530395822 0.6249615078457003
0.33231873317410954 0.2394543823893993
0.7437748123590229 0.48881490318495047
0.7780414092971719 0.3809311729797116
0.7061016625306211 0.5150940597991083
0.4988818633030625 0.8109917688831236
0.46231657013415584 0.040793784530893884
0.2378277800792108 0.2682300077494655
0.06589757563740073 0.49755461561740555
0.355512823417121 0.38710883398235896
0.43075782530204587 0.4020581371398191
0.6767909795102753 0.4037285347734896
0.7991815282863037 0.6231086974898215
0.16686778162634752 0.8834976035481281
0.6101987311659995 0.20850571464127787
0.4852939911747427 0.5116093064697156
0.25485844811051406 0.5203605935760363
0.5784866464519534 0.16613314260794265
0.039436634090333156 0.9826136325195911
0.12874026975655561 0.0073218894385553845
0.5703011349391844 0.07073033401868911
0.41590799213541096 0.7106466929818591
0.006958464516600094 0.20135568070783472
0.71360756602005 0.8498260665580117
0.5930834945941077 0.8772556409665968
0.5487172556586097 0.5242776002514693
0.10022739214882215 0.20362599431989215
0.22140023012287258 0.30256763705566025
0.6852841587815304 0.4698421031467057
0.2755376165953063 0.5529297388953889
0.3439971939979731 0.241042844196226
0.031425265942321534 0.7556371347772701
0.8275194599005862 0.9746237046337141
0.9368347451961196 0.3426020869977753
0.11806786399316582 0.9524886651444102
0.15978497224523425 0.0569655236178459
0.8371225645277047 0.6922267657375978
0.9188685605873057 0.6783071963147311
0.5896383751710541 0.14562305235302353
0.5382926659184237 0.8130609718494992
0.8535075923434632 0.1494678473647275
0.5000746844658601 0.0905056646405995
0.8442123510486856 0.7073711799397102
0.5811449332895329 0.4669767325449732
0.46628890262532163 0.8270688732948408
0.22833781570766232 0.8743687314007553
0.8388857822024014 0.29932115808001725
0.4816934737716825 0.3590231190046358
0.1336132425458909 0.6219640806257214
0.5587171210829436 0.904115338934171
0.8819235554302989 0.2790122108217532
0.29059478214362566 0.6065184358726086
0.3229552396344817 0.656601694007322
0.8373583301796041 0.4435372209359847
0.81948552677727 0.7290592105113614
0.352353201036685 0.958329571045581
0.09394887659044193 0.7635318624602205
0.453258064056816 0.12312433745887175
0.14961891348271772 0.3506743654405158
0.31433744208723735 0.4137177827902594
0.5598156121331859 0.08937994307013297
0.7766781839691663 0.6249202060431907
0.7155747368445107 0.19607636847427656
0.5934951016181953 0.2938149050105996
0.4975124751843496 0.193715403864952
0.9815226540323896 0.47323485000709686
0.7854574631266209 0.45291062593661247
0.6480418785961823 0.08875172616608085
0.4936278737899231 0.8419662240652408
0.7205351125104487 0.28243132697468276
0.6708998683997729 0.6652441593239304
0.14463904231216818 0.21321375666179
0.27557324496045754 0.3674767388289615
0.4599917584907003 0.2671929941865523
0.1178260794339192 0.7696508086426317
0.9441739796631035 0.902245289168043
0.810892478007524 0.9607667185342463
0.5929126120705945 0.01113251359441736
0.8670383507394883 0.2274281177993016
0.8489732360324278 0.015068217523154015
0.7571906278633032 0.9780502047343806
0.9599621054592191 0.3733122291971367
0.41075423510426456 0.9980019457336899
0.23158703234065792 0.9984963855993527
0.3032801333963926 0.35176383171006465
0.3982262251947284 0.1438389351139049
0.7524985920033092 0.03397601517048421
0.6335727688596018 0.2182201179589336
0.7086522014862311 0.36436613091634795
0.7734099435991273 0.7911668215870025
0.5483221862210341 0.3027746410766079
0.25357204828425406 0.9467163699652681
0.9134938711709553 0.4617959820590034
0.01608558264077753 0.5251831021737325
0.07393837832439698 0.3511397233807021
0.33918059484241847 0.2629387492618023
0.7751387423548757 0.44205622015604984
0.03000636369951737 0.22297026859732383
0.5953417689481366 0.3170856045622015
0.6530409826486467 0.44825728230757567
0.3416711439888891 0.2914661798119702
0.939739251118908 0.03693369744431818
0.9093545333247772 0.1564993909472696
0.11769745069185467 0.21061730654991684
0.807293967581505 0.9802083127185583
0.9729985463097142 0.5804274245316869
0.06177371959661615 0.8427074385721489
0.8352445018457528 0.44755757527897333
0.10879858858957925 0.6359663922505694
0.7404877300130537 0.20130552828517256
0.9025684556420053 0.03270225466400123
0.0674562615894938 0.17295342970821492
0.9976610923487064 0.5572532662725631
0.20540125522308217 0.2875555075280476
0.322349831615494 0.6195610379046446
0.5050889461409245 0.1459919379286594
0.7366962918748019 0.0432539805476535
0.3226333653205671 0.7121264755579493
0.7174477270205857 0.890787518595308
0.16045060326450922 0.34339427112272336
0.31074909435192777 0.6466428927473089
0.4625344243080922 0.24260913372795212
0.5644551185411129 0.5526874406801723
0.3159756622032519 0.988680529015646
0.20358665247214036 0.5941091086346781
0.4126704073888763 0.833182241251011
0.07160905654969785 0.9681650505699766
0.4698610753540038 0.19862467222929947
0.618293660451595 0.5366203532091773
0.7804896356300226 0.424710799399427
0.3185597494084633 0.3656100845877037
0.06970958096081947 0.1489414965681346
0.6427610178196272 0.15926516901443333
0.249490024052901 0.04968396467269409
0.5200167206273141 0.5194744080329357
0.6720600529706449 0.7641211269516588
0.14905493998824682 0.31840897426830495
0.9047729653267578 0.4771691281173742
0.13632354352717924 0.504909482573002
0.6639102963984809 0.5505239347361264
0.9359223939866821 0.007851984678060697
0.9496383162372266 0.5554677009963096
0.14577471874550385 0.7926556717139959
0.6811705526713192 0.2587052703532471
0.24748685997163467 0.25773097086367214
0.5405521616570423 0.2482794425116781
0.9334378612255569 0.9392060606281265
0.7941560352011003 0.5390487562359627
0.5946077551846818 0.35317426369772487
0.43448509883874853 0.62423523556648
0.5608745425549233 0.04071115837067718
0.6816483430495746 0.952450120424154
0.5289090753654753 0.7796318522473744
0.5830253694115783 0.33670470193121815
0.373424917900834 0.19847819653984367
0.013622488225939922 0.4273188153442131
0.5239837647638452 0.29847292217848054
0.9627804699264386 0.665240118411287
0.1024880778955688 0.26218375029989316
0.6436906707359193 0.014257710560583003
0.14653091192854384 0.8755529909671462
0.212280963986325 0.8159710646931291
0.3327904197837692 0.4763079555209988
0.5644433080677422 0.48145786888784525
0.2375426430736607 0.8884845940425743
0.5108856407687299 0.9084445313766094
0.14634612505203193 0.6602912919769452
0.047381040785761774 0.2284102412050022
0.1704641937763809 0.6903375784552308
0.6551376220056584 0.3687389077627743
0.1737076709321428 0.7667438258532417
0.6201028397729125 0.4191039958427041
0.9259340083474135 0.3015575372959971
0.8656757607561683 0.644999437698035
0.1649071719010804 0.3037363449945578
0.7225891012380217 0.5027001146839631
0.4676955781809451 0.412443748649449
0.7256949780756414 0.8622606649601361
0.38563674505496626 0.8796417523038627
0.5118441789929353 0.5972384923994638
0.6223509011689994 0.7608003009350506
0.6858076939871334 0.3571034300226239
0.3131511844883792 0.6055919485378165
0.8124481331498117 0.6904059715487745
0.2746900426277956 0.34252928116064885
0.30095460082306813 0.26606375691206985
0.700669934458263 0.0484169274652404
0.6630487561401246 0.8940596437657684
0.23226344451959724 0.8934009400411316
0.15137611657560957 0.9721983837751182
0.8116351616516879 0.5618238004566043
0.10176778574796486 0.5111246145471984
0.3011517884510182 0.8313654818424383
0.6211388250172587 0.2668704091769263
0.39638179545972796 0.33940844769237866
0.6588241008229527 0.7732990506118989
0.8749282661748947 0.3451708513323435
0.07450952717579606 0.7294245005372604
0.06794523484764392 0.006241040038259982
0.811109198992291 0.8561821072326443
0.6350763849102439 0.8231079019468124
0.9638443264837184 0.8886537435901671
0.022309726091338966 0.5939463108174932
0.42037236427619495 0.766321416471927
0.20033964880328825 0.011362373885704047
0.4656924966307614 0.529677245435183
0.486410540423897 0.5376552281352225
0.13557793253832062 0.5971664687933711
0.5365008255784722 0.025681914312715826
0.7965938422371206 0.27448260286729886
0.7994212090544797 0.8214387452679293
0.41663786122057256 0.18313363525859128
0.5504986118540642 0.4705865477771367
0.9164160590580881 0.7873784173023379
0.8870420982381841 0.9638290477911757
0.6222400005782895 0.15278621385602786
0.011201925416603808 0.763872248020258
0.867904092882483 0.25251078630694446
0.4373787101582083 0.5085179093240064
0.1878375613063179 0.46245311027158675
0.1487111091085782 0.5387758370698268
0.5251593959241163 0.8866572926980028
0.7419333786558764 0.02392074991202997
0.2530312389695595 0.6309895614959364
0.1253320581580566 0.41618897045932135
0.4608814869258524 0.2930630328241288
0.5231286124780552 0.5601092452971774
0.541971813452609 0.1633400142326038
0.7598065472080073 0.22386303308889866
0.8911003912898086 0.7522983958384504
0.7442888097344966 0.5236102698125713
0.9870418760638096 0.4193892091291862
0.5078977352090532 0.26182478450677227
0.17940042667556444 0.7886284820660487
0.8982752492162855 0.4788696257289802
0.024413711831458684 0.746324637068416
0.05394120412741965 0.5414538830656479
0.3242372404728324 0.19508062163167827
0.2479255333642827 0.5946744855519679
0.8027793371239991 0.04548296856643641
0.23524883105034622 0.10971969265289139
0.6567807156368655 0.8853848399626916
0.3067784585945619 0.43230347844639994
0.21529179299076717 0.16746777899366005
0.7616111558802299 0.20655816438872
0.5138842963197081 0.22980566707484829
0.05871846539369585 0.7497736418468819
0.10978218656970506 0.42985189645215294
0.18593318526544178 0.20853236522063168
0.42339978425502145 0.4018732580030271
0.8399688462183723 0.03745706480252764
0.3977281586931527 0.6635734101364024
0.4451450360193221 0.5934127573745935
0.4891263908322969 0.05732703223547708
0.31861725341773095 0.24228650886098269
0.8765365723153142 0.06125896666571751
0.6496759685181968 0.026184528786507677
0.7614440873821877 0.8929495755974262
0.3006310051410501 0.6269787350230116
0.16664905475089853 0.31567598579444844
0.3006003969676405 0.757454996738016
0.31168603216414037 0.6765571359904163
0.8491971673973009 0.28882232493009696
0.4468450319520767 0.7738247368046691
0.9136850399606271 0.19423332266970483
0.5133882335355557 0.970561426764958
0.17815350960079224 0.472739178441282
0.3047263954887005 0.3990064715399062
0.9793007801505498 0.34808479576448415
0.42689524434080517 0.470450161378408
0.2527308369234529 0.5521373313715539
0.8480825472069833 0.7482141235177704
0.5744458118500568 0.7201332230717654
0.6811816407341571 0.3799961804476304
0.6348304668136207 0.7186004895387808
0.8737292117538147 0.33621642569479615
0.5214752617699125 0.6786700707165123
0.15908541822472477 0.07890605282237129
0.08766550438620646 0.02096137806047671
0.11243823479807369 0.046559645433080776
0.500689634357312 0.8927368826761117
0.3035509456484593 0.5124012860092362
