10 3 100 2
1134 1365 1455 1118 998 1042 1027 1040 1045 742
1129 1231 1328 1132 1258 1038 984 1039 792 911
1277 1445 1729 1693 1521 1292 1266 834 988 978
1240 1408 1500 1531 1008 1079 1209 777 842 988
978 1353 1173 1126 1168 1094 795 763 775 869
1146 903 1152 1140 1134 777 756 756 917 684
942 1214 1117 817 1147 1066 1039 1021 906 709
806 934 870 1005 828 744 895 738 815 625
979 869 1066 964 749 860 911 582 701 870
905 809 754 725 663 724 779 891 524 565
7 2
7 1
9 5
0.6143430825612058 0.7015096317823668 0.43395132059508523 0.5630423141586887 0.44238408167418897
0.689397073175414 0.51279584888374 0.6993262814501968 0.6521226678825612 0.44704161406487364
0.6651864714221503 0.22516738006750625
0.28015474297105003 0.9193358878627609
0.02248688741984317 0.34833635844745436
0.5152859573715061 0.22179597092933445
0.361979894727646 0.688385925071453
0.7804017269422887 0.6763451328126611
0.2144961171798303 0.020577913504354894
0.9440179832762421 0.9121841099655925
0.2180819894851309 0.6198592709978465
0.93430652354825 0.5613142248424048
0.5035959873497708 0.035246533322517815
0.8982272112220784 0.5321667778775467
0.25506579765270687 0.9843582197124028
0.8239807087123026 0.9331279526324809
0.5204987643567063 0.7863386774151075
0.25831768051148263 0.14035875219182636
0.18611724118447515 0.913189665283731
0.49455189366836905 0.35153959059295015
0.09844441508429913 0.0019444767351917136
0.023144776280104917 0.29147108313448666
0.576037230407072 0.6038890307442861
0.36513520183192383 0.805561423969531
0.7683193730731317 0.23274891246186846
0.39967287399760965 0.5880384394885638
0.49923825189671 0.7053462090614924
0.5593540432995545 0.2723492489305439
0.1635771853119281 0.45298879532677283
0.5066150710107282 0.8002829655573995
0.40735449440771965 0.2971166393889013
0.904942398824724 0.6504733916863363
0.9951696280051803 0.970267649426747
0.8076103557015262 0.6042095459067145
0.535474459986919 0.6668685346504482
0.17352307715455506 0.4485363590445455
0.07599050225426263 0.5157064235422351
0.7087313428949948 0.32694356988698114
0.8992313415683706 0.7705539804741532
0.09457388418018597 0.47142118604497174
0.9817948549048918 0.8561384759546069
0.012610479908814698 0.5903121247183685
0.8787405001405142 0.143347887411732
0.4267810676613908 0.31295219870961355
0.8037535260394351 0.3184062355412913
0.16398831420866666 0.6426852946234896
0.3013070998818175 0.9428822898692559
0.2619338757989138 0.33688723755719363
0.767021953195665 0.24467163191614083
0.09668517079570993 0.8968751149512424
0.4087644044552108 0.6370071141542957
0.715687079950158 0.6303945101733319
0.7413497197765206 0.3407451896748308
0.666876902705916 0.714645547142229
0.40607752753243154 0.4383932790804512
0.6306193248943404 0.3448120323097619
0.1809297327325179 0.9749864473234029
0.10075904958897408 0.046979825390004226
0.3668562773078088 0.5301778633024152
0.6477760469304117 0.9177995660182265
0.2964665853783741 0.795902379286628
0.6336002161952223 0.25943997581831235
0.9845018789972435 0.694747727126475
0.3506817666280517 0.021317668807298462
0.38978047759142176 0.141296084272875
0.665493243617582 0.8412170413454507
0.5576172265981936 0.2815022977979009
0.06030180253491779 0.23527710290385895
0.4869189287747675 0.4810335455554906
0.901275553934828 0.7989930788262878
0.9785074089927948 0.7779307344332216
0.7539814000651757 0.6123439713853813
0.9793094644689824 0.02686049841186322
0.9383336815791181 0.7689817229948985
0.9044505696185268 0.47912470693939624
0.5306210833864586 0.3184571067394375
0.159333962794733 0.8608880553083378
0.9899819021001299 0.5386280205410385
0.8515165083458445 0.7783802073517412
0.21646718802801113 0.5313686879904238
0.0519815332892124 0.5153491520737368
0.5054775931516811 0.5855377645005051
0.8189114136763436 0.6068308167768235
0.20444496265029755 0.8722331599224293
0.7231141047580183 0.08986379027020308
0.6978593924976575 0.14937334969326965
0.24311017095385834 0.2555001769309293
0.6196221214818527 0.10711498621220517
0.9959195458252004 0.5394619211567357
0.11589226219449378 0.11533163815571457
0.33766522043207337 0.49061854489336043
0.19716967327478785 0.35939531125130175
0.7880878371232589 0.2976637161509672
0.9534863257301736 0.6943561576012169
0.9359971593933727 0.47340441131044786
0.7566746151727997 0.018354611583679015
0.4599046773945674 0.7691951214553323
0.3449869498887048 0.4417519973101962
0.8332304752550543 0.6867032161486895
0.9033240786564123 0.29731795881198697
0.26503017319988387 0.47308600665562506
0.9543632707452272 0.1673348332642297
0.8568933745999632 0.19023494234853477
0.4363097227415018 0.4368442782634512
0.29021510103703774 0.01441098018073772
0.6196467434528738 0.9337491044668302
0.8830499125452826 0.7621913350769236
0.5487795609792123 0.5106866138983817
0.4312905636218809 0.690397445558375
0.11971831423869306 0.965648796354166
0.6773536183295426 0.06699913664942314
0.3620686805923665 0.5377698594405238
0.2569405515224863 0.9861381026597134
0.6455962556987975 0.334105984863307
0.03392360207680878 0.5002796127732401
0.45404135736827667 0.8646524398212057
0.6107226276945079 0.9901499832672409
0.4696815996832864 0.38390547951748255
0.9445721672546061 0.6805743459449223
0.42833206277768165 0.7639408887073658
0.30242685097719213 0.029749225196060936
0.30982318675565335 0.00911938882580099
0.18426283120737397 0.2753399552602498
0.28408780624633456 0.5622103784651198
0.8799167288719496 0.41069091062688523
0.2990838208516393 0.38017925625131377
0.761358652162154 0.013141602335457803
0.9752094251202137 0.2739650016068296
0.7366443992710656 0.6915531283166425
0.3215917037388838 0.7438803436476784
0.1660503966054283 0.2967831462487245
0.509921536329468 0.608942013308265
0.10549932704409382 0.5441372314193236
0.4651571560816081 0.10351430330264755
0.10179220076141848 0.5605095592409612
0.8678828109923993 0.07236974666992446
0.919732353173311 0.1461946969249437
0.781235513101538 0.049306187779701416
0.995878793831313 0.6719843475304137
0.5031776458343926 0.3341319403937373
0.4547299664807505 0.19715377023112324
0.01484314502405204 0.3823742717176135
0.2851459512318524 0.5325085955383906
0.7619179930879278 0.5069980074388589
0.17420821434496858 0.8057453579360452
0.8482800336006917 0.3501905328093191
0.526940496995995 0.9079951997017643
0.4113251778003424 0.651030476381053
0.7052150575957961 0.49233737576435477
0.11163835785037457 0.9952051412678025
0.6555605441160908 0.3078002554502932
0.24955479110041656 0.727827570872492
0.15535618601746637 0.15662314342397687
0.35006773547279924 0.8024592523197442
0.596798272764596 0.08263385913738297
0.15759772907248903 0.6928432763445489
0.030805810748518958 0.5763338813778314
0.14023613463075857 0.021338799533840103
0.03898728656140671 0.22345391027963002
0.690204820597722 0.7258597548923564
0.6077025098261877 0.2802372051474993
0.8740256373894977 0.019454715291494562
0.9310988907898463 0.763570978616779
0.11976401214344268 0.7050094551796513
0.04821086632360361 0.397571405772271
0.15866479412074685 0.9704482634275167
0.8873734744879247 0.43885391114694094
0.2614754427555288 0.23905825767082112
0.2606866159355474 0.9687679177703816
0.5598221046891769 0.882247953580767
0.9215949851349436 0.32611960784981897
0.7862116331764504 0.5301331585340705
0.1765587629219354 0.579283744183479
0.05555250999273098 0.8963351741182655
0.7871384431171129 0.5053632008222462
0.5285204999226338 0.43303244634891525
0.08559215652698948 0.7894823548323955
0.9216345326758653 0.29461354041488996
0.2820805096105281 0.40796426363987837
0.3112086671837615 0.08442374725060531
0.35661220358252455 0.043609638924514194
0.9599508071272491 0.13668009682457338
0.9955448039600092 0.6471258206405786
0.5344362933293212 0.3672642503421548
0.10419055998393878 0.7160472155645958
0.9645749504185124 0.2267091384329598
0.601434061035778 0.9961758850682776
0.11980687672788948 0.06048416916821564
0.6528771246068517 0.3492833535030746
0.1502887588902162 0.5950748686707756
0.23406461197271633 0.4779602977543238
0.7144180505484983 0.8614456349352679
0.3715041324827346 0.7416715299095482
0.32309301319644645 0.6528342212103853
0.9999359265188434 0.32208987266791755
0.37004023549284204 0.4098996525694838
0.8884408102010732 0.7886956314670015
0.522850578432321 0.8545415491906536
0.12184172745400601 0.924434028549461
0.7267120329363304 0.735677741472204
0.31030330773442416 0.9633323583658473
0.6649643745587561 0.7644600494886085
