10 3 100 4
1100 1476 977 1581 655 1246 1410 495 1087 1046
774 934 1048 1615 1551 1273 892 580 714 1206
1381 1057 1564 1481 845 1325 1318 1187 551 646
531 812 702 814 818 1230 1613 513 1488 1003
1334 970 842 1065 730 555 531 553 1416 737
965 1614 547 513 605 1267 1313 711 1438 556
768 1329 1358 703 770 464 1237 1194 851 1520
578 984 1227 1020 1211 1220 826 1499 652 748
661 532 641 775 625 837 614 1409 719 1589
1308 1196 507 929 862 791 1414 1037 1449 1145
8 5
0 1
4 5
0.35593997732087235 0.5012033554715205 0.4774427386751348 0.430887288251788 0.49690328046465815
0.5035878896521973 0.40373738198848796 0.40317770454465846 0.7272152809107221 0.30946379509418287
0.468903178846944 0.21123441334327486
0.6955831853591101 0.6458192822992421
0.5935548616539752 0.4595573269112443
0.1882674799968691 0.8690559552039219
0.6983646064797087 0.707428508774743
0.23075720009787792 0.42906515569095527
0.04223839794653039 0.5547499097345419
0.9102237216311364 0.12319266080539393
0.7906916972611189 0.07211067547922578
0.13147692195965854 0.9257311669434918
0.9214158084152999 0.44056062102192106
0.06076126855396491 0.1381439407927345
0.5625281330129459 0.5681483355028436
0.964720560911464 0.8025215230158971
0.9545366995197153 0.037691118006850655
0.073246265237356 0.6724981708661697
0.2544217161710065 0.8907504897151439
0.4285910955575216 0.05440425084032818
0.5534137245998172 0.11932652398152488
0.6723842751684757 0.31292166529389576
0.3704341205494215 0.5332186508738705
0.6784371012697592 0.9214320465470054
0.2937473737649172 0.3153544168157332
0.8964558458127945 0.8200233401148662
0.156176007096555 0.3686228686533264
0.4497687204004308 0.9542614671523661
0.8942356818028685 0.09437795786220393
0.6233303856177435 0.47866106028931
0.37531173223566494 0.5711883158501905
0.8068055361352742 0.6358997797379167
0.4944283719161522 0.2285174319901433
0.6451111170404216 0.14852594885651915
0.04491626696303319 0.7894836382726516
0.17857575345726273 0.34901079082769715
0.4997639568420382 0.5173975422928452
0.9047578791646047 0.5028071869711317
0.5834732443235384 0.8708346251430192
0.5390770323623362 0.8123198670720604
0.588464863969282 0.28974070999862334
0.3583640557995087 0.38433810904937493
0.9780676056522879 0.3451190057414657
0.15776551255180005 0.6869140852827351
0.6154398106857548 0.7549805913061973
0.9120137403381146 0.7356620550090878
0.9186771597415813 0.16940729132826693
0.26081865140113014 0.1000826767355385
0.9283219053650262 0.9967710755712753
0.9274265999445153 0.07843392928479198
0.5415265051358358 0.5056430993075238
0.6172579556358606 0.9142038475819112
0.5184900936730765 0.4685615749816907
0.39101962236109356 0.7564225032193674
0.41560666282563785 0.7532960097518684
0.5815068136988613 0.5512676161844425
0.11910011723699387 0.8787184406151152
0.49570054615319203 0.05753871228051444
0.8055445966878398 0.6606407772646727
0.8602331054886385 0.883004640770062
0.4107657618848981 0.3765305345277816
0.15487579315576117 0.8004305347080378
0.3200888190636313 0.6647988542963648
0.8921996557535068 0.5035071474676047
0.27999440969606537 0.9887284839331545
0.7157652874548623 0.6140344425142621
0.9607389258043977 0.9198113662587426
0.3438458779238318 0.4639295477886023
0.587029733733047 0.09298238532451375
0.6852873842217742 0.6191826715200519
0.9456424745164338 0.6214885771115948
0.629298593345454 0.06759858693600718
0.9043058507822352 0.7620153437846022
0.1584895931259167 0.536023165349423
0.35962311932770263 0.7921170086467564
0.022977084270369152 0.17490548444511078
0.9539533048020352 0.8745048706470298
0.7283128123428411 0.9178245682574999
0.800546055701211 0.7881421128634043
0.13110392380375213 0.8851521246636787
0.6696475909934818 0.4270172210905028
0.9094519476121794 0.49011273849105996
0.5389429803534833 0.8951628846248392
0.4077997018807389 0.46357888103403044
0.36931209586634406 0.41445808045316856
0.795403070480426 0.20198192533940018
0.04168684994023408 0.29935241565941917
0.2824525398526043 0.32944518410326973
0.7308086878996609 0.8792609909145535
0.1784791083110402 0.8766480893764064
0.3281372837683407 0.12996929637297772
0.5129971653927461 0.5631596258377094
0.8536558763935918 0.5707539647114828
0.19353159895194616 0.32049588005010987
0.7020634982212552 0.25524755175459934
0.8519853671864503 0.6198482102687815
0.044905602367090625 0.8014094738386772
0.02792172965265305 0.42805614333515973
0.4468552504508756 0.9251679303420717
0.7389000472797915 0.10071365358693418
0.4413963672335408 0.10621321190846822
0.48981435904707116 0.2777598527609553
0.9923663968640908 0.7118200749052814
0.8180321844343406 0.3347368317421058
0.6784750481789301 0.7999155497142416
0.5659156669178205 0.7298055472524096
0.9512624375907655 0.19657287072184637
0.13249481575915634 0.35189465781362816
0.1072603582958227 0.5327442294632778
0.32876077771130396 0.4437452096182317
0.6704683075245954 0.7851988056811297
0.11388702809470419 0.9346482141162527
0.687231220486954 0.6694178725783713
0.32057091771317214 0.2599880127070304
0.6413831682141595 0.862073385448187
0.27973788773796393 0.05490298496613222
0.8220369658078497 0.019606110913916064
0.838985616381869 0.7435394834685716
0.45003253236534446 0.25869637738280793
0.2082042286758019 0.1458719989032089
0.9754281989471916 0.17042347109335632
0.820459086613015 0.4818694623028512
0.1156289601893068 0.040943273149068427
0.2793891113436531 0.9409062676065254
0.18178615172489065 0.5713060586060159
0.23548184599716016 0.5530576319694491
0.5188047632708879 0.6453026950969938
0.2753333579841022 0.706756832878136
0.6951742481817376 0.31104428564061437
0.4243428511396028 0.12665751303327966
0.2618651532858105 0.7903389336381617
0.231716249098477 0.26649162172701235
0.7368869722524805 0.08070577081206598
0.9743992722366281 0.06990284317104534
0.7139664456669481 0.8158610220797688
0.06303443816644405 0.1820207654051913
0.97023945716797 0.9517117720897281
0.5791988899125802 0.6871140591607892
0.44100649896570143 0.4284888068563659
0.6762462857048404 0.03729625901099354
0.1446605666746299 0.11343543784405119
0.16688992839253491 0.5431353476576775
0.8801454105533155 0.9698598919522599
0.85131630355772 0.32330002328830654
0.5611170120990951 0.8204873549894716
0.7726368465497488 0.7753370346102788
0.4080896502755875 0.45356755586825104
0.8630594810243957 0.358551520744669
0.11751207762982596 0.7139750331929318
0.21994335401731369 0.5843157068418594
0.858004441790353 0.514758741228978
0.6740667191086256 0.1779502551875567
0.23236995078702005 0.7840904346497326
0.6836132780931883 0.7290581723576357
0.8917463747692098 0.32615836726770286
0.8133701329789127 0.28115767337922093
0.8133559955048035 0.11346572009897526
0.89662204187183 0.6837526004042902
0.969544899948829 0.8382786406394644
0.40354013662432897 0.2291427636052097
0.5707309467887605 0.053490062656970094
0.9877486984425863 0.2750612616370762
0.5011912596226182 0.18505088956301563
0.5544440471628096 0.29096187433465137
0.6772532037666352 0.015992290432066847
0.31927575933512364 0.08581559127660654
0.5503340298283173 0.9066365232547582
0.3456069539357858 0.4931463459624825
0.6192753903768751 0.423884094221074
0.663287283872616 0.5025158260888567
0.3704401098530028 0.9344873805188854
0.5123170072855425 0.43182591004745907
0.2128583008607574 0.47234459107645477
0.6367769655643156 0.3222888669535713
0.537527603795801 0.04640459926666307
0.9306740224005832 0.6874554746042096
0.9435707384642249 0.1475341922308575
0.5997624570885762 0.08376015688892058
0.8797482374147092 0.6261155195367363
0.4654762304847835 0.09173005808765344
0.4637301614902969 0.6471689605328454
0.340365878217322 0.4226024230543104
0.9197876991889047 0.08202989044624243
0.5156067480306217 0.8332716968876106
0.5581466911664226 0.02002916341015526
0.09029350353544063 0.8277382519593035
0.6590847154011477 0.4950866297596519
0.983426065823602 0.7349361819027047
0.81654925148049 0.4237716901018258
0.15305318662904077 0.8346581936981614
0.727249961991433 0.8279583985284846
0.4389764461372674 0.9659624080919891
0.6502678054885183 0.3144471608676358
0.024450019123889888 0.1262511930422534
0.00014122909272717976 0.4991623013680546
0.2985759267215975 0.45268755620298395
0.9787535977959101 0.0010381202524487598
0.950803696796239 0.24987951230528438
0.20795602527718637 0.2687419424544739
0.17286691922805564 0.7661709958448972
0.09189549630833782 0.7752323975238047
0.5818799679989266 0.8879208935331864
