10 4 100 2
877 790 781 919 833 755 615 772 799 711
731 789 895 1079 947 831 725 782 761 787
768 947 950 920 984 841 972 739 621 830
893 922 1017 1205 1169 866 901 891 879 821
889 958 1272 1291 1252 932 933 1003 896 686
929 1105 1253 1549 1438 1233 930 967 936 972
1062 1443 1710 1919 1446 1443 1041 1001 1011 765
1038 1191 1249 1660 1273 1288 948 981 815 971
992 1104 1154 1207 1132 1075 887 981 814 829
905 1049 1154 1287 1164 916 930 975 680 771
3 6
5 8
7 8
6 2
0.9672675605105701 0.7784579246763275 0.41247953132942333 0.7544609451535915 0.3544226035876843
0.4320926414634228 0.8020191221037127 0.4993273597122973 0.6693862560589061 0.3854460037205232
0.4137979233275377 0.8807371976476492 0.7966589623727232 0.6190768658486177 0.2484391251671262
0.01243173342115278 0.6055524492146531
0.9924202020228521 0.48575712443221875
0.6716504952184226 0.5444377703495118
0.7716053467642736 0.18121757861511223
0.761280903467586 0.6962144426775452
0.7186262366250413 0.517803014340428
0.4528484163760207 0.1832132001100324
0.2817382378322819 0.13742120528054946
0.3179222252789875 0.8518884609897399
0.5724423372781207 0.08698283953753116
0.7556405777508817 0.7660583419809632
0.06140644668628581 0.6061280698025209
0.8395319784136313 0.06617804551969741
0.5440458103015315 0.9517401079843502
0.36048877707653526 0.4627357930397207
0.15218528645130336 0.8664528835568783
0.7557325292739945 0.2936898374617043
0.42972664106496583 0.06433119283920874
0.681881424683128 0.6012919239018968
0.638208233490698 0.5697220943003833
0.9867827195830166 0.5926588800356105
0.6718460903543912 0.881973342866976
0.6881233065115215 0.1112533634930557
0.9986439929992508 0.5605238137931605
0.910089821850687 0.7560116764237166
0.561042501405179 0.9427159339889004
0.24163993958612373 0.07147714389611681
0.2614604223739643 0.8421277821867592
0.5092514811343078 0.38519724333956584
0.1906240183435175 0.5013756328273098
0.7427457970672313 0.44734048124434467
0.024930197221522343 0.34021828346522254
0.020549758417405695 0.8229576926363891
0.8285085882124446 0.6000531407462522
0.9552621169715112 0.16778328403193488
0.8508592261147787 0.028037499000016286
0.9297803986933357 0.20894945588930502
0.47703328971198977 0.30929873561967014
0.6962062954102088 0.17778443384028164
0.6652843178813297 0.19415015099853083
0.40739575992719246 0.6963114562078077
0.8186361000779485 0.8929252369302423
0.21302861025399267 0.02590098153553
0.8972320461084102 0.4721354539874576
0.0030502449488702954 0.7504857432298953
0.12751955134110382 0.6534435257514617
0.4969731012079144 0.08030501207486584
0.43032013017615633 0.7266858673470313
0.7236591719827168 0.10777971737884728
0.7535710751781897 0.606939667587213
0.2356202088288637 0.0063242791597963866
0.877224784215765 0.33531054951175077
0.9133413794949425 0.08553124691988234
0.7967789295991266 0.7222881015114104
0.9698417486846831 0.06855960982906617
0.09674307976211116 0.9351113232412438
0.7526075466075011 0.35656580329910237
0.09003210915157522 0.5594316890255093
0.4446332987922845 0.4421420567485739
0.05360569493953027 0.4984082778788219
0.7105606362903507 0.45768392722843254
0.4113641021075094 0.14445153135071664
0.3473858311521041 0.3346322135464006
0.8574301149159536 0.7760990806128165
0.34611011418636517 0.9633460418142104
0.053303126992074956 0.666141212981771
0.17607275627039054 0.20646260373993242
0.5401293658089563 0.5193239939532979
0.9408485818189862 0.6360004276991196
0.5658170713765964 0.9251311331053966
0.5446466177351794 0.18007144335780412
0.5031262474034057 0.7753303952658936
0.9747629334599146 0.8447367534171959
0.6479465298060669 0.9402949111857719
0.2302864640965423 0.009353745031175587
0.8758463068853359 0.772853669109498
0.8658737599469752 0.4543435862497034
0.9509112293382016 0.5682440172954599
0.8640108448611208 0.16113455214690298
0.8576226143300643 0.10870652534971326
0.21435871071594348 0.9152514378738108
0.5172578760528053 0.7154124629243599
0.7901399355003096 0.45966549625894415
0.26287181014304806 0.6677750033618479
0.6324562239188969 0.973813675682863
0.9502247225043468 0.03583739644837114
0.16629215591217372 0.39007701579337906
0.4040206384916718 0.2799379153983894
0.06826013896374539 0.05233287891773486
0.6128715237409441 0.6962448286918252
0.5166179962573036 0.6919063593014452
0.06459038212783552 0.5744211444315535
0.152485338160129 0.9852665587239493
0.48882298261126733 0.8169145541637355
0.18752085615883862 0.9360376898443326
0.5668330056621012 0.4999267649900614
0.22565615128643546 0.17271595902521097
0.33572081667077347 0.7673999896611288
0.45033274748183794 0.4766018373191778
0.370394544535372 0.4659241301699115
0.6299312983431058 0.19808491189844069
0.5611710462047712 0.8817956729442324
0.7325272990346399 0.8957700168961606
0.5396922202218488 0.43605261546121854
0.6414435908592913 0.5354796254745688
0.9422741559045318 0.5772932006271132
0.45549649012140603 0.23590262781471671
0.9595655424663538 0.8437611616028446
0.42992581371039096 0.9709837179544965
0.9086254176238899 0.17862061968779175
0.7987477128700942 0.417351190101241
0.03591223445047742 0.2734358031898574
0.7411862236120956 0.4114183072889033
0.6351604000404836 0.42503618765629203
0.9264720957272801 0.6424653496467381
0.5262443418503564 0.5471721527498137
0.3792008298817764 0.23078073719085124
0.05231983732911871 0.1702862174204849
0.27944392784939054 0.5788966849125108
0.38344710331289233 0.12991889570278348
0.10072823791558183 0.2632098955739153
0.3376793520280028 0.9993388957382912
0.47061140898227327 0.5511767037638742
0.4551586966362273 0.14992931951360156
0.8788557704672544 0.8659889594716845
0.889829966731668 0.03832904248478153
0.4955505662934523 0.6309227938048059
0.3017600618078644 0.988604092662138
0.8556960286847146 0.29995068666471525
0.7750182575523488 0.0746799383850103
0.41037414146631424 0.5623847892194156
0.5079863314516799 0.9481520870331019
0.7557534050841033 0.1356405975236905
0.2583773163328915 0.8506600558941584
0.043142685299152994 0.14034814723022015
0.5907988998720637 0.26248752358160066
0.13193360425822664 0.7444256388311778
0.41875710770535024 0.73016708613057
0.6482528958014828 0.4121192156775402
0.6910850121330545 0.27117373101308506
0.0072459216750304645 0.42864950002702784
0.1004004115330539 0.6992532600084913
0.6580068477726089 0.5829179508439588
0.0027395178941653775 0.10477641647925195
0.9129185372589392 0.4935394870611032
0.4692234988014552 0.014324893802535321
0.86104240579816 0.9432697025303147
0.1875148864221743 0.9610872395630503
0.5285428815738307 0.8082953065038414
0.7781883942134569 0.7383870302466347
0.38250586294974664 0.4278289891288256
0.968281189533547 0.37815903326494604
0.9987175655994431 0.49886696318464807
0.8612317561045209 0.7898141821650211
0.8719680906068052 0.47970649037726476
0.43790435711986664 0.3002295907668582
0.14266491400391756 0.1267838733846045
0.4786869175989674 0.7843694582369758
0.21015132485488452 0.03451438577508359
0.4935449293814125 0.6686016569272712
0.1719636570358989 0.553849641809371
0.2469097495155066 0.44834922778218966
0.41778082851341036 0.5032167705048871
0.07193034733094628 0.24178002680559407
0.9768356946887049 0.6672507407351995
0.5881830511580635 0.7717087385582042
0.21729580654924607 0.705046883166756
0.5093288687885158 0.41723171523721714
0.7370538846321959 0.14489221124511786
0.08177073318649586 0.6119033040508166
0.8287125065476286 0.10337041410176018
0.4971117427963403 0.8142463928251595
0.5090877605065578 0.11032560418980264
0.7532996642633074 0.5106138454785283
0.5843797381764939 0.9012779697278355
0.9735673050829323 0.08351283461118753
0.7840099534767087 0.45968849002671663
0.30686629628711715 0.081286304667197
0.624432029053337 0.1937907738870095
0.6923028717569473 0.08853148979640979
0.12251095010252477 0.5228092303765015
0.792181532606985 0.7818346032377494
0.2033647542565038 0.7009400326588937
0.032463159281453935 0.0338454502401655
0.6728333306549041 0.011753520020661101
0.8381512718416482 0.4011860555680389
0.8687537240328398 0.8695902221955953
0.239775275870854 0.2700271719784355
0.150461267831961 0.7113502555455578
0.506377140829511 0.034746283890529917
0.05724120327851501 0.552008625286718
0.11325642827673366 0.14143929275767486
0.8186684274539413 0.5953473815653598
0.674110474643473 0.337922500205182
0.152965440711603 0.3250333290006384
0.42810594297919136 0.21888828808358274
0.04735108736965565 0.2778084668307612
0.30727700474401454 0.9287982142076829
0.5117450853589562 0.994699530437918
0.44193436891148274 0.1421735680461773
0.2039587774839604 0.9650299947249483
0.16742010520548356 0.6095193495707321
0.9065712005267255 0.9274509765076049
0.7356654161844758 0.769734216868434
0.364429361929822 0.5175109192555503
0.36807168893326314 0.2916088962175003
0.6376229568477767 0.604711454148102
0.2115920334386503 0.551803596775452
0.6255955202418619 0.5060633403412333
0.29188303599718246 0.0074875905643840834
0.9694111799069614 0.5462858328164726
0.31689970468214224 0.25378617618226085
0.9487348296579279 0.44610747365492553
0.2575474518036316 0.17202197383916773
0.029529407927963547 0.008357457465052232
0.057786654662239645 0.9701185145040605
0.44752946772804414 0.39964931600988596
0.9686814107117332 0.12501986304041113
0.5301242390137397 0.35858697811661555
0.15970860944518983 0.23703841500183875
0.8572879852856978 0.6528512611252462
0.5467526745977058 0.7812565768433521
0.8528662983133362 0.0011951092334421265
0.8525582925753952 0.8662782018501543
0.09869533299301358 0.9764912367669978
0.4905482204568643 0.47407152360059146
0.11560570154808869 0.456785847864579
0.8625813805650189 0.8602634082414886
0.11972081565313308 0.4162617269155451
0.17367834063017917 0.5197238041241203
0.0017220985301182878 0.23875786256589437
0.09229899015086152 0.7188238138071938
0.15686204525888847 0.1573020706824826
0.8323547482255806 0.2222168205438677
0.5980019023167598 0.9150960440462763
0.9716709792729066 0.5074145861469037
0.8555770256631476 0.024139084726224613
0.8682550288072264 0.0840687548771939
0.5478053441902913 0.2587170542473256
0.8525520068929051 0.5099848911733191
0.6318947499246439 0.14620834823574813
0.9962658114931744 0.9212823268204404
0.10486824728626587 0.764720619203745
0.2422964420658995 0.5028145061834026
0.12780935077007438 0.1349893749249924
0.3177251361024944 0.8673625238513161
0.331023672081294 0.448735197211797
0.30368412145482826 0.7348735683827234
0.6322059761815404 0.23379784344423826
0.4130516245656064 0.7561224408735627
0.7452278312123566 0.8114219786097796
0.9647615887370844 0.6487870720215991
0.7562005880023435 0.7749494556805776
0.4028614872626768 0.42631097277180263
0.7362643142911607 0.5178597573700321
0.486485013170316 0.48653604881614765
0.12734991964283648 0.9094140661039363
0.9785278766964876 0.9953721525770218
0.5882173158517523 0.15262573967562387
0.9216642396750445 0.6055832825246974
0.919554898758115 0.9280723126234987
0.24545287460995424 0.45869583893485144
0.5844755661032086 0.6500796122670573
0.3546887956692071 0.9016871428958861
0.9640529148529027 0.6559967244161866
0.5435975363653982 0.6673559178485495
0.5650152576020584 0.7923157332514015
0.7047875677282298 0.929754784372748
0.38753137234019364 0.35411239236411585
0.25112554907140616 0.4913793960496944
0.08966891086534834 0.14040951297896753
0.9219417971884862 0.9135621396210152
0.806821840379617 0.8978101960478473
0.47194539087503773 0.005253032885353948
0.05385864537621754 0.38746838293125996
0.8230216645419164 0.3524172136368333
0.28320834113907 0.3670840125710473
0.2616187705860866 0.6296293959947039
0.2992119372025521 0.5788700472895099
0.7863067080514126 0.4761760818971885
0.031932885880783246 0.6681367221964762
0.04992903163045859 0.18947653575117296
0.8425071960943713 0.4400071594340087
0.26336154544459256 0.7948372026193327
0.09774184374723993 0.04324846946417149
0.5076815631776581 0.22276690324538473
0.8702963301565194 0.40613186726051653
0.2667281671202315 0.4302451513007861
0.6603611518640569 0.6307026092950527
0.9990480575786647 0.2578246842337777
0.7110659208100918 0.7173004201050408
0.9264561131310876 0.7784104697403722
0.24759424674811248 0.9609516952662001
0.16614555966400624 0.20212516143765313
0.7887075212681327 0.28102893937651596
0.6378029030281978 0.6419827570042507
0.2860411362056883 0.7097646846047942
0.6121404792890779 0.8078377410913427
0.6600420320765001 0.1457169061648418
0.12554513086554753 0.4153904289581478
