10 6 100 5
869 671 461 478 939 531 948 381 947 687
644 363 952 754 872 549 584 438 732 714
684 849 460 529 908 529 765 569 597 568
366 765 765 703 705 1389 1326 1436 1276 1698
404 891 799 442 1740 1646 1809 1451 1507 1368
616 813 693 775 1390 1301 1495 1624 1277 1704
678 375 954 377 1858 1324 1254 1366 1448 1615
472 390 457 563 1532 1539 1546 1443 1571 1591
815 922 374 674 1539 1634 1275 1600 1536 1333
826 864 856 881 893 1794 1293 1460 1672 1260
9 8
9 4
2 1
6 7
8 6
1 1
0.33031048014175807 0.3054258187197703 0.6618378000796956 0.3397053212750542 0.4598661890040324
0.617704906548112 0.4102152195061971 0.3749181268384521 0.7162130264075879 0.3096655358737085
0.319198744220795 0.3434792873945879 0.5024916841776013 0.37353751756351883 0.3563469732381267
0.9575858917361064 0.7195342600597912 0.7697752973599592 0.379503546476272 0.4957899837179077
0.9063255491523461 0.9512038012562016 0.619583924696052 0.9445098292877021 0.16839156821313309
0.09926912513461805 0.37305610551027857
0.9300252104447908 0.8042449504865314
0.14898610816804814 0.10770500889026269
0.26084727710733113 0.7353334162032386
0.34305620809760673 0.20161912641444713
0.4494267718732896 0.8262636245848543
0.4805490537616739 0.9777368867433476
0.43161555861421985 0.05693047322058553
0.22469393450974673 0.6832528337891737
0.4917507373027077 0.2032039145882496
0.3098540654221851 0.8788639943206566
0.36359612671806696 0.647187043041628
0.8750107401511833 0.9195452451703374
0.20388303117022843 0.0018391031217557252
0.36497503947248044 0.9152536728711953
0.7389456137640673 0.10379942123986385
0.35988061886514333 0.5816789171848564
0.8100426271980714 0.19828317020868313
0.6903351043290618 0.2313863043189215
0.6561795825239558 0.3178336568202964
0.2763946343454353 0.2839252754712156
0.4893565837914291 0.805133079596918
0.36412891307244166 0.702493105187425
0.05390617596600955 0.6602034239514534
0.8373162414018722 0.08053129747784116
0.050467201832579356 0.7174076461964689
0.5287439444681146 0.3917642213841883
0.2717203069127583 0.8121649803446571
0.34584133442345766 0.6788951450905771
0.5834037829935459 0.36916092212538243
0.24305543815692032 0.9929161155672905
0.025108579109131002 0.08692119428910217
0.8631020928391671 0.8039261447629928
0.1121956980097496 0.6346189784119294
0.26709316073612577 0.502820153716169
0.3138333749286535 0.9035154541355683
0.4794105746894479 0.06499583482642257
0.44210499134061076 0.41218488758524363
0.6548797996662128 0.9181096722400339
0.058929686673383275 0.5662954064160048
0.31504412487670286 0.07782858042311247
0.19245134184178614 0.17711265012657118
0.8618747548041676 0.5820082659464787
0.3602110062982393 0.23886912767133506
0.6541231672662362 0.3489920132357647
0.2323210204377384 0.6180395745096479
0.1292842984522291 0.16354185607837124
0.6026061121915036 0.36271588969767343
0.4429328387469815 0.061358269548019706
0.4030735198360995 0.4812492772065984
0.524957079482548 0.548831623931634
0.9655971791756788 0.29400445220989346
0.9674234024381898 0.817657067445335
0.5478680503375308 0.7749664635021993
0.053620320983891245 0.38668841363014206
0.6992000728443863 0.7157226759961983
0.9708282840299371 0.6833004541513708
0.5356355146722425 0.13694375437273365
0.3282427566446746 0.6841956457900624
0.07024585735418687 0.37083554214698
0.30150601108755204 0.23550865887536765
0.5615733532050029 0.06878260427933536
0.9129249206817183 0.32173005453840364
0.0685274694107092 0.9207017118466605
0.6473842494313939 0.49195141933297304
0.3180331337784894 0.5327941093911936
0.808621468008343 0.22643156110260887
0.9447318042351154 0.1942455012144675
0.9967422348040387 0.3336915482341787
0.36589751212199895 0.9696032412456912
0.36078027154424297 0.04793957610450317
0.05543746880671985 0.37731511444798804
0.18852343841883212 0.9089301305742461
0.5749530243970262 0.612153625343681
0.6577824426084489 0.9750449431126549
0.5207538243295404 0.8834534713655253
0.9483319850123857 0.07681032523327613
0.26372195696315526 0.16046086382681657
0.017098018512822444 0.6099669750015193
0.05193381096538219 0.8200637961108026
0.0766813259969854 0.21725572562316775
0.76146039131747 0.5896024035714131
0.7939953942994049 0.7909455513716641
0.7401560837223604 0.262457471136873
0.5304158691314207 0.8769895492455546
0.5088292466761797 0.9767133704124278
0.9812533727915718 0.8850272917189648
0.026379575350466533 0.7445831623489583
0.17731508234262972 0.5348753709731051
0.056495603673717865 0.7693998689058474
0.2741468493997814 0.09575074056308353
0.8391137961590172 0.12668346145302656
0.7694075695556253 0.8946107666617975
0.6741027589810717 0.48216546267530513
0.7991241412339383 0.1482028569588867
0.2943613715081672 0.491591946694512
0.9329291665345012 0.14600189170697275
0.27166407820679983 0.1779776645608233
0.06300754472023073 0.24094271018376734
0.1820037635439613 0.8504893881514224
0.9867939344024712 0.5904417590701121
0.9540816038945239 0.47697095141503665
0.3995873173180191 0.30349731844805694
0.8925446926283318 0.9264457112538238
0.011508280708717677 0.9115369770901822
0.3325687105979074 0.8898652521057251
0.08751455992240609 0.1242005126000727
0.11701670767532102 0.499414561033229
0.7917421077100668 0.7625073199286567
0.2856738779365766 0.9217080961427253
0.10226893493312339 0.45092301782119604
0.8811926180466578 0.19468376846500401
0.9792747591227462 0.22752017780682898
0.7759402777820401 0.766199585381828
0.881390492566581 0.3639845375490369
0.9275008353514356 0.5902980246108076
0.6742162285019442 0.025538768983257132
0.1617724924052073 0.18535883661050212
0.8820685953694192 0.5630168615938247
0.3884755529931827 0.24762172621795076
0.8796199700054741 0.27835349977632906
0.5706808497635203 0.8450241617911907
0.9408444059405552 0.07236627719311062
0.449330555949613 0.9549936754165356
0.6679932974817284 0.04792300346412626
0.026840125029666373 0.14902625565316185
0.20467177805766013 0.5623454251406692
0.6451646668433497 0.19614460049379656
0.6477052157751302 0.48905101390896943
0.9427015860171062 0.3995650735339269
0.6289235397960993 0.8625928207878149
0.08698408251165834 0.9432805318860333
0.3781238363296868 0.45515147071209827
0.2670277506343046 0.007982988182793305
0.07707586143907319 0.7618699660716568
0.835752978362631 0.8029039717719595
0.5313934016292494 0.3127887324144998
0.2076979663402836 0.6656997621443452
0.8541975364346501 0.6168382319924761
0.7841610034904269 0.0927160206772275
0.7296074822149237 0.49143130489888986
0.6001701563916944 0.4713818797168363
0.5255538097276697 0.6072904981667955
0.19343103888928703 0.9778432155556762
0.2409407745449481 0.3079171080841363
0.4840681330455445 0.05035064516605292
0.7803160227140498 0.9754500491384628
0.6993515561285042 0.515546001198478
0.6320135581832502 0.2988119393896791
0.8712616536921871 0.8874745551176051
0.2696355584317087 0.713090563816934
0.6594676281779732 0.6991367525631247
0.08567911289348906 0.3679513229180016
0.5840302537894293 0.6037069116896157
0.5950610096361582 0.20169902185055477
0.2503680314716079 0.723915307960904
0.1572964008178459 0.564093090563393
0.45763751449289747 0.6114933105446949
0.6112531548678186 0.9910345842063786
0.429138302252432 0.35884197575865073
0.6072480083564353 0.4700793979390141
0.7808251626106915 0.8074420131295215
0.8522833119361699 0.8005340570729684
0.19423691793920983 0.7163079802240961
0.8935723732946919 0.6689740922421874
0.9844843762289492 0.04821371659250984
0.2512229873249896 0.4051324706313997
0.6642556122792098 0.49009865125453866
0.2901651682460735 0.5840921172623459
0.23667092451394622 0.04944669450263084
0.6551198966798046 0.2947438497271664
0.5372490025799848 0.5531127941875713
0.12345875755848157 0.8619034375058892
0.2652315389144373 0.859801371530116
0.1018765240729802 0.6057319041369318
0.8425060481296656 0.5755249872643022
0.12781439658178329 0.17559440328388276
0.8309839324652584 0.06900988085952298
0.015822810664648967 0.08181534497169096
0.3825209229244768 0.3061962291866993
0.11492116882573145 0.8253511623535124
0.3509318605051268 0.2735398630733161
0.19592224342074127 0.8422020715353351
0.967854218206269 0.7171886283889346
0.01925114556369767 0.7074410033431486
0.25314449738217704 0.8138104669387389
0.13791979688197142 0.9232386043844447
0.05647177100881695 0.7969507084472429
0.021757597279409735 0.9528183714653851
0.6362812613221411 0.49387124713879205
0.5820623410867245 0.2863046935772491
0.33528540752120617 0.28243203648030457
0.5766416983956513 0.29178970770650214
0.1395602707398551 0.2916318672208811
0.9182029364165691 0.7968244429354086
0.5922309607851541 0.9705024777561042
0.5633222774846747 0.26933558684383074
0.9444656969820588 0.1310254630662233
0.8954024845684512 0.018044501956749448
0.3044202983664157 0.12948512000345191
0.966600959591964 0.13306091231623407
0.5384412074141443 0.6528956045864931
0.3016398589495164 0.6489926080178958
0.5633290925609766 0.6754006878252035
0.0706810205457773 0.11030422199315804
0.35290599870974293 0.7358109221917835
0.37370234326734453 0.0385201656295171
0.2100761371231452 0.02617309256489131
0.6130980399594472 0.481611776786234
0.23537215157103253 0.06161883992783479
0.275550329969402 0.10471228201723548
0.9728872571516975 0.5360292549186714
0.8978889898929767 0.7096370282490208
0.28791488253852027 0.48753560178599153
0.7368674563898836 0.2687031453927935
0.4917462282512295 0.2110013584431849
0.09331882402479241 0.33452190816478056
0.30560625326059965 0.5206102114720637
0.1751599582768264 0.8218598497769161
0.8755781521270576 0.3693474501987506
0.9874426535175802 0.591881794168698
0.7043211528299382 0.37038486696150175
0.5288247486526971 0.785438575505697
0.24613050036930395 0.1210321560728822
0.30239309932579395 0.9992518378779687
0.1786967282733729 0.6296404369362163
0.09150095471491104 0.7420239601400531
0.4336416757451833 0.16108747706490822
0.052463664447445435 0.7399501464899017
0.4725441634511218 0.25259050943394934
0.624022755141207 0.32652163604912054
0.7661280711460194 0.058429462882628735
0.8111343450855253 0.043127419231644204
0.1197945091046353 0.7204023162046846
0.30747190841629624 0.14523032925757073
0.35944780057133086 0.041522590662951275
0.6343799922076607 0.21959053968889908
0.04640081969965992 0.3854379312679199
0.9229054196052646 0.9604012199262517
0.44573976867171705 0.7533723516633455
0.6497133648177282 0.7134280251083585
0.03597346295836834 0.9933810697741257
0.4465952523498602 0.3278630496976749
0.7063078937752258 0.5881853830900292
0.20513461895996477 0.18020016108142833
0.7066480292252091 0.33067718651511013
0.8110733961067458 0.8029216684779881
0.34911802261390745 0.26264037092215853
0.12984774716493663 0.09273415038100108
0.11338528899473554 0.7403824471199314
0.5320012796868148 0.07999100376629698
0.06299095150453171 0.5250840191098878
0.15867355824593 0.24738102235986892
0.32983736212718684 0.6643236727406587
0.855428455323346 0.8368883998773793
0.0809444734849365 0.8303694478854273
0.07418154805022281 0.6047142188905383
0.35317762346024417 0.7009994060017004
0.8573880400128027 0.8335276539837033
0.21658442398167566 0.8492059005070736
0.7742487985484956 0.16972144310928905
0.7757945730530444 0.42164093563290517
0.2596221566451329 0.9647373222987272
0.9229516755944063 0.6835943522639372
0.3925766196446765 0.8706820859097535
0.738956849549018 0.4502330102637042
0.6396775947057027 0.6385970908286194
0.4868163578370084 0.8872971363457023
0.2858036684393024 0.1880583573718364
0.9970146255752561 0.25571462319179483
0.8330410073532857 0.027069329378740292
0.6635341927900638 0.47246721079178844
0.013645130156985097 0.4269742999183579
0.2577488742931626 0.20044749659793903
0.46313775167149784 0.6721404154588762
0.9898793325772761 0.3664284756203491
0.5198724417682363 0.14287690631554328
0.6843064234291352 0.03848736690182064
0.3452526665465556 0.22212949689560535
0.6166836276494692 0.12261838241620815
0.9767523094406119 0.7754831933669866
0.012126875102026924 0.13239275015430763
0.6801789556621751 0.5961746321791301
0.08846695383417047 0.8655485824986888
0.8194857596794209 0.8058101479385986
0.8122218609199416 0.32304455923809283
0.24028144154608588 0.6497800320889033
0.2941017747409844 0.146047918059524
0.9655349390524661 0.6273551004205817
0.8317831526045139 0.8410120041903115
0.40299148301558163 0.6086591718132262
0.6698923964202497 0.4217957660346865
0.4671027959837015 0.7479237328162525
0.28732698520371924 0.8707550444894248
0.38881671653565575 0.6053109820350919
0.75904837163982 0.597643493461214
0.32747896322444725 0.7758203408907456
0.03938740423735787 0.12764816393108913
0.5101660664942158 0.19299633600702082
0.3460387490760559 0.21011422667483481
0.15770018538793118 0.09288318314146604
0.25220450613809264 0.13442797520962602
0.6076645130666707 0.1123040851122139
0.6015542947526629 0.8635577643893586
0.08665399810188701 0.9121122987376351
0.674987005734655 0.27952326186901955
0.005971840359386471 0.0009443821126120522
0.5671383866293094 0.93335166586113
0.5417828316708684 0.9157943855834005
0.17713074873185697 0.33879971164725564
0.517194088106842 0.8839985020776737
0.7697854194227425 0.07181314108424885
0.9035803242226406 0.3295866438983399
0.5048705453230415 0.514994909689982
0.09504516049054157 0.9732541338650971
0.20445851983252616 0.2777023829852492
0.24210958276213113 0.5016375376837414
0.27406865589382945 0.8420528024407314
0.8428821531022188 0.918686682201219
0.7237786297584585 0.7509433487008983
0.8081676944960638 0.5156473606366316
0.5594783966511188 0.3017719751821921
0.6604908631264905 0.9681722632396976
0.33523149464255053 0.4736060799665549
0.00044275250747749517 0.9043024707294394
0.06435079528842524 0.8208545672077843
0.871260652082978 0.8446863782548728
0.08548900856097585 0.5164034288408086
0.10588503383407977 0.07122715892401144
0.7762058357453694 0.4409480987285024
0.5020326224302001 0.8232971474633415
0.10119721616995436 0.5302498956755852
0.714436753634969 0.6455287623145276
0.628601901273546 0.42724025606733096
0.2006372976149513 0.3959725374226928
0.036214292025706474 0.9562764459310795
0.24071117956539356 0.5459125204408011
0.4220770298808296 0.5757426074610976
0.24840293817481518 0.7239487558743329
0.35316423922495743 0.5516385365561269
0.7457482498325889 0.31801162452055065
0.680087316305027 0.6839612494495781
0.5699823461798315 0.6162811582534018
0.31009270582896065 0.02850267195417011
0.42338416587124317 0.50943160929945
0.4649257222173053 0.6596153061933996
0.655723209117332 0.7660088171864288
0.010054416400793853 0.8314901711406408
0.6467844322909073 0.45330644125808717
0.4731837834898607 0.43335491386156
0.9129609487291839 0.3332971522558208
0.25152113674000476 0.8570183895024606
0.6966829001750638 0.7702837794263122
0.41046976280122127 0.9807859940970427
0.13108353632459302 0.6654188381387405
0.6415636575770447 0.0041506365664358835
0.9239356828785259 0.8979068441649714
0.3737977178449843 0.5026835678839214
0.48886741843579884 0.5190649645784853
0.07364346266406585 0.3667039037368849
0.07840646095544312 0.8994650251911636
0.9839387389388838 0.4382440694562444
0.8652685443458821 0.1071747126748055
0.40179117987844015 0.5983094252060979
0.06588876597257043 0.9601080363671501
0.5507686339073985 0.42617791111821
0.5981141990805314 0.9366944103819559
0.9339881805604326 0.20413778014856154
0.396912898695744 0.739010189851645
0.9735610848145597 0.8592969085052162
0.0366907685107567 0.7566331571388589
0.007967414012118867 0.2699151851445796
0.017699614864498336 0.3655247681030507
0.3431850047919902 0.08584712607624545
0.7859877525884102 0.723439703748535
0.16157662780787696 0.6563280609514281
0.4127529700576691 0.5210294719250061
0.5574586480915704 0.7459788270940775
0.386314583628002 0.5623305846028381
0.402918042694725 0.2321644743503528
0.974820000201214 0.7654723357214326
0.5348398343483305 0.015419382409548321
0.5811304621326387 0.5558975545042224
0.3874677462822895 0.6290151469044747
0.2573633358658116 0.06273233663960953
0.08474973147751741 0.6461154886160416
0.3596723124330057 0.6138121261113993
0.2948334154243353 0.7819642009339411
0.9554892763816796 0.7066476806839512
0.3276605323004962 0.5499169554908203
0.7270790854574214 0.8739894691786039
0.9136171730578755 0.5583375811432119
0.8515627827608045 0.7774970117283868
0.3390410505803336 0.16250202469680852
0.10898748186306229 0.09288098490198515
0.005924491152022426 0.2936998878647057
0.6408071719696655 0.7214601710124198
0.35254210591118995 0.2652660456493312
0.7882217744456219 0.8051932576743159
0.6821667714123474 0.7782013607377805
0.48420518398677026 0.8674098851811116
0.7708237477877193 0.8427001521062307
0.8387916296901263 0.07725186795182504
0.5668526613849945 0.626878737555324
0.183282197858452 0.5423828236725319
0.5311463573615174 0.2766055207460283
0.6225549250230569 0.2713437789235502
0.7511767578868991 0.5256815907515797
0.5049645808962973 0.06015344402704015
0.4481051546695767 0.23051805229247857
0.34487383169261965 0.9319221926536334
0.2662293650409411 0.6863090563043701
0.7458422687539281 0.07587994556024502
0.49100612577067837 0.794591710139007
0.15270086191868515 0.42935885098784565
0.48965376972312025 0.36151549095291435
0.49074260286375604 0.2682075430229618
0.9997107365555722 0.597948238821056
0.3896142583726403 0.21187354422323712
0.4548124258603181 0.15448030711480065
0.8182509870492496 0.07343627768982208
0.4405764684712574 0.8398363277929568
0.8290776635758514 0.9478410154690564
0.6748394214573896 0.023018951273233945
0.03912291243257049 0.741917512783252
0.32931768233912306 0.24644006954937114
0.23972794646451256 0.17952094728697743
0.4012970418376789 0.06785516916278755
0.11629051128090317 0.13203836893969778
0.7977862585478304 0.5269632638982304
0.7765243694973334 0.39030376265818556
0.7166815696061062 0.39797335800667377
0.3766171710896753 0.8638916762173243
0.3031119254944792 0.429479216322024
0.6705165925949101 0.1347942063129317
0.8980891508791844 0.9479099844823269
0.23038273553378552 0.2654705280280314
0.9150238483483708 0.6790051058483759
0.6064520129589666 0.5858332691891532
0.7140761642752709 0.8534049055774786
0.2342889775823942 0.17937140188488998
0.6850995946947807 0.46250284136373154
0.07448693108204885 0.74074477817569
0.6200424571966763 0.14097916635915908
0.5705564399337548 0.3642248852143508
0.4969240796995522 0.8730466826042611
0.0317748414514869 0.13055428682438053
0.49343919247897383 0.3942886239925105
0.26252571154848137 0.35082214744701123
0.6730459434237748 0.6856473059770707
0.48373511238841793 0.909085323478775
0.5456070338888492 0.4185618577214598
0.7904612733480589 0.3469008932765665
0.5092476835829789 0.14152451790163068
0.806730378180927 0.7327344133215086
0.9620396478477915 0.6882168263145896
0.7907609739756996 0.7280662949743102
0.3347456428162443 0.5527528805334352
0.9843308981446275 0.250345797573847
0.8014791768647263 0.5575436820415061
0.714162306155677 0.9092130619614098
0.8965816655207481 0.9444805693757568
0.8567419197557884 0.5624770957546652
0.7269991353717578 0.4950864290947714
0.5335799910610672 0.25117595337820764
0.5572276235085678 0.5146844110622075
0.5751011996001216 0.48886957409527954
0.8437761402184139 0.8486202438924864
0.5838526295254793 0.485330205200897
0.7222197943146527 0.23979390991460336
0.7985472100538731 0.8451989728463585
0.2996245845547776 0.6118929339272381
0.06772512396399222 0.32155567183585254
0.631707022956356 0.43851649947322113
0.4981509922882361 0.6464349995489804
0.6015743763661436 0.9340125462181863
0.2965959717596063 0.40632566628577393
0.5631113232284441 0.10535564903865824
0.15437989840320787 0.3087859143621061
0.31047153730325094 0.9820850260686083
0.5608218178536664 0.9418983829729937
0.39723025065559936 0.4808705127297541
0.34069436231144623 0.6443400904760954
0.8968931901948232 0.6044527780841078
0.9430165157490809 0.5724846650983366
0.4231554483128912 0.4888176831097817
0.5015456226782926 0.6233596920265392
0.007041097992963374 0.7680279338328628
0.9499752664324876 0.5617537353423527
0.6666400257907472 0.7723888042558984
0.5461103746119118 0.9230197122244144
0.9399684703597719 0.6161751972635914
0.6504568906850634 0.39122811931649837
0.2476907512080011 0.314237503936208
0.831889449520703 0.5773842223901862
0.5600483396280407 0.09089764535127176
0.3003931487631235 0.11511031634241231
0.37544380655167586 0.2164060205196121
0.7840377749270169 0.7880045093026085
0.22409007456941255 0.28422817342397555
