10 3 100 4
1025 1063 1228 1343 1557 1306 1214 1099 1025 978
1111 1225 1333 1518 1807 1506 1312 1178 1082 1026
1025 1117 1178 1332 1552 1332 1174 1096 1003 979
951 991 1098 1195 1338 1184 1083 1003 953 909
877 926 1010 1109 1193 1084 1040 964 900 873
858 876 951 1008 1123 983 924 867 859 798
846 860 888 970 991 966 919 876 825 791
814 813 848 926 960 918 880 838 800 767
751 773 817 869 924 832 800 762 785 746
722 751 785 808 868 820 808 785 741 705
3 5
5 0
0 3
0.8157693311774163 0.4526165211167442 0.5446280868565054 0.8620918281180312 0.16926093531366393
0.34728443072371484 0.9661140010114551 0.4619828574678616 0.3251982672628901 0.30193787146112017
0.3004481381685935 0.6678656270677998
0.14454560286846152 0.1658981426841768
0.1647172002614885 0.08308968126149363
0.28816390633739886 0.48818606488741634
0.6997870833930486 0.13534049753356792
0.3529849816222361 0.4342334217208019
0.5553857697911593 0.09866952289609232
0.9523835166100845 0.7327861445403498
0.2347517289366572 0.2298285695415525
0.421596300146865 0.6258322602332331
0.5777895223792036 0.1511110253813761
0.9797259940825966 0.8515412494321766
0.8223550914044231 0.5593350330389708
0.6723368054396666 0.414745581062576
0.37496173157655344 0.06429061392635083
0.14309436734935033 0.29507691801928204
0.7233843727019675 0.1385228028588099
0.4876859651565961 0.058399307457172034
0.06326878553972182 0.364089068956857
0.6876107188436709 0.5561575763194493
0.015757442428331325 0.12764949939795223
0.4706292105201686 0.8390414978339529
0.7021595909350522 0.29249436592231226
0.6607880698339601 0.10722240994883747
0.18464643623932342 0.35354726267543524
0.3780049965030112 0.9832230602035879
0.5559700304570041 0.5365363122117095
0.8217059027687061 0.8813861480509795
0.15873656957030047 0.05164893634446077
0.599873197110365 0.14244250136105463
0.745350490156931 0.6936268271890447
0.8972146764608027 0.9287398505366309
0.49215003664827983 0.620498944343256
0.4735243599099277 0.901435216643677
0.9890719078272598 0.8813709851170939
0.9534051883726 0.07353404664492857
0.2083659753222986 0.921084280480241
0.8623394106369715 0.026902765181288535
0.10875701418911077 0.5246655242376435
0.20151018544251298 0.6943372938228294
0.38362708687851654 0.06530390037865064
0.45803853131868766 0.9999480366504057
0.5833264910450224 0.5756494800782459
0.9774247752414569 0.4527577384285768
0.09297425057415887 0.359932478207448
0.7405292301302047 0.7289925287995342
0.6861230733271502 0.7909746315937567
0.6983086809916559 0.7189092077022703
0.4074524258123904 0.672140549572896
0.5166919801204779 0.3743664337281525
0.5110447454604627 0.17521101591829535
0.6272863059838927 0.7793612314229577
0.4083587989509856 0.4258038043092176
0.4732528618010363 0.032950741155764574
0.12136049319161035 0.9212692787161159
0.6047451081880766 0.10593300431125652
0.21809999903308563 0.747650911420741
0.22219202863806098 0.35608298332891186
0.7052000859430487 0.896465139040842
0.12820132084933 0.6137843762272888
0.17522157083966938 0.8042776768260189
0.7767750341589976 0.30047383043413944
0.8080353371058675 0.7555921215416157
0.2917025060936227 0.7980693776702787
0.8234940852989403 0.9138280926609872
0.23284897558310935 0.3237420556034698
0.28069443142849626 0.8832700636383102
0.06491244762411785 0.9041888293114624
0.1629423094560314 0.7275666841326045
0.3376683483240648 0.7419154241681367
0.04042020731728102 0.7664446122363533
0.390779671483638 0.23175832479668945
0.11444661447412363 0.5394713379918157
0.5546203369562104 0.007261748070289453
0.8923644387888616 0.9548714554445652
0.4455280028401971 0.01650716553728504
0.029752337188155842 0.28888668509970006
0.3980084471375436 0.42216785013845626
0.18330546212389098 0.8027054700692671
0.22244526063748293 0.8412347258136132
0.5953491430480855 0.732494884001146
0.04045215004028879 0.24750885220432406
0.6353289724478672 0.45502634913839435
0.2618316165934105 0.17651524325883505
0.7082479784368321 0.18577876826196693
0.4384270603140592 0.312561054871219
0.4892619232154405 0.19353929560497485
0.9000989827229504 0.6400568746184352
0.8317416750402575 0.011871922065279206
0.5931121377211277 0.9497538163842483
0.2931857531724469 0.5301346159420277
0.09984080639122617 0.9889715821981864
0.7742997993860767 0.00439587759436777
0.7826190861052069 0.3292162326009407
0.07137497200993592 0.7295901006949583
0.20080347534882992 0.7053786294289919
0.9607418995872326 0.1297672527827065
0.20499279597210918 0.4958863203523336
0.13091287974846266 0.22182142422423934
0.1450436521272762 0.19894851898149746
0.9421410525125324 0.2754199923286096
0.46345316533666714 0.5467934185941243
0.18166657615929993 0.582349489869044
0.839104240124996 0.35662374493254356
0.8288020985664446 0.951456019626082
0.9015032665326759 0.32140619101858614
0.7286826282733014 0.37962226537569044
0.7966371668427563 0.4489424382637275
0.300588876819186 0.712898223345156
0.15114457646767265 0.5916613185094606
0.7858306674564093 0.7712415309385889
0.08319549065282072 0.4453945133436725
0.7795120348426519 0.2504763391243716
0.6799797606421267 0.8842728672173219
0.5913793447312585 0.25335453697974164
0.2824159998200648 0.2257438084364447
0.9071974128116578 0.8071963222085166
0.8360960359879317 0.039110476510396674
0.29154412299398347 0.3690594941187064
0.7083663498305464 0.05755779355216806
0.09814488460600179 0.8739164464086457
0.7284492748504194 0.6741985819258007
0.31835466902451737 0.027517707071547104
0.4004030482237817 0.9982157481767251
0.19742845662269337 0.06846602799774293
0.31432306350941897 0.44606276226511143
0.33646728180307295 0.6656566209509647
0.9197631495481826 0.8075442639912682
0.16573894670154377 0.6151001351451373
0.9811005070544083 0.36765061543396516
0.2559167075088875 0.623369424703643
0.42556095586494136 0.43203397575151525
0.4168168958172058 0.8854638111597202
0.883431712540933 0.6409748166203395
0.3746097394911492 0.8018131534190984
0.9750705125814245 0.5395036878873043
0.6734304451014175 0.6805363510773088
0.23574108752381462 0.4337369924491341
0.8981019440907794 0.5809087379787135
0.17679023067548028 0.7504725859460077
0.9955995114949598 0.9524056703113202
0.43949760790380554 0.10369702365642874
0.3650783529533055 0.34677509976898024
0.08536151947464932 0.9972844883271976
0.1158599480331286 0.3716635183996915
0.08575773768870176 0.17240116404168937
0.07863348211453847 0.6259145447054131
0.5699445426332617 0.13456728570905296
0.7381083673925359 0.36301808180916817
0.2663883541717791 0.5908001623983243
0.4944016554856232 0.7085538213748066
0.016659563185286608 0.13929339747629488
0.3218990322325106 0.4709949011782375
0.6363131167396965 0.9305275514691853
0.08600565855665354 0.8973131358593638
0.44830970785843793 0.08456793165637033
0.7014969731625718 0.2016153482618579
0.9636706497140557 0.43779690150592554
0.31941460004655875 0.09848226214666633
0.10453118383795457 0.37958978696382806
0.3979413489143304 0.04917763458744395
0.301297134970816 0.6306262856885729
0.853601412215425 0.18154953439344435
0.2534441939610945 0.48781805693721547
0.957147998535532 0.9316147392903114
0.4954792941435793 0.9241077191110987
0.7537941767441687 0.6504213257091256
0.7436065743632765 0.4938373103006537
0.2433185831669491 0.7376485620702549
0.5025573217278112 0.7750049134798658
0.28190337987988245 0.7639071530603152
0.37861000899124075 0.0695852340251033
0.017085512123696578 0.3169264534007976
0.5184721089006192 0.015501869373014898
0.3858726707692186 0.8211848199434721
0.6590876175315699 0.6684393527676371
0.4558230325525958 0.618779258592838
0.7045073359371805 0.2967514900555306
0.4468065893153055 0.1023680574368897
0.1257888298184069 0.19725197026227392
0.8863943950928119 0.5323033291937718
0.12724420794302826 0.41655419111550196
0.6783095810676818 0.4407032093997598
0.8702668320628493 0.38353003072241143
0.2613478212548346 0.1556762100045359
0.3797558036821709 0.13893403685591976
0.6069483344968543 0.694195869069586
0.32057129984526833 0.027919290039229994
0.5783122565555523 0.07721517011111789
0.6384054590844102 0.5624368574684511
0.11478649929392071 0.1453713482078578
0.459646450212029 0.6854143228987859
0.2425538530669784 0.19511540662453242
0.3449140709473153 0.04743340552964903
0.43761784411649907 0.461103814048788
0.6872936832877443 0.4459301647753988
0.3214030011658704 0.6841097888066734
0.5020720790779629 0.5295438561473147
0.21256728996953567 0.8322504346854291
0.5329087491554465 0.3684408610451002
