10 8 100 1
864 617 649 588 815 1090 821 1046 1097 839
622 820 675 1016 1095 791 931 867 819 864
922 957 893 1035 1016 760 893 968 1044 1320
826 951 627 846 806 958 1096 1096 1138 1353
598 649 1041 670 949 1130 961 1231 1751 1611
895 1020 647 922 901 1195 1286 1273 1663 2466
815 802 645 933 787 1049 1063 1349 1382 1818
992 930 970 787 778 1160 1316 1406 1403 1368
730 876 657 721 1062 1122 929 1306 1193 1028
782 764 659 1004 994 1021 1015 1037 1002 1055
7 2
5 1
8 9
5 3
1 3
3 4
6 5
3 3
0.3815277948450405 0.9334584977417386 0.5194416360461435 0.3181634641548393 0.10180312919046051
0.6646322320127782 0.5583075209715787 0.7182746973905991 0.8648674356185366 0.15846041664675897
0.9855577705428349 0.42974878993183174 0.8351631382594205 0.44006822820563885 0.1027304774559859
0.8456877943738068 0.7218055573813249 0.8325909006246885 0.9234604220116582 0.42012882814529096
0.6902534774062468 0.38105117291597473 0.6436702415108435 0.6766181536513836 0.26975595330933216
0.4569204932549534 0.7898320966202931 0.9336915540052275 0.38401703756272865 0.3644855847419225
0.931790588558886 0.3922963025485014 0.5361390150185424 0.9412965669438322 0.1833438528534954
0.09500695647418156 0.39136323991555266
0.1679419952048602 0.2399391524602561
0.4076717078470191 0.07860109260026049
0.4089918230417029 0.009121747087743381
0.2733379017091704 0.706229533619511
0.823353755640621 0.22412521052942913
0.7178852961654745 0.2197644562293244
0.5423140826447657 0.0061844679366669375
0.12943307084067168 0.8951312957662445
0.8475644945473246 0.1093696396890218
0.5216266375597158 0.6590457484743688
0.030260013172410227 0.5913153681269372
0.04965034011914926 0.31373971910966736
0.6723566336956397 0.9682568225236918
0.011871323742883577 0.819650569393038
0.7081189264765921 0.8535196778942105
0.5251273554186038 0.1912616481170939
0.023518365759643167 0.868547474652684
0.6779619623400606 0.42339384450155526
0.7832224374221874 0.7913295260628028
0.8894443133089573 0.5503139788665641
0.46887078837734 0.6391092847003519
0.04932215846429644 0.23349469088028707
0.21590988851546067 0.46484089172423615
0.6396110431166842 0.22090483512854742
0.2049452792045885 0.37957200312644424
0.9260129404932782 0.5739366614804013
0.6673139125241703 0.610269134529015
0.20279747135665915 0.8920853555697361
0.8721005873638967 0.4042868157118922
0.1005780435945236 0.553320338092175
0.19700695390879086 0.3464686818492193
0.5959914264483264 0.7079677899971717
0.6300434785741393 0.9089601428040428
0.2629658573521294 0.20179322907672192
0.5829922794732705 0.42799786428353515
0.6793300754284324 0.9367338996925412
0.028912095423150985 0.9314600747606503
0.19197945025645002 0.8572467810334279
0.2293876032792035 0.947702298283454
0.09174758073575684 0.5911406439907785
0.19516945258154172 0.6598590689046262
0.13631172291973725 0.7953201432775572
0.785413137679944 0.14262125487674182
0.7861663770801144 0.03289643787410146
0.8144431999796518 0.3279209781831378
0.8015663267386217 0.5353803795600742
0.30827040161142705 0.2898686769584571
0.05105416526680573 0.7775469255599075
0.866322747621179 0.5547962984811481
0.4144976199923951 0.5565826822790245
0.7681609114455594 0.4596649798094288
0.03736162795054376 0.9056579552915438
0.46192121328527347 0.5338809395029809
0.7024623387763405 0.4035029966207282
0.23620692702231283 0.37122816523694757
0.33019713288771046 0.8153423629594456
0.6469103462743075 0.6138672651730595
0.19470693564995467 0.249013406053479
0.3063218189394543 0.059211855348255016
0.996818282204549 0.7162649560905932
0.44726292757042985 0.3919650607943148
0.8871402134348882 0.2569012782300868
0.6440243932095295 0.9985781808583218
0.1293740746652814 0.683902698934876
0.48347267083608436 0.7681160278828356
0.2843510592967007 0.7442327686833936
0.8647404332211857 0.4625773922163039
0.18133739879886357 0.023174655635497476
0.40538302229321777 0.0392930784835821
0.34198455345340006 0.09488921582571064
0.021255666403503737 0.4684210094807688
0.6820341584772702 0.5341633749914536
0.337567309777292 0.9958074853680903
0.6402660912773361 0.6491472228281838
0.6812005823697451 0.13543159670762983
0.31651018076147763 0.20466801706799953
0.04203868185254156 0.7787178620358934
0.8270581436420978 0.8841799345001353
0.4079049700522712 0.1234146649347736
0.30748961859442225 0.14449297956073548
0.007154982742063165 0.3154292736993949
0.5491661482098464 0.022736668696813123
0.13171196863793688 0.5480882857508285
0.7163568683825903 0.12336001371377137
0.7949967310677131 0.9894744090661705
0.6080185958211373 0.17817284219913754
0.2513887869777591 0.7947659026151412
0.4895391511105942 0.41245842008808475
0.7533582460668069 0.5117062033383755
0.9946298331090351 0.057019468261301665
0.8669022074495054 0.6251308581675497
0.8956101161987884 0.4745575747068762
0.9466997638953272 0.6506328693988084
0.47114357123245476 0.5023687544570796
0.04039316082923272 0.6502825183932401
0.1559076121617715 0.1280247203688094
0.06555397970950949 0.9465374658868893
0.21338652644382505 0.8260405900463634
0.6230353664262982 0.7600700211893072
0.23610864526332276 0.44019873023611633
0.3357394836253167 0.11130549430216763
0.17513566960872606 0.699919992241705
0.027373388035178303 0.5331086471767403
0.9440411040854095 0.11984603553553264
0.5083978807561222 0.4140211619520282
0.011959577791428533 0.8173027555330932
0.9452353661677186 0.26474837034015986
0.6002582194984953 0.7502873647210593
0.67043025915498 0.05690165075997555
0.4813912662246451 0.357351941169743
0.9099086305935433 0.29670249808074933
0.9170031175583906 0.23718058741593828
0.7823237960813965 0.4103974261441754
0.12562196946773763 0.2609942060000563
0.3430113325652735 0.050769186367602304
0.14378702396906706 0.7536493945478149
0.7987771274879552 0.5736414362790805
0.8359595054102584 0.4118130745516497
0.9456448856837267 0.18093269738692475
0.9309220689248043 0.28244466730174844
0.03227490651472564 0.33585932701564536
0.7599550688456844 0.80655724602545
0.4070164732918711 0.44517100641052676
0.07703720011324888 0.9629931593883914
0.20055953249073166 0.32917244714488425
0.8895688918913502 0.30347437727729054
0.26900426092427154 0.6628414765025097
0.5351965290674356 0.308847326778414
0.6597672122679792 0.6380563145953524
0.01956698474989893 0.42506111114588974
0.9742408368284319 0.2909260453235061
0.29407841180627825 0.571208403170151
0.6530281549420598 0.6621134365170864
0.9389873347947979 0.47958239140318115
0.5001914458664467 0.6081648853864192
0.730026769439416 0.8846998376970439
0.7472254791841295 0.8045106300072251
0.21335617129126327 0.7181863015153047
0.9746056706185093 0.9730413653543788
0.20012223755328074 0.6215707155243213
0.14653505345715856 0.678415085013077
0.9510068832704945 0.7320216720991348
0.4223282138922462 0.10343001755164849
0.5017070519198612 0.721781540368402
0.8427666777172036 0.16219501461751573
0.26197336320852527 0.03483840613382516
0.5473912851927407 0.8444418911805858
0.39829648351110136 0.29670049140192645
0.6434874619035698 0.20665736320848183
0.7789861897053805 0.7052927097034003
0.156683229957437 0.3994704328484091
0.5534651953691236 0.7345998625335648
0.10546386161644494 0.19687491513028554
0.8283748265008559 0.3408999785845124
0.006117453670795747 0.5471901044600924
0.5382204155476653 0.00014377275477106544
0.2791240597964044 0.9027821426217422
0.6627899662549299 0.5925302704006836
0.6792968756459741 0.29069737708717613
0.46317170070988123 0.74080169054009
0.576151843423381 0.5922275565852262
0.1932909207129374 0.7200443650633681
0.04523888810555676 0.46405801115220413
0.46911575153328244 0.8375622337782422
0.10955211804070664 0.22334039842288655
0.8016895058897464 0.48010650802820387
0.1733255910838729 0.07623880171386554
0.12516628561135712 0.3627570239514004
0.015111922733526573 0.3090011400543331
0.6027902756061896 0.19368427937209787
0.8804068961772176 0.7420052463417024
0.02358678709984363 0.5608299440861242
0.015110535617688603 0.4447623939021865
0.9091083547631227 0.5869545453585001
0.14896225610399783 0.5737410162628047
0.45561899080713886 0.6898453223159831
0.7793797656350367 0.45802100601950446
0.9400697030633551 0.3742325902503665
0.792266640309945 0.46479027123242345
0.9867105596092509 0.18741240296010298
0.66447712989814 0.9192548259867444
0.32435731074016894 0.5495851440148589
0.26343934216251386 0.9813968689551056
0.7427411520551692 0.7075722624825795
0.2492005207591006 0.5320171224841526
0.5471180792219841 0.7588380324871098
0.3733831373387513 0.4900826666853957
0.4088943170252488 0.7621794132836346
0.9732380796665188 0.3748123654766713
0.9790487139703652 0.36815112923907733
0.5558401832802031 0.9548719872280411
0.5559294022033048 0.970127314141765
0.6035084967647957 0.5276593554719311
0.665078319556754 0.4556532034496039
0.5761934398319732 0.1725709061848386
0.9175853178162376 0.6615519467431552
0.648657751368749 0.44725469336808277
0.5999242418008439 0.29375635392274835
0.8675926351256258 0.7455591604121017
0.4902757332215031 0.7312203482626751
0.2289161762822136 0.540461696817157
0.645944069103257 0.9693848140100081
0.6196264587860372 0.7030157054570667
0.09591654323913978 0.28850455294651867
0.2694110918146657 0.7725950287818206
0.49714957840189955 0.7484796586753981
0.9517172083031813 0.8326842496329925
0.7045993839884097 0.3028289174135166
0.2924036882660419 0.2485317578157158
0.9891296867485433 0.08337703937728191
0.22099681177644404 0.5041815781988781
0.5000943843745387 0.2383365415223504
0.435106691200847 0.6114665161611461
0.9600959967981189 0.01937839671106789
0.7646551835812312 0.4166071404682823
0.3861220820067037 0.7931594084782709
0.1536354003188063 0.18580060035607016
0.2604780500337316 0.5593711897922862
0.4889845676337372 0.5646488663680687
0.6175184245686918 0.38724058209476486
0.8564507296348154 0.9989718128613534
0.4872086599778098 0.5792060931638638
0.009274656943812687 0.9349258881919482
0.6102103374866699 0.56509824900006
0.498149751912617 0.7606471031374415
0.005064729713026628 0.8264003647201272
0.47333078836537146 0.13790634048891448
0.2915829138416959 0.4346898706772362
0.16686407687272564 0.4312882535518121
0.9611266212759064 0.21121058993977737
0.010039580843646867 0.943683693845381
0.7512911715002519 0.6658783212617756
0.394766947579551 0.38631107234776607
0.7783202600415495 0.4901330861437674
0.007048691146767094 0.6593102669646485
0.7536832098000337 0.03409823828302483
0.8284569259554431 0.7468447929306605
0.7568909050982549 0.266758404401668
0.0752507225316148 0.01759523619305514
0.701096004906048 0.7758630785702569
0.2157988219767264 0.30450279211792086
0.6450819690803404 0.9519594959315587
0.9599599414486499 0.18794173646836532
0.3649753959650406 0.6172221834797373
0.32095056424653245 0.1284556440478739
0.3359035544841924 0.2149518031045492
0.35601410098885045 0.7533554690562183
0.7664445768053807 0.9073605022141487
0.002105785114347336 0.5613309191977855
0.9000545848322579 0.3463763071701944
0.3523308948750681 0.4083741732278985
0.464806784780194 0.27208190071285454
0.7844114104164528 0.41206037694970044
0.07146465224418486 0.1724105400328262
0.024285072584193657 0.6804303355039882
0.8072392334847378 0.7981776254546358
0.3038218445735008 0.5430748529467311
0.5020495515476955 0.13807190878682474
0.9588679368397153 0.8122552820265863
0.5736572901212484 0.8862680057429622
0.7822642628321381 0.42972424182821034
0.979492235500975 0.23889683427625763
0.8488689685030695 0.1276926140139194
0.07199653579837184 0.6726655755658544
0.11812001618351031 0.7118513979577701
0.9539112230221953 0.8173488868386938
0.29366037216432916 0.6289530698859012
0.8354041267402694 0.12772602901405872
0.9899539194272462 0.3265368054894977
0.31862432851745703 0.07323873759828325
0.10551965152030096 0.09975588654291201
0.19625413389704027 0.4612055945792355
0.7940793664965144 0.5157377497152058
0.7930638755511217 0.05914563906931947
0.9191246593187417 0.6971618225482774
0.7704829538912239 0.4608379819313244
0.47501649977774507 0.5207440845977553
0.12957531407528422 0.6725544659198479
0.6397651942582703 0.7525950175767511
0.6773660056646855 0.6440031353731497
0.88747797412452 0.9510367702031448
0.1264595879764714 0.02260771707504272
0.8319477228545016 0.7471386629883021
0.8791073960229898 0.027903225812884846
0.7838419087771367 0.5174561014856363
0.5079901511045788 0.34195906875653126
0.5213403615207459 0.9216874793372776
0.6866397653496474 0.05243412402131997
0.9986879403653719 0.3409764307401697
0.9776516052048081 0.7546622067752917
0.5056959487050887 0.2642143545270228
0.7527805497615887 0.38217280363158124
0.24753016594566946 0.040691170852039216
0.1515962140174023 0.20573516352596766
0.724076177899946 0.08669445601109582
0.8039370832783128 0.9670829955132219
0.8786671166498063 0.9000313194676441
0.5530649306035098 0.05275329069867718
0.6806614259035144 0.7165142621175982
0.16220522839541207 0.8165025976628217
0.9477248113499666 0.6287113446762227
0.02955810749638954 0.025580440905161428
0.7013604802944153 0.9445317315791277
0.28795396509186433 0.1693356361554723
0.6786734844625506 0.2606908340830971
0.927258206783999 0.08766526840432887
0.8301188548969365 0.9473892468809562
0.6402449665311678 0.564193821843602
0.14069775412045127 0.25034933117604474
0.0326947704076912 0.4373666423692195
0.7724509661561283 0.6566357501380906
0.09522756621058193 0.2015254666527193
0.8476796219724716 0.2750108183056099
0.1944793220917458 0.8094287268888711
0.8059977611750107 0.34366281921150055
0.619573323976486 0.44031427904256115
0.8005824217132451 0.1384759749107911
0.9832261092154775 0.8602872240527892
0.32882473378414234 0.8447635857603009
0.21302767232226705 0.653369091144999
0.813830687248664 0.5034140327599039
0.8027088883322802 0.990604949450945
0.053774392173780106 0.47748680159583423
0.9893858942353246 0.5074544943286448
0.9214673596767258 0.21940796121557038
0.8682853455158028 0.14847709275481447
0.4706209462496964 0.2627098164590578
0.8187584850606988 0.5530690343132634
0.09171828553850969 0.4537565745166241
0.4445500489707024 0.3163825774481186
0.12106993066448268 0.12139387068045138
0.2919325997556328 0.07650978928912044
0.7933073866955747 0.9737788473758051
0.795194767005283 0.9104913634682847
0.9740755744702154 0.4603233036911105
0.07024555982563108 0.871680882711074
0.169770456027871 0.38920681251384015
0.20552354558089547 0.48881283384322893
0.9014031239627822 0.14633578200970265
0.24662137831806286 0.8170058331095489
0.9593426241444394 0.3858259257151546
0.28200805590874456 0.653675257143135
0.1798649028537862 0.5098165138216226
0.7954874754681964 0.059969711379073365
0.5251650759428339 0.977248947219787
0.2321271745365845 0.41682760709007827
0.6869720745714865 0.16601202665644355
0.6238138143939369 0.3609336049149141
0.769143348933844 0.7191293648555004
0.022278786046097787 0.5990983348471466
0.9606611652753441 0.1853992329855605
0.44402634961598 0.07953016883145425
0.06655812549031248 0.2711813867175912
0.1883288655908335 0.38367918314626115
0.11427418917680932 0.9931376673630741
0.4685292715724625 0.38556031619349573
0.5479694895240408 0.23300849722720485
0.6216617725942897 0.17818416631059986
0.5080970603058812 0.7693186088860355
0.8627321637344103 0.442201191078029
0.8162675005556441 0.9481348891088011
0.7449070990093625 0.10424230078548713
0.6132735637911988 0.14071510854370062
0.648315155472738 0.48686385894380657
0.3833549293290841 0.790105289256108
0.595187787979758 0.6557271192476279
0.5063092039686268 0.23051818185836348
0.8978954986064787 0.7135913891666741
0.7110651647674386 0.7706865097637565
0.14362952179873978 0.9687282752661257
0.325421309013743 0.5392683061389596
0.48944149329071807 0.3329583209109017
0.13571209318563815 0.4628361736545139
0.05892550456940393 0.6885144710833482
0.5358322064126362 0.20613968191120113
0.15778260506208097 0.20930583394003288
0.01595154751524719 0.9991986537780921
0.8473072002234885 0.5701385123126641
0.5242093287612908 0.9854662087414594
0.6999198324091966 0.5807615925102585
0.02919672927175143 0.3650205670150335
0.4324393342713022 0.5333252920710374
0.939605354673023 0.4388772773041103
0.5036716880882472 0.32479543980644965
0.896956678497923 0.6492174759448002
0.2803647573294372 0.9691331463694781
0.4584922375059546 0.4069872076229155
0.8135044553530355 0.184703921766725
0.4094600103646624 0.6157675918666685
0.8678921892326479 0.4655419546977517
0.8714693592732532 0.9413538272931941
0.3787730833920475 0.9007727723044254
0.7589437511129911 0.6961090643101142
0.5634996345580274 0.7858959218227575
0.640078698126574 0.8657071764627304
0.12530880562215296 0.8755460449238781
0.8004944005073023 0.5966962507992846
0.6293611169703843 0.0019440813388664768
0.9795142298137733 0.166381474471484
0.7134996496782631 0.37345229177627237
0.17501315214456148 0.1519145013167651
0.012604916785550424 0.2906497924879674
0.7250348195178962 0.3505248321909986
0.02786437505041195 0.049723736685977515
0.04420016216076217 0.03294766237521318
0.9910664596113952 0.04102832870241535
0.5073106991008345 0.5003638692494883
0.9769287858042499 0.2307965958854017
0.38495060796226976 0.4063995202870174
0.8973483470801387 0.1397786187839205
0.34621035939701317 0.05790815967579843
0.6517228530410086 0.5191691916056504
0.9886122691545594 0.6983461450665784
0.17853214477136814 0.637382437431087
0.0644709407656272 0.6091702019655185
0.22288363068461292 0.8565144098822548
0.15548847348398853 0.9567224849413656
0.18649091897042336 0.5249544424881882
0.9819992260972692 0.14240172609861612
0.9575860368956781 0.37741593199507606
0.9530213592416401 0.9317602345415725
0.0055469965715460035 0.09917756234166131
0.03310387879968468 0.9863202443150625
0.5786990292632848 0.5423768287526594
0.7303931423031049 0.4569427794101244
0.6692362010118558 0.8087206583391233
0.9875547664878088 0.34123790052905645
0.050516893711721966 0.0873297571138072
0.8735727678655503 0.6495163308765415
0.4400579546101324 0.6067813216648965
0.0603048168188236 0.9262181759686685
0.33918839392780087 0.9702407356782237
0.26688527331175216 0.7225149155110455
0.000806862547980014 0.5823882056407683
0.14645252814803555 0.9644473134341685
0.7437193123025885 0.5612720943219911
0.3784178548780761 0.6923107481023576
0.28240206355854336 0.07598354690218967
0.6209166791758713 0.6857538834897121
0.07065091716304339 0.7002684183314951
0.753252746111333 0.8865167649364172
0.7101766622564718 0.5917070846464281
0.9527454532624746 0.6671472255921505
0.9004916552627258 0.5535808552098824
0.6518442446428736 0.023215065501066112
0.5585478012685101 0.726303860375646
0.7216229750124359 0.1760081393022328
0.5333881259526554 0.8580746374935393
0.8689618566908284 0.8735559773495756
0.048833671940148315 0.23802014673259264
0.37881315059543663 0.059894173960192365
0.08270913537741076 0.0469015958503094
0.3629228363269712 0.6660062288346198
0.08866298875806233 0.00988284538150741
0.4705267887799254 0.13609075773425472
0.2689370520827692 0.2178597398585025
0.7187599446489423 0.25693353997696433
0.7277338428459201 0.8804043838294582
0.623432857110128 0.35493577462815384
0.9792186109527752 0.5077740211625816
0.5473987968358152 0.1509251385757
0.575460160291194 0.4047264187726125
0.6547571963497729 0.15838069063952687
0.4491966500057729 0.9145719553319982
0.979844809876524 0.5660887076124665
0.28464521990956193 0.05194623453964109
0.6446187907683836 0.025001232908867133
0.6575067751670873 0.3163727634716966
0.6330173559147483 0.10624311479132587
0.11162196769257848 0.03516921963493069
0.2759275761411548 0.32782076204916333
0.387739180367646 0.3123325078136965
0.453749615657254 0.6003364390910686
0.6814278336296868 0.7512959388457934
0.1454551152278516 0.043917105118884914
0.13048757216597062 0.27120981670124866
0.9480041422447927 0.24665011042853568
0.5700559204462121 0.6903841997381301
0.4552881163909963 0.06967354875710452
0.44115502367511783 0.30503523437979374
0.6944735605974679 0.7883445772059146
0.2468207225872694 0.36463268085355427
0.427393804581256 0.3574474586630805
0.7309273470238893 0.03581075242176479
0.3064536874003383 0.16879834610325228
0.850985410872733 0.07493802165199837
0.1294945380379524 0.4158850924177526
0.9951890006630142 0.22500246332442164
0.28023414817325754 0.4183993321515722
0.8070840413602904 0.9679912521927381
0.36657645124064797 0.6570832604549977
0.42867661187544215 0.3258590503516532
0.8937525979324172 0.8440517769980218
0.104474798750954 0.9664419581642609
0.8646605674362873 0.6696033000187263
0.2315909014325428 0.4648341627440713
0.433138145300378 0.17724665001462858
0.9189240722974485 0.32105493780121286
0.6470858280470313 0.8103716043427058
0.04262727873566119 0.21371936100545108
0.537248755302415 0.062328232406598794
0.21673755648790816 0.18257003988723253
0.9003263053711588 0.6645447101785988
0.3064736698780859 0.3503831518164928
0.7991481878310447 0.18231098219634512
0.4259427375772036 0.3397069647604545
0.6465351573751557 0.00973093759709931
0.27534781756645077 0.05094444255980379
0.8151642483060684 0.7136456866706067
0.4205178818422677 0.683803739407232
0.49702910953383106 0.8651406206805812
0.24724555264533077 0.8011191632009715
0.5256846373986193 0.5783472206737443
0.8224565034711293 0.3663004340010789
0.5878334152837958 0.24817228284907844
0.4913253405027709 0.5762214287950429
0.8107073402530218 0.03264149669210825
0.955945931351728 0.7892199066088472
0.9568942633257054 0.34892843766664283
0.6053766513749348 0.09098339959148816
0.27922752847365784 0.9174770972415718
0.1228449077434286 0.5091467019101374
0.18156183947539462 0.848265713402298
0.8868766900002938 0.7965078741324378
0.4095903143494062 0.16070467010339096
0.07440416323716992 0.1901356676677215
0.33610546338519276 0.9987729223920028
0.7025595211958489 0.4848788732292477
0.7366169001469047 0.16142090993381153
0.7886529116891716 0.900885432159404
0.7029348175462211 0.628412405923495
0.32784533264875515 0.4965770870516535
0.7379823596429149 0.4416891903328444
0.17144966453631683 0.09463308087704014
0.3357757995228512 0.5091064174403792
0.6847490314733551 0.6222539473024316
0.7963014259377714 0.8694245320234899
0.8315422567070372 0.5711830379072353
0.15881537875335328 0.20522489750701722
0.6638100957136321 0.3167551789710086
0.38058576170995906 0.23059886209375158
0.11403764693520912 0.865567676084759
0.3599695172268451 0.9999651038422745
0.12509052905345275 0.09898488420196139
0.82780590759139 0.38984992083138925
0.005017225729047059 0.5539998678987006
0.8565138792792315 0.15230187088434444
0.710433825508979 0.5401132755298204
0.442850945015256 0.18892306429372718
0.66743664920769 0.4338326675550108
0.34613328899844964 0.7723363877043756
0.8514138266312019 0.5503184832000616
0.37954762651945706 0.8323081853658476
0.09149637566393598 0.4184187969908306
0.7421507469331012 0.3107087737284948
0.9722108085946439 0.3838715877890464
0.0775684668838934 0.21110773821321094
0.49780218807567644 0.573308312725946
0.14701071891785866 0.7532446444257663
0.6756082540827579 0.5014371199498897
0.02308915900863262 0.25851520435740594
0.43599291447653976 0.37173540736622135
0.8665387240709963 0.1591182434428211
0.9891442800001786 0.8039757792667983
0.058474824647336554 0.6333947724072839
0.19159359337794934 0.2404879765247172
0.9517139787997284 0.8643009542299978
0.3398228465523483 0.7337442146979318
0.6584402743975628 0.32817930388653216
0.2842462605476579 0.9382796021337674
0.4359992891944302 0.16825835805347578
0.27466712784176406 0.7184644491084875
0.8158494295705854 0.5940963467130744
0.6404976706136811 0.7343085149008459
0.24758647858572536 0.8224373701812966
0.6178830618645437 0.23870185071411898
0.3006784006814811 0.046502174337997415
0.7080960809853252 0.03781788403350328
0.7086729721291554 0.3105936471017756
0.007015077514542556 0.38808224933301005
0.5989178478830472 0.45290996277169393
0.6007202426229852 0.3057636740494434
0.20849073696237208 0.29612414000867315
0.21475095584083204 0.1258881507156444
0.518350618450619 0.6145196457901867
0.8008868128198199 0.9245533923416374
0.8390152848557348 0.695224915105521
0.7753152987685736 0.6630396539507006
0.26723189604108377 0.9931614362860484
0.3882298392638801 0.5140329939963559
0.5923737064970396 0.3584965650162577
0.5204851452628301 0.6231602405042567
0.02987592137347095 0.5290775493281843
0.23721795899634346 0.5146977200084477
0.7408508298455181 0.4251238199489098
0.26903495728575266 0.19987177641265808
0.8957003830597208 0.9387414880779958
0.6128365674824161 0.01871701079167165
0.20436367069734884 0.19352271980610314
0.13760100203671954 0.13565080011780095
0.1937159309024712 0.06499093446147897
0.3453010548934268 0.15190573078684388
0.03548745082609339 0.5895228523543958
0.3021127616740167 0.45437318109935765
0.20244919653753968 0.054284952162534816
0.5136418198232824 0.3476739787959977
0.2846200656453033 0.2733935042679394
0.83666382548451 0.4127883454348855
0.6200580451021103 0.3373907137806591
0.9691292702116223 0.4196308627139962
0.1422546585177158 0.6332897743582135
0.8613861183330145 0.29778456463829883
0.2012031544079993 0.743170956032777
0.037328290566730926 0.26141643525699054
0.08905461620691146 0.7151866569459135
0.5996834274026401 0.3942627739952944
0.04550599149262191 0.3388870826008379
0.21843763145347483 0.5153921639844845
0.18538303755989438 0.7800721900496916
0.679757923216854 0.5823989803799527
0.10754517325362811 0.7154851288446755
0.569740297272934 0.7219273902304597
0.40161375615063033 0.3468352530268177
0.026036890076670538 0.7803154806875818
0.22040506884115718 0.22332747900229366
0.8739915397141533 0.05798718042095019
0.10314048530363995 0.6478160631249192
0.8140347163136485 0.9341053920874458
0.25515257654260615 0.04610417511542364
0.3328294598807189 0.6966349856050782
0.44598915710047593 0.6604863232582958
0.9195523640070342 0.7187016720253849
0.9214421591363153 0.7023689425892805
0.015969332195736152 0.536896394728946
0.4436039118784618 0.22728339795031993
0.661266204640413 0.9177305659102062
0.5611705546859929 0.2833666740015315
0.009219443214047551 0.2822314565281885
0.42748301903267105 0.4719572545815618
0.7094957555135748 0.8020206875270341
0.2712737839008488 0.4647928612196981
0.26236296636143996 0.27752876069752674
0.4426780421767367 0.23560976438300796
0.050505705038254245 0.5648515262612543
0.6179572357239425 0.17169262499712068
0.37906057883017596 0.4415391284225971
0.986287114564596 0.6910869654059932
0.6287366683795592 0.9068229905161997
0.665166187491099 0.5016595361111817
0.613696047383411 0.3179883372994352
0.26517951315420096 0.032434415321540344
0.027036855828471262 0.6508226986544887
0.9852459709300045 0.46417160727597895
0.38883849982489194 0.6034260719751221
0.2859551124171067 0.7299790125225094
0.4660755285691456 0.6866034678384891
0.6867340196712466 0.1734004617716527
0.21158967252909555 0.49284680855158114
0.49181246512371013 0.1683646105270733
0.02855261288036015 0.1498159355633848
0.6110860742503541 0.5929996190422646
0.7368474246227557 0.19453761796770164
0.31792929868841613 0.23165779030932088
0.2391476990130823 0.6755344218874377
0.7798618723982542 0.48263839994042756
0.48756483077419777 0.6392097694280121
0.26012824251935696 0.3924926091520746
0.4480738616052804 0.3938762275077259
0.35493626570404446 0.7698930451193011
0.9458981850448891 0.6889821352770633
0.5146468181666519 0.2495734984747282
0.7489086948325487 0.9904017907677392
0.49243620158227275 0.10743831008234506
0.6081697094436893 0.08678868940307227
0.9968998105131694 0.7415824194449352
0.6706734749843046 0.09003216994458163
0.6963197760917135 0.6331549360001663
0.9271543523023975 0.6768167800282787
0.5918474854712463 0.3502156605681994
0.08381719238154584 0.5123397316274201
0.01765623636789515 0.10722614991951063
0.9073168171737929 0.16469946031335514
0.8506249212934405 0.45603474767782726
0.6390137519552153 0.911814433938607
0.8204883807851515 0.5485186201326122
0.8151685534613846 0.930651158512037
0.13834972015892855 0.3857345796232252
0.2975161771662129 0.9627209142767332
0.1701646237540242 0.9869328597641212
0.2433444677996417 0.567792151615776
0.10104849051890863 0.4600166046167593
0.9958523216926658 0.40866181600111817
0.9757805026316346 0.5995274453273449
0.17126383812546497 0.19859081521826738
0.441361284816153 0.21280466345287863
0.2096140316138606 0.8876746674974569
0.4729464053460737 0.8864271720512531
0.2785948518894785 0.2511246455205882
0.7831131939457394 0.6381407926569485
