10 6 100 2
633 666 722 881 874 954 1044 1463 1053 896
650 753 1026 1172 1036 1213 1470 1686 1292 1231
723 734 1102 961 1233 1214 1662 1881 1465 1174
782 857 829 992 1394 1005 1159 1655 1207 1074
633 647 773 1337 1330 1360 983 1394 1162 1174
722 661 894 1300 993 1329 1408 1333 1007 835
562 951 949 1084 1149 1213 1123 1121 861 969
736 800 982 1027 905 1260 985 817 929 1032
685 624 742 821 983 919 860 803 825 874
633 737 730 567 915 629 963 747 771 624
7 1
5 6
2 7
4 1
4 3
5 1
0.9709452411578512 0.8424050177793876 0.3461622729197627 0.8532590229532238 0.22104793580252402
0.6336876435291523 0.4019949492145621 0.7272830090716513 0.9863499993065004 0.4222681054428904
0.3806187661888617 0.7054210581219249 0.7849201445755781 0.6367285851800843 0.4238554834503896
0.507320131882131 0.8366286480009535 0.44129577564691136 0.8253913743002019 0.4209524010618222
0.8889195375867802 0.41256265756952587 0.9337706754189852 0.9402077957953283 0.2959992041857463
0.1683531172877173 0.8450546222478801
0.905085737351194 0.39769474437082386
0.3020548714494131 0.8598957881659213
0.29081116853442834 0.15172811198952418
0.10350185478854801 0.611136547705424
0.4310905887004015 0.1452569468087277
0.09639744723822341 0.5703383348582449
0.6760356461451662 0.3849659115242523
0.9702637024112244 0.9982867886322164
0.39245367325480673 0.36723497324972443
0.4551814223379653 0.464872965739457
0.7037338972040743 0.9871094086666405
0.4735762395799137 0.21202644258817127
0.3678347343213133 0.4886830329591463
0.5459759107225666 0.7659151883345512
0.0962787421583573 0.12029772049326937
0.03481652355554665 0.9184638483624006
0.38043949925746934 0.37085837998227666
0.44592093322013127 0.6860090182875067
0.7587892699658116 0.3742860862978863
0.874658578769385 0.42056028453582117
0.5543129673427223 0.7379477491800222
0.4829940839940159 0.8101407261133797
0.337720367174432 0.6746241460221829
0.7242928081448881 0.5381931420397952
0.6661206686560377 0.7559510907334519
0.9660253830160981 0.735484343023429
0.34223038849838594 0.7534622963466697
0.5651090020933529 0.18558266399198686
0.14242300024001753 0.5313307203716442
0.5257926465182174 0.9320454249836669
0.32056878716325743 0.6913702974074882
0.4242345558903451 0.9807469514750911
0.3822947159818739 0.012046020495865672
0.9202609493900467 0.10954027230814534
0.7490786495771837 0.855727672521819
0.2868528877082457 0.9629385085411641
0.5339436535230626 0.6829400552663707
0.6920347638173912 0.8367622348899535
0.7540100525016282 0.5549984354752089
0.9563219434321766 0.48991483687433823
0.6483803955273759 0.5311544252184885
0.6857897223381955 0.8439285177063729
0.49187222013897447 0.40600424779260336
0.9684520908244147 0.8458941722395095
0.8577047985728119 0.5412020261419987
0.8983940267559631 0.044684728919345496
0.3101061185881484 0.32404682207020774
0.28304009160318766 0.9966429886973645
0.9476644115060566 0.5127152311763872
0.29497208929396734 0.8750632884861389
0.3686188192797517 0.4183337159082232
0.6192405934271408 0.3524313923758613
0.4635982465119881 0.3356987089377168
0.6042121294210867 0.07885558042435425
0.8865512978595944 0.02977683189189828
0.11340725424475595 0.21480608985910532
0.9020454676067746 0.05783050510406951
0.07811676774287424 0.2759979885800281
0.4972498949734985 0.9180396170000367
0.46649392297552894 0.059027317490605524
0.33745942685679364 0.8225525493138117
0.9169235306531183 0.456626563655151
0.11444068284010234 0.8384749942117569
0.9200823462598524 0.19521012394881554
0.3565114793550139 0.035898022144589925
0.9859131412967195 0.5620751949039866
0.39155032334817386 0.3910614118856248
0.5870897993232722 0.3210324214787321
0.3359408877329608 0.21023096043045353
0.4034109829161996 0.04452269231568806
0.19503531009033437 0.8349314307325526
0.3908209518592698 0.13863486917945922
0.6368887800797387 0.7120774715537643
0.9606164793106926 0.5260250985325166
0.6703514297738729 0.570872494339673
0.09173935138427902 0.5471578590706052
0.5402357265382594 0.6608299238156634
0.6677604954992755 0.7081205218691466
0.038412912077398165 0.7938208259309141
0.31413479130200583 0.16427780074958687
0.3793712194155987 0.8050001939170421
0.27334886557749627 0.40814454113519516
0.653478547603711 0.9159970522077889
0.19364723289673358 0.17632160655615992
0.3112846470253763 0.1619953046164928
0.6507331836313546 0.4475595974449009
0.6804524053307777 0.2484094513191728
0.2800518166970405 0.7216453542191259
0.10902275444451148 0.6491410396683022
0.7248505379012966 0.6415031450463806
0.3564472809782324 0.39101137346891224
0.41885357651890054 0.4717618932804921
0.02975451607426094 0.35246328524189874
0.48664216305046537 0.3245330239989199
0.7885566470839935 0.42275922012007694
0.762721713297347 0.8795019629382819
0.7610403297513975 0.9180486052723043
0.23402575999756214 0.8814570591077353
0.041342248815390725 0.5044827698919643
0.516869449224765 0.9026775838042045
0.7542839271709749 0.5876516070824906
0.2684468906214872 0.4671270605168678
0.6066687545318261 0.775389238302022
0.72606972327828 0.7897249211644632
0.8483073596006288 0.6558840772493315
0.9510961347309885 0.2447956058644556
0.9045009760381968 0.8347740849885115
0.12849001406209926 0.13167630082352066
0.8790045318605206 0.029253966935633535
0.40325118068634014 0.47811505392657017
0.6513146780124281 0.8265607559923533
0.23478974082559545 0.9230883463729693
0.05465602809973946 0.4443435553582742
0.05368500514502084 0.44366388264694345
0.5448439977567612 0.36868997934754644
0.38494506105936543 0.26483041397407936
0.8197779495460067 0.08780307756090755
0.25404109024333477 0.964241331692276
0.5829019641494495 0.8950646367417048
0.5554055103937408 0.08341435055852209
0.1311880972318853 0.46610440202352676
0.008161715281543414 0.055998471518039494
0.806205552962526 0.6815490747781321
0.3351314885118861 0.9721645229815352
0.49596048824499306 0.6146995137500797
0.7975779912228742 0.2963595171910729
0.5814809590372383 0.17198981644916844
0.7791929016519994 0.19988640290471293
0.6316150275301258 0.32675348748344657
0.3621835752501943 0.8055470383155585
0.4612390455403208 0.05109835445706157
0.1107038275343506 0.49505495406120903
0.4062612072186105 0.5730665284486418
0.7862285067330399 0.9900233040730584
0.8493513939777848 0.1403836755877197
0.200477040608257 0.8379901373534049
0.6798755432625605 0.9618277340946599
0.1259561543734864 0.8964917501603133
0.7174838195774271 0.8982629163892826
0.20395244001978274 0.5574164151292362
0.00039253211931922216 0.011456624984627739
0.08302573769135191 0.4446817287497795
0.2621701410588857 0.6741165067398989
0.6452726409853637 0.22855334563934893
0.5649915283207716 0.6707439326222939
0.15662161990848644 0.5511976461716344
0.45865684614989144 0.7964296157536082
0.32910153581787815 0.26409203267633075
0.32186409109287495 0.12658124963504314
0.9330317450436574 0.35962984077462745
0.8882059407960448 0.09595662125888582
0.18902718840486377 0.6852977059031344
0.2835137132143808 0.30647682505419205
0.7690802389716527 0.8580364604899973
0.7357094284069472 0.4684834248325871
0.6614086892751871 0.9077572530740039
0.32927188490433834 0.24251711203178838
0.11987856598534363 0.11131438655669323
0.9052049790698067 0.4785375474540192
0.6541315853687109 0.2219727553552251
0.7350438888138466 0.26522806278743993
0.18053025419252267 0.33405132347646527
0.4903807285374362 0.10702249240944628
0.008226740090730988 0.9687734808768733
0.22268219922036536 0.3991229585682958
0.7981183528193878 0.5102420285941669
0.03813278881499893 0.7722609801417686
0.14594066653399906 0.0688662446076489
0.030328105408359507 0.4683871049668702
0.9692965679275027 0.7631046955586878
0.2087092215911317 0.3135288412393482
0.6101454782836189 0.6725784243549504
0.47766552821451147 0.08871601240312432
0.48334473960266733 0.25990493684670635
0.14366879901758467 0.5747436899695593
0.8695271068911352 0.8266367797525733
0.2971404178023582 0.3083629997820245
0.8492062008418557 0.9306425671841332
0.6485341819489505 0.8743095591034082
0.1289331765674051 0.7133284797572803
0.21373976728474386 0.38736589468643556
0.30586067329854916 0.02114573087041416
0.261832323092281 0.7385753833755568
0.8813017156282859 0.44794382002852906
0.5716852289471226 0.5783438563342724
0.6830651659391878 0.670857321615838
0.6535585651990892 0.9948728164700185
0.124279202255555 0.9041203095077146
0.5739199357529965 0.43536003515047694
0.43947725332570675 0.7431735877553609
0.6389190762609065 0.7470647122830147
0.4955669420069333 0.06433753180046131
0.4857176390114115 0.1985340288451629
0.42512389737692335 0.4491229122236162
0.648656274754918 0.21536433586528103
0.36875428008234734 0.7799040564507091
0.177900645484796 0.9036578967905016
0.6519342671233215 0.584763084003066
0.2773181348696734 0.4104868097782626
0.25869706345530874 0.8280319839579715
0.04451828610007169 0.9066341851459423
0.5311522854712056 0.38464646493120136
0.6084686798410133 0.11507742646783137
0.2904014333775491 0.54442339087724
0.9101223317632219 0.1865638691513407
0.5743029478104527 0.15527084099805655
0.5812083120705844 0.01128861909253076
0.573474602674404 0.8704602951329068
0.31814873957085954 0.534502749838971
0.8725482596720848 0.04907328099877506
0.9824400242724936 0.574144253445755
0.24243350223669058 0.5181372839289977
0.8413463893760271 0.8026922075537266
0.061785528985506044 0.38728132381567515
0.017106958427048014 0.7131812749154574
0.2463918286598743 0.11427004214808889
0.7512072894276351 0.08332091939487096
0.8324957981961922 0.3726242496122456
0.7580625439770676 0.28438296700967536
0.8458334796580229 0.10061716422230349
0.17625379942256436 0.04399941544369046
0.890270371868543 0.38009375070032503
0.6113283812203352 0.7820022910855788
0.18780242464474317 0.8233609280392069
0.3050400077717581 0.7389562281605613
0.47617123875241196 0.6286386495905696
0.3633292381103652 0.09485079974641653
0.9075365753507076 0.9991238349797071
0.5739377896466977 0.532875334955452
0.4465055674340781 0.7808079142121886
0.30922464235235103 0.07129004349325774
0.14696711067252366 0.6324096606708827
0.7410768651109554 0.8484225870821014
0.6906591950902281 0.8610551178937278
0.4454712183435179 0.4658249277134161
0.648701315789725 0.23571576373959702
0.24291997570142576 0.34096092189740346
0.5811699921949904 0.18960339040137497
0.46365829847840767 0.5818196763477597
0.026819167187269066 0.06961327913501769
0.16760781071752273 0.6484375614477178
0.8834418304453118 0.7676145798811345
0.19938078718135843 0.0072696799274123425
0.9289274810335348 0.9790610874068499
0.168370374016793 0.67102290989147
0.34100909348835806 0.8582858112041947
0.5757757918437565 0.9280825396226764
0.48594356463896315 0.3736064064915052
0.399544670396659 0.08136142193560025
0.4638944402757199 0.8110775053573613
0.09237877545096818 0.8232880580094593
0.9981410460153124 0.024270739906302685
0.7958819464262006 0.5790569816914304
0.7255708950741038 0.6763948589049535
0.10463367555427516 0.14709110520610236
0.7589814114369389 0.9397023815179049
0.42917694808342777 0.5752677587901751
0.06969176101931085 0.4492394717284631
0.6609122699218972 0.7357191893216877
0.7385437081223376 0.5526629784410453
0.9623736200730031 0.28712160777640183
0.11361231785823223 0.6734762015722326
0.187215174216522 0.17713586303589346
0.1558356308720923 0.9947488244912284
0.7409542742118114 0.7988387659391314
0.17391248326018127 0.9638504453185723
0.7444310053659207 0.9388018102580433
0.410005769058817 0.2984104385897479
0.13607980457088642 0.2917677364772644
0.6824285062691537 0.1840213116165761
0.2334750244437176 0.8663502806705818
0.7772703001500414 0.11629985984602009
0.2385872288331412 0.44862182446688625
0.03637070028613221 0.7836357656086839
0.9027901442979194 0.6940627154916255
0.7228702566693055 0.2647961837370125
0.3744015839221011 0.8843064145449671
0.20686752484617799 0.31257555554109584
0.28962308927948865 0.9514174540285716
0.7324443575751658 0.3340364222095151
0.23396882490920912 0.8811068244578841
0.5951393635174018 0.04887691652749582
0.1428294431178463 0.9166129905866411
0.5926066617968317 0.0018946457722053278
0.21406789334732768 0.595160775211033
0.08276866588276888 0.05577244354247246
0.7027073348453694 0.10263055978470592
0.8821506529214851 0.3924076499441467
0.9193077580624545 0.35694867724695634
0.24743002476749099 0.787660618480897
0.5727965783772027 0.18522844998103483
0.7431115782892952 0.9643469051711235
0.7631933331019587 0.9102153519636835
0.030120344234373375 0.28467814966290605
0.7574849685048526 0.9603417167820736
0.5346089494740558 0.3204608507268185
0.05616131991615547 0.31112514175829475
0.36314672409493043 0.10963521155023082
0.22019659964329552 0.958340446797604
0.6765657359062038 0.08615466326465215
0.3001444918697278 0.11794448665208868
0.11058790835416277 0.8383154010968163
0.96004346953748 0.8747720979250775
0.8462436690781823 0.035989100731992796
0.9160991548700395 0.820841972514385
0.6228419674323593 0.6101793698100579
0.4544704272733533 0.6326879675297161
0.419338968111828 0.5018995915679554
0.3174621410669214 0.899318013523505
0.9892202068748714 0.16515472535520392
0.9610218362268548 0.5415884240705973
0.37228349056648224 0.8696369419942545
0.40608579742374906 0.9530206784827446
0.4381712654335237 0.8988062790822329
0.6892026338729071 0.8157225625170037
0.3196329776935358 0.24552021234812904
0.8082183509513026 0.7400922971023949
0.5928308761702008 0.9274698456234383
0.8458825815521736 0.3189098758783029
0.5341041467341363 0.5775941116138308
0.48917355966782217 0.9252603304782478
0.52024121279726 0.5034458463855827
0.17717577566713838 0.07736972130803865
0.11662448693132998 0.27935875504816776
0.14252613182711538 0.06908924085730073
0.37724521983398995 0.6628011606267157
0.4898343650661443 0.4934292334796593
0.4412496895715363 0.23489223630477007
0.6724900565186349 0.46960980064568925
0.7793610029222202 0.5705914613939613
0.07002726069483645 0.15020463211293666
0.26535409928775766 0.4463912632478313
0.2547390542487422 0.702598261147344
0.28061893365190893 0.3473776507765953
0.8805633021671189 0.891106837806271
0.5099089995885886 0.28343547217825416
0.7612756703129353 0.32819444579004475
0.748457653454319 0.1298077715899968
0.6486659500275866 0.6025457242410042
0.3953691180076213 0.6769988816299077
0.20747608282193442 0.9637864622146737
0.10310326427730643 0.00867311540222282
0.5270594103056039 0.2780735648240702
0.29998865002171526 0.17538988612341488
0.7051406477948776 0.6424118401839294
0.5470598164848395 0.8183608802382678
0.7102193199711888 0.8286644045596823
0.609944184708449 0.48147566135348474
0.8045704807301062 0.2756492057196349
0.4401146833928671 0.1538320017546091
0.37224580746077307 0.6727006331229133
0.6873857800028158 0.3779440404950405
0.26791122731120587 0.6075698759650721
0.08818596084208785 0.018021263393440012
0.5671621175988857 0.29722569996389336
0.5223171269045404 0.15384997621420005
0.26545083860040175 0.9865641038534925
0.4167190470819142 0.7018289481895372
0.2713560652124132 0.7504453660937274
0.23224430728976486 0.22445182375552664
0.3635093564858136 0.49468224456616205
0.10016473747411947 0.9316232129127247
0.9051723176227082 0.10838564484428193
0.8040221113482522 0.7833858891395467
0.31988105037438186 0.12073953787295366
0.13938820273208874 0.07645191158037523
0.31471765386185657 0.30698450164569024
0.6034485039281634 0.13080443754328108
0.08341194600427015 0.5427568566701308
0.3111296654109914 0.2713008332998721
0.6821606015826331 0.1587998590447497
0.1451892171172291 0.9216952893637811
0.1287512035002205 0.3101192005846989
0.35615680419520857 0.8349985340039232
0.6936744499439524 0.36316228178196686
0.532897797611229 0.21334742878611457
0.5931076821795218 0.7966102557692176
0.6834947599252568 0.6885351834295732
0.692027946018865 0.6861734442573604
0.919486961861997 0.343011332148079
0.802508792126325 0.5562430042911075
0.12628302078753428 0.531238737725626
0.5366387211308548 0.2705460278810141
0.6540255696413537 0.5272267434042319
0.5855061738075638 0.1116021346124445
0.9783618403245158 0.42482166323146653
0.5829857948156809 0.9329306505555983
0.42478738015569295 0.5843349288166768
0.7124156226971639 0.1074836875292442
0.3761158164061338 0.8422044153335557
0.8182405109337276 0.2283586318560502
0.8171858534579883 0.2812761411371083
0.6261343739190146 0.14521909693426394
0.7407283932486319 0.8737871389889407
0.9331439573413489 0.5392424926264185
0.03191702989935319 0.7970307146630058
0.28726191613767904 0.10080156899816273
0.26691176052142707 0.13947221124741094
0.012096363731014304 0.3812880444522202
0.20885994254682272 0.2290489013000745
0.9568904245697021 0.3273460476896697
0.058391109690536735 0.6809218818849976
0.756412919012313 0.6126493973691831
0.16135206995112927 0.23760190965491135
0.8743347052978747 0.8432982102248339
0.9569454113689853 0.040698081823053345
0.4611573790367893 0.7159266900538326
0.838227902840897 0.9970008433668123
0.18246546063669422 0.5474380152654976
0.7899290116875559 0.03310887825415265
0.2264160420221919 0.5916499827928117
0.5790191870197834 0.7319300104023239
0.15484374161023862 0.6512298859665528
0.22405087572361637 0.3286331008484349
0.6059112352732596 0.6847282033015261
0.5076165557620305 0.944433944541778
0.5796201885853394 0.7955312694207397
0.4626873392982662 0.9892600978506729
0.7027467554361915 0.2927775444588139
0.7403609433375054 0.8415040537535412
0.12968725553216975 0.41592889173683467
0.6581513830837467 0.9485925274862446
0.12563180966264076 0.7646794089163285
0.10725230907425809 0.02380221130670579
0.2402618445997855 0.6865766037113055
0.9419958295938207 0.8110292921104914
0.565697603628299 0.0584991645252575
0.7495694622523681 0.4071063547827971
0.15759899870263272 0.944692113541457
0.6859025377692858 0.968591969246869
0.8230180137980614 0.4338159379346649
0.6912695884837001 0.1430674724858858
0.3890949335303657 0.6492547980797208
0.42204372556031156 0.8939835275969452
0.30162351088713524 0.09578013418992581
0.25135463009282666 0.32353643348142525
0.4842103501209718 0.2998814260385074
0.6370567965745197 0.5450572169248478
0.8067352615444385 0.5029566757087724
0.5239049568359724 0.3866973443359505
0.7623929197946142 0.920370595506669
0.1499504242236951 0.025038880195269453
0.7681971816427045 0.29066356471289234
0.2840688370180049 0.9503121617628514
0.9123179919951256 0.45019188562099965
0.29939933998384416 0.8030934848062894
0.7009553965815183 0.7126209007721747
0.6249500849171254 0.09022041755212462
0.3040497016598538 0.1183336335006957
0.32957498240597927 0.6528177279185408
0.6703117295265837 0.40758961507251557
0.5488433630014009 0.8939345572084121
0.9330237062886158 0.8709523307121425
0.7402155876957621 0.527436622449333
0.9397425846127307 0.16249322557076074
0.6523887709184182 0.9271588755204867
0.8198926497417662 0.8622221804012424
0.05239168492598445 0.30732002523821733
0.10334942907289113 0.4290124943825886
0.9177590996973748 0.6917990366965223
0.7904109264123453 0.07614035516972462
0.7406663877553741 0.9162856742085093
0.7407310320065517 0.4659767816072382
0.9768443858521663 0.20214401614534605
0.04999746211677425 0.8062219149667622
0.9220701985209692 0.992673607347546
0.2349121673992911 0.17604003992762496
0.8127145241172935 0.06378341346936378
0.07612808841561614 0.29707467533968046
0.06572211546197004 0.894971473570751
0.6641790594795058 0.68893576584248
0.70419278816174 0.8199925081542947
0.41104667090004465 0.3471886916003568
0.39681594524688557 0.27646259882857294
0.05688488561373317 0.08986948764385949
0.2843556433229899 0.4826009752193816
0.8989693114606156 0.8244173931809673
0.5893423911484195 0.8890491031153838
0.16206424829410548 0.2503604773702035
0.48898068076906 0.7619831155978762
0.7464548842197134 0.12347820501832008
0.12898490435646193 0.7091917150904596
0.0842967758653701 0.4576700254963624
0.9012880524494107 0.0009494507511123018
0.07976844730315191 0.9049950241854958
0.27885341863140445 0.6609326188573983
0.11137270143747835 0.04435150452117509
0.6290016152442146 0.8379412592725533
0.27578652074409105 0.46759544260411223
0.5830094870882572 0.42517045035454704
0.3871007838598024 0.5753407474422849
0.736953526216414 0.9136791785097325
0.43776471694054897 0.6435463924437728
0.5436875432336834 0.09971762793975336
0.03597339570897873 0.8381702040882573
0.6202891585561077 0.39355317647322074
0.4074175945147096 0.34939299891815523
0.5614237287607351 0.1471501243519029
0.57543868705926 0.5090788509460789
