10 5 100 4
925 985 990 970 905 904 942 923 901 935
894 989 946 919 963 1012 957 905 973 992
977 936 905 882 1032 900 988 1000 995 896
942 885 1015 1264 1019 909 1023 1011 993 905
987 944 1373 1336 1224 910 1033 906 927 888
949 1286 1337 1365 1260 1263 966 988 988 925
932 985 1371 1342 1287 967 1006 1006 1017 967
955 897 987 1270 925 888 995 1037 936 918
1018 920 960 990 887 946 982 912 937 918
963 968 967 1033 882 938 896 989 950 994
2 2
7 2
4 3
1 7
5 7
0.4676184863431536 0.7875967344814184 0.689703210686506 0.4565007510676326 0.14326354631739974
0.6577201442914731 0.6073228651411149 0.3551034198991569 0.7616697070716267 0.49443032630504413
0.9394945436655573 0.3243206477806348 0.4612071011945039 0.4441735463129337 0.29531290934553517
0.9749896174522621 0.5002411436453156 0.7594853462049387 0.7972503307863648 0.11897063378597715
0.6689650792902888 0.8501602808563755
0.4831701679100946 0.29975384701215924
0.07812505585119944 0.5632815411166909
0.4012424963403285 0.5513541480319264
0.2305894587763806 0.623258345155647
0.0007051649964986417 0.7792099702502835
0.6956242244867679 0.9072668785115101
0.04080610726155598 0.2170538594120781
0.25896871559505463 0.017977323654934985
0.9932151382653598 0.2729901055423125
0.5643994671722963 0.9415402778243473
0.8643939314567577 0.9006925416792144
0.04051478145198151 0.19398645283820937
0.34934445981811724 0.9737973687174641
0.6487624442085378 0.8146754772312512
0.8279517862991863 0.17914971640495247
0.8395598636998713 0.14980023218626703
0.7292125488677774 0.10775083805383434
0.16217523446084492 0.460842104483947
0.6634385063417108 0.8239610354468603
0.7223546820076729 0.5155430865765867
0.45563385167968695 0.16393266190772082
0.5172215500146369 0.796424115731035
0.45138193884930033 0.3100640479702228
0.3083798746781983 0.08893051350456416
0.30886407309557473 0.9191915228635157
0.32983407725944214 0.04937250045296482
0.1255398930378624 0.5633360092668926
0.9408272075391275 0.4284849373556965
0.9877978981919224 0.7929528599835571
0.9136735333955424 0.5575148649000814
0.9810782860281257 0.9123658985102685
0.6419955321488868 0.054599695927432634
0.9915437312120117 0.5687788670950649
0.6957406129960602 0.7921492518460707
0.2552862086646024 0.9278138766532573
0.7715218164724305 0.7578748102524786
0.44514698256531804 0.7242989181682327
0.7851965137062609 0.9833652795409007
0.740527915652414 0.4398431938922782
0.10485923478021997 0.1139316478561394
0.9881928284541273 0.36531270214686806
0.6545107341892562 0.16231839978182183
0.5095070875712153 0.11142183413262297
0.7353579538807662 0.07817294275293962
0.07693491856400425 0.6825926856588085
0.0844821141648957 0.09697207044370293
0.2980574419674522 0.6869217914186676
0.9681921885282654 0.05747684128526376
0.9572270061242851 0.14272582564722125
0.9841840297593865 0.3348086377602708
0.32613945469422956 0.4840030432642677
0.7118202513680822 0.7295166478898456
0.13001997179452474 0.7890057908736536
0.36660427264039464 0.30451439177972284
0.2555716432050468 0.02027402497705899
0.16592640161255034 0.7778100337554712
0.852422925672512 0.745184509232556
0.6858926105823153 0.3170926438888373
0.8855420058399528 0.5005495612776465
0.4920686766164326 0.17429690320622337
0.8142563682530997 0.14879425845650052
0.23932199916033858 0.33392749355584916
0.948888793591629 0.14948618402435687
0.797912684927591 0.582502949634208
0.9472700846018334 0.4283169297576743
0.15623040878521977 0.7641024819288962
0.48845896463492355 0.2762482588501596
0.3890515296868602 0.020663674462500836
0.8582592571800973 0.25640439647467717
0.5938872672858313 0.5009563648969544
0.38235618793350956 0.5043873868462494
0.3856024290986475 0.6257064792599745
0.4279266397733572 0.3355772991895496
0.9793725708775229 0.7194538666938972
0.19919291526293414 0.10592910503633668
0.9618942531323995 0.873927870052488
0.6006035764908795 0.14251703574396712
0.06549271782455546 0.4346413036073442
0.8275079032692858 0.4057799352853477
0.18179537873521556 0.14924762803913727
0.5106646305777673 0.35907411076525264
0.5891776567568112 0.31347326618374893
0.5059283582566121 0.5019800938391628
0.1778084614577733 0.03672946123756993
0.5348101701299413 0.49137532168973097
0.43558940105060473 0.4209139448648236
0.9680429880282491 0.7549388529516745
0.9659343283821011 0.803258864594798
0.4943740066209732 0.27238537212442093
0.34963177630989173 0.2875205803124554
0.47218000395064275 0.7730282031693512
0.7844908647044571 0.33062135775406065
0.6814523481398234 0.5491886235651577
0.5355703475353129 0.9768323182527308
0.5099609407709458 0.515275846814863
0.2601623463936469 0.8895802944196327
0.2769645555024247 0.23734443484292123
0.6145409165207611 0.5662429648756624
0.9750164147830969 0.29773830607931506
0.8314532165600863 0.3170538480416887
0.35729173611395226 0.4664825407492441
0.9312951229551181 0.49458585876245365
0.9988511650009433 0.9538336249799795
0.884759148011854 0.41542914478172843
0.41743143007864414 0.26329307091443455
0.6775902010748978 0.40087106100090897
0.7045009955159993 0.20397004445513156
0.03400280244308762 0.8649147907080164
0.7243611302225139 0.39839291825041223
0.8214958051095973 0.23513321740572968
0.64298326414694 0.5321170738955292
0.10957796945182485 0.152383832619585
0.29738054094046995 0.7823975294367269
0.295514065594332 0.2947959589881468
0.5506614481080214 0.8528428701468029
0.3044540407490879 0.39707575027845565
0.27530326268570904 0.8216616679198059
0.9049492468077982 0.4116734430262352
0.9230736788056795 0.2674668035828154
0.6556219718085421 0.6706172199687694
0.9182451250690227 0.9457297989844304
0.5410043366161175 0.5603101061305242
0.32635733041089376 0.9544751083429635
0.7932352412760684 0.35570913766547463
0.11702841708863088 0.7982960209413428
0.4066362843655227 0.05008417095012763
0.02964433693930002 0.7314791461671846
0.5353784104295769 0.7769252847834873
0.5724194689067006 0.20957895979264718
0.4225859679788808 0.5590250408930069
0.3084556936589753 0.7059830459355807
0.628742670722366 0.1389129752110001
0.6106526126238949 0.2060239392746006
0.058021329249395404 0.4331318270530611
0.2365234985626148 0.5348309098466941
0.6119193574872037 0.5009644106363857
0.9464343307395844 0.5186367684719584
0.16543785341705552 0.5279596494188761
0.7323656859156169 0.7264032179066338
0.9983434878757602 0.007661283066516145
0.37750152861743524 0.9640817038860707
0.9246928333839042 0.07627536358387488
0.8163271180230713 0.44029572133736794
0.7724134676562091 0.7050431329879518
0.2298160868435839 0.8794725608942278
0.3376813466967459 0.17095894458684313
0.9928205003938908 0.7231740739152752
0.23085458395878033 0.9284105209409232
0.23438529457395862 0.77615424090696
0.9509549978702843 0.5830090307596261
0.8581868123136449 0.3141051464658351
0.48678254166360335 0.6353772497184911
0.6225381140191855 0.5170231804821046
0.03127149720099642 0.008569831899041036
0.7334267593063597 0.9888072454042063
0.9235486248751048 0.7639733918021507
0.7713073720374557 0.8885965587168971
0.5215320607391789 0.9792216717679323
0.9673097812265181 0.8329165082094026
0.1215324317316806 0.16160243097515248
0.7290772478815961 0.3561009557776673
0.13167361350842732 0.38962979263360986
0.4785295141848318 0.5112273782975887
0.15198701387904268 0.3112305456805704
0.6155795974197451 0.16288018093009815
0.6889584083800337 0.4479531416025384
0.9714107617075036 0.22549798475984484
0.19382180161694107 0.37316845860914327
0.7696186048115978 0.36290628114587875
0.30817928670030903 0.9890065248482975
0.7642549913192893 0.469469346505786
0.14895572875590357 0.4467434337309302
0.9868912712344815 0.7952171733400608
0.23876588042110414 0.6416125053635173
0.15850820673511934 0.8456522100133403
0.6733257407512536 0.9517484327493531
0.5478681983944351 0.08989077790185895
0.012462656094426539 0.8647442759724053
0.06451664536841828 0.3432389806472502
0.8142198599866606 0.13523623451425704
0.917894559768129 0.19776418799298412
0.07497495900599849 0.8141555064738952
0.5792771324410992 0.3005802257158239
0.28350412175885653 0.09993407401221588
0.5651082788156383 0.22148726488505144
0.5163103494406123 0.08408670845835364
0.8599655567171152 0.7980190921678736
0.4185051947608527 0.8402325962511503
0.6198227960516778 0.19541053385821772
0.4380267494249559 0.9998189893599005
0.3142849774420675 0.8387697743772746
0.42754261289345674 0.4915798473879527
0.14437321120900526 0.4246045733793211
0.6175891360858383 0.7105073835094324
0.2682461296414289 0.50514057212019
0.14077467325550574 0.7294412435567634
0.25158223891983567 0.3566424286878682
0.08842351868079024 0.1076730969316615
0.48129425558632843 0.6343015883795737
0.1175368076516421 0.6470222255169147
0.15403046334513726 0.7454788526820983
0.459929033635083 0.4353792547078579
0.23465494486303595 0.4769779139332022
0.5777238732922922 0.6757924593072568
0.4613578574434656 0.7553786094498689
0.05112873057486289 0.5133971063212563
0.6862588224265382 0.046699454937805696
0.6758640298165772 0.1328598221159838
0.7297210411834414 0.23791625134036987
0.829883337682557 0.20664145476035922
0.5186977020710011 0.3896451479130707
0.620365850491625 0.19447262293394307
0.08403694383439175 0.09066971071633301
0.3863572686687111 0.08793690415393862
0.03529043739572235 0.28190651909953046
0.3275461781291087 0.16398573968401253
0.41898257795333804 0.16421452871363362
0.7211227525955184 0.4443078953881301
0.565850961624184 0.6743947340366656
0.4739360498779195 0.4267660601747949
0.47893043168493543 0.5939175622989503
0.06021354563344605 0.7650029629193582
0.5906454806775263 0.10897827866550047
0.9105373592584753 0.9083022359957265
0.3168830755951144 0.3747322690053847
0.7855085272139002 0.282566983670681
0.16322989422656264 0.4379849502954749
0.40432415581588366 0.06934342243524427
0.11299226045433985 0.1427654607830493
0.8738714774418821 0.45479362470448303
0.7404523672004351 0.2943111075993783
0.9184077098918912 0.5967931889914342
0.9539308270794575 0.8675705806522949
0.9581819422415723 0.3454054128414923
0.8909528924664694 0.910751518291647
0.9126586339237088 0.9317853059875136
0.22302626409752846 0.45702856398782976
0.28355269567136054 0.21448846056255322
0.29771034738977975 0.08934024145409025
0.6943791561430541 0.014819609843287562
0.9823285642634576 0.8021085121119935
0.5967787396009321 0.0976330709610651
0.716335571727569 0.22350905530880372
0.45162901473591455 0.3781776249466964
0.9414992130614854 0.013792178280214173
0.8747036029086968 0.5198863332963084
0.7192043505680024 0.8970963284419189
0.45872192302374337 0.9459296335048177
0.9427200158644848 0.9529086896706023
0.9077372175882701 0.41794927231988455
0.9001097421803876 0.8876160862298221
0.21957056458603041 0.5883635831392409
0.40761027551261964 0.27799699696681923
0.3402398101830224 0.36508117639440685
0.3481908791325261 0.9400970651837708
0.38007999038762375 0.8981930881392035
0.3600495628097342 0.4884697930561195
0.8375517643019554 0.29496872234560145
0.7434759737627687 0.02117719836722043
0.7097402233960712 0.6493553882729517
0.962623193309176 0.8086925094217758
0.4485504743446742 0.37150445301526824
0.6364090716814623 0.16504829579031677
0.01671297061556909 0.896661649268806
0.1998158244506809 0.8355324915802824
0.7319097459347388 0.822004424772067
0.06137568344367206 0.9680319883295645
0.17704766630466962 0.12800769539815304
0.02742063819949725 0.22458876386232207
0.763478040116699 0.7205052863425445
0.08225793893408562 0.7899747872899139
0.6278135356300065 0.6540446782248539
0.2777543639094271 0.9528525478171652
0.31908588164138907 0.46985288563533256
0.12604648986021783 0.14264656940024767
0.004663478126640808 0.701040795607698
0.656054921613511 0.28632522806578753
0.8933634494815474 0.2525878440915774
0.25837311358412784 0.6800506309336123
0.8028031952399117 0.1961175583472552
0.6901390860670695 0.08990315887282874
0.9878710176058942 0.2706137859549915
0.6503325601344552 0.5912302663948028
0.6968366825863728 0.5928762974523689
0.8362947582422668 0.22107268658688106
0.09612310980926897 0.6779931749527932
0.9951154848394332 0.7285104781898459
0.03091919605480653 0.46443816866557164
0.6721377890127496 0.6813634883874238
0.7443289258282182 0.993781829274031
0.3774681354600202 0.6804094050164675
0.5536948262462698 0.6638059729326315
0.7049342498796489 0.36267969781890086
0.33751397118252724 0.361353954216989
0.935978276561465 0.5001709506825052
0.7394624325088532 0.22104656522887756
0.9720392806654825 0.6722042759312443
0.7524468791023797 0.44963278102588466
0.6069369426907856 0.6624458066202246
0.47156426166470045 0.5281926846369689
0.5594937798938882 0.8790022051673114
0.2898555317014231 0.9020820329337456
0.5242789695855539 0.05366988168695075
0.00594305130788797 0.0074426359724169
0.9264386750245535 0.9135174761350817
0.30922147891879037 0.4133850269174659
0.2488660460176444 0.18971525589427074
0.8819965753103629 0.1586337058570837
0.29643195967026825 0.1562656858612761
0.8256587374035782 0.7746721331002331
0.1467022998378409 0.4739693487234795
0.126503789006712 0.15223304361753454
0.5478392321241197 0.5087507283165866
0.5923251513565737 0.002499457175173747
0.9561386767313464 0.7734866883155949
0.7708931166979913 0.03265125511792455
0.8944665400317644 0.23591786009454907
0.04708543438829249 0.48883753284309317
0.7491468888037871 0.9169848477430642
0.5358835760920084 0.4081405766317501
0.8284570735071599 0.5544477233844589
0.9026153050367198 0.8132965722826269
0.791886840516207 0.4575821358586152
0.9062362575919216 0.9337709839195107
0.8228764322144346 0.7924265580202647
0.8358693810055822 0.7987271151440825
0.429159310717075 0.6909667168616229
0.2539986851149183 0.8403351199449098
0.7211148599694908 0.7825679885690426
0.6947161257086731 0.15028273451803664
0.012938194461924457 0.6466299132752653
0.43373053467821476 0.4958153175409914
0.8045508164719974 0.9472577989697732
0.40380432153134227 0.09976585651967862
0.6875763806515682 0.7438492353957957
0.7023077520416801 0.6571405356341378
0.37516244666837517 0.7898020625847402
0.7202058402990386 0.8371561198617652
0.33507220663683923 0.8247171532575015
0.32283082352726034 0.557661223967215
0.2891212772640439 0.6030358258812227
0.49413051351290904 0.007979890597910932
0.4627053966641632 0.15476967664725394
0.5652775677469071 0.7980305926596074
0.9893280650294121 0.8327389101713567
0.6096972677062964 0.7465188506800815
0.033722372965690584 0.5908781310270121
0.6186635366450808 0.28909372450597703
0.1475233646493852 0.9352217864003458
0.30671548735089726 0.4912038600529349
0.8230542849187048 0.3566959457216401
0.9381228067328791 0.06431507706564354
0.6423096722789108 0.1418065045945529
0.6656865952862407 0.879171447973496
0.8839365757592432 0.1660352572333199
0.4329689219592465 0.45039174701992346
0.8999312954777332 0.012455477948933424
0.07367832641393512 0.9121183156634125
0.25599177486754754 0.9172418361146404
0.2583909160138076 0.8232933539280387
0.9361344500825175 0.19237338610272614
0.2269569745437925 0.18840242549850772
0.7552952307813263 0.6272566802251598
0.7580414267515874 0.9312587999446684
0.5646983391204285 0.3952592446387546
0.7606921615577307 0.7122940224153149
0.7129703752582364 0.7151931134814546
0.41520008525016494 0.9430549928112077
0.9173373746388584 0.01861675538571861
0.5756346076673782 0.8765907104850286
0.6756726591221163 0.5384184896716364
0.9528189453381986 0.08213384546395708
0.631955850751944 0.7453046489831108
0.9517074035357187 0.918740911739004
0.6461999951557222 0.6313054604200006
0.7380055537274266 0.9534178992075211
0.03208386295161891 0.8065505786831837
0.21665918974127307 0.061501263489232016
0.6618224418223393 0.272157397029392
0.7413127379907569 0.7257901979228902
0.12555064928810844 0.9127265415389609
0.6805472655413494 0.5554074646970562
0.5529069393504857 0.6294896280029112
0.25640250932913666 0.058176605016292626
0.48465615941392404 0.600123428233521
0.3738853216250484 0.18327636382425494
0.8240103801333216 0.028332574842285796
0.44310922489221416 0.9772271422910874
0.10693076423685954 0.6453595537448502
0.6320540638311027 0.9746145440813987
0.6822808483813319 0.9532159705162135
0.29835474966610986 0.9295563262803102
0.1184443457155091 0.17091316184642458
0.6715881057065125 0.14254426538935405
0.16874665053622673 0.17026749085662463
0.2517765737237878 0.8452670207181296
0.6263159533669584 0.6888413865614869
0.05350381085329259 0.38914582975052214
0.6676448122396175 0.14536643554306372
