10 6 100 2
1292 589 1370 971 738 1124 557 635 1427 527
1088 851 1111 525 1038 601 1333 1052 683 1118
1178 666 1263 622 866 1316 674 1610 856 530
1302 1581 763 890 932 864 776 812 1213 553
1312 925 1469 765 1501 1146 623 778 663 1163
1456 1609 590 1492 611 1112 671 1031 1459 949
917 652 910 879 1047 727 1121 1493 863 653
1045 1390 1452 563 734 634 682 1069 843 533
927 1375 738 1541 1367 1035 765 1261 1092 1224
1454 1262 846 647 1284 1162 1288 940 915 1448
0 8
1 0
5 1
1 1
3 3
8 0
0.568706954332897 0.4162505770012953 0.40561471529134674 0.5466712092290003 0.36531066946780655
0.5136139998555556 0.42051281432713966 0.4825328961093117 0.9444780690668741 0.46383162372247466
0.8526590666533562 0.7055411336137207 0.9928110331231217 0.5620590950510538 0.4858729864039769
0.43142104907322054 0.5451725706834919 0.743939395456895 0.7151685426918923 0.30671343797341655
0.8010005598779364 0.5136405029760254 0.5506747804154901 0.6094889787607066 0.3764985205517599
0.32168662502419987 0.9189793582838361
0.5110856174182645 0.42781611987996615
0.8059109132308493 0.7325975125398894
0.020048905695775776 0.9668277536967576
0.4375978051842162 0.4313594614179661
0.8596103590418476 0.10915716204783843
0.8229925269369578 0.5462984985350308
0.10894598801169253 0.7832833868668754
0.7980510438132973 0.5856547738764857
0.870644897772219 0.43627790324439175
0.5820988968388607 0.17273805222828842
0.8075462241940352 0.8426434147960835
0.1725270753850423 0.9291176107001937
0.5427235959383743 0.19082643845644864
0.7238201719696822 0.7701883528956865
0.7817111853998129 0.8142910416814229
0.9501082952542854 0.0396368220300618
0.2239158285996501 0.025290559201980756
0.490188456179667 0.19821169085895018
0.8980089631240096 0.6463506329156559
0.41864994420450263 0.23513824045270537
0.03591089440497153 0.6986090213956997
0.820995340918427 0.8039906256202771
0.422692168399593 0.3415676535391645
0.05091252448016026 0.4235062628770534
0.09987012688204966 0.6162352396204556
0.021535175173591048 0.03198375101526851
0.6710483948260515 0.8769911530075001
0.4895904541856151 0.5145982737762151
0.9702830424904014 0.09564615231797613
0.5348027445908539 0.5682412181885235
0.2026621801151176 0.1796675545593318
0.32112630656877283 0.7497546036335228
0.009767298324333984 0.19484489515218506
0.9079414554449252 0.4716379349196407
0.6050379809579305 0.8479474027559666
0.6217379705441723 0.537153165839984
0.050662046538445527 0.30656890403664305
0.5177347391138634 0.09367976843837234
0.3682200776160294 0.8924302033205227
0.6804517999041992 0.8743234580432535
0.6073660188089443 0.4098509305178768
0.9174939190892968 0.8973217367436765
0.24100039537084705 0.10735351321257891
0.6032496834713887 0.3233941316681115
0.5454321522883552 0.6458651448271218
0.3177992639835854 0.004047660118368324
0.5888505047985597 0.6921096946641758
0.09792292857105034 0.281595553097008
0.1883021367131752 0.691838219231439
0.09894795806993817 0.507475271614944
0.987414696343883 0.6838638805144097
0.08755642438086064 0.7108178049186988
0.07942963701440409 0.4099924499553631
0.49757168731587775 0.899143009279282
0.17126080119258358 0.660663825516133
0.9277014053439374 0.5689434248404337
0.3039747845602776 0.07152176596438409
0.41647303675437275 0.3670763202470788
0.7066175989846033 0.05456078309381174
0.7737418108865011 0.0885810208293194
0.9007621871577054 0.34410869072738315
0.16129864675608863 0.6517206680687391
0.09854844242119243 0.8316965621622154
0.006712017508929469 0.0010956471770187104
0.6120606068611836 0.052625135865747685
0.47463143915499884 0.4752256674331974
0.17591085700054365 0.736184586848112
0.9836114441323809 0.34019872960503106
0.9991889492525114 0.6154053401281201
0.6667956194809377 0.3575555564419466
0.10164274890078207 0.16676698951086144
0.6614430856013642 0.5708837124373645
0.906357750926789 0.629205551530561
0.9880642872490648 0.6901645367125708
0.06591023931955675 0.7572860983170813
0.584786118644502 0.5313356360442549
0.37410331641123995 0.17848348772048128
0.7196958499188559 0.9893938884468612
0.22195851473569594 0.8734655058678993
0.21258253124470072 0.39520749779502595
0.42033961252045415 0.9170350252846236
0.43988170464145315 0.24983464492277818
0.3044852264576212 0.7193202456591243
0.24024762228990726 0.08888644103825216
0.2318940777304277 0.4406680118235915
0.7596522003284885 0.01059645358746275
0.27825835146696387 0.6330886268061533
0.8888947224754087 0.8936211611570744
0.949009203293206 0.836589123295036
0.41374627622479965 0.9265122193581594
0.5312299356385586 0.2821478797610739
0.38474764936093475 0.7026051600268233
0.7579104019158815 0.8840170669750398
0.675697793788195 0.1383545318782804
0.23341077251468523 0.10540009599235778
0.5020192586085146 0.17312717396957922
0.870177126544188 0.26143504721748356
0.14357767796680365 0.4509491305119111
0.30399784975907784 0.025446458319954957
0.9439658416779797 0.06744332738101777
0.730802271977129 0.7659567280658304
0.8886541165364255 0.12885461570753898
0.9047826791808047 0.12967814803860733
0.4856115716339362 0.7692986480521555
0.08783849865636961 0.3028291114483963
0.5266400627645655 0.2284122297505793
0.08934293116531111 0.2720307906858217
0.727201998160723 0.4080728333902046
0.15045814648212352 0.43275813589098866
0.6976821303283447 0.9036097739112972
0.48907799631401194 0.18714418498372942
0.25038976975498195 0.3292116590851011
0.1592022505570787 0.19580671159481722
0.006160506652769682 0.07478563018179796
0.7189628617893233 0.5994441442258891
0.21426687924408183 0.38367514794832225
0.5446271626198391 0.42392413794162964
0.5446970167622966 0.15086973813579774
0.5330953967534762 0.8308986064747717
0.7431114857867704 0.22485239937168
0.5583703419520873 0.8033937326816671
0.31697840590404747 0.00978082002219094
0.07643783040050534 0.6518192814343113
0.6692723221225103 0.8956798155413703
0.7827388545123493 0.4996975613076222
0.20654567610323338 0.763375222882456
0.09606044028619176 0.16259303881054787
0.5999922305516958 0.8191258355273217
0.42512565719474993 0.38111550835056307
0.2812341279845829 0.055011539396780496
0.6572619593725344 0.7741421873127465
0.42073104186328614 0.7638098044964285
0.17466427325303724 0.015939687373451195
0.6443755324860514 0.800361879685699
0.644179979612999 0.5879096209905159
0.49071854210471066 0.9794340386061071
0.9375854915830153 0.6513082908092496
0.011673457917231067 0.3332499804546558
0.8522322472707919 0.16373527299509694
0.23142264408503999 0.4894202020770979
0.414097332450424 0.7965075620177722
0.41705080889332513 0.4536939958770734
0.5736019652783448 0.640099790720903
0.32650379061829105 0.22124483818076168
0.9967018345136134 0.33846872424523844
0.6145296122297683 0.33177050267504504
0.1744063430064633 0.09703713207487197
0.1813232300778027 0.24588105023627183
0.45937576148077675 0.9195447725889758
0.40026154005910297 0.09834977160280145
0.03396311224463622 0.13797107065851533
0.2719673549938537 0.7350429605857751
0.03694196086460644 0.39543997343736303
0.7774044012261787 0.2669381222112437
0.7808395801196124 0.8441125389191264
0.3731179326078147 0.8324494984120829
0.5962453444534661 0.3593630123478666
0.2685102488774578 0.07461747791882356
0.8070650187568655 0.984409133379214
0.19104842862350213 0.2884543041678733
0.7542751708536164 0.6174948869952233
0.5963991236911368 0.6308042224262764
0.01986307497912354 0.3175138106648372
0.06887316221799988 0.16845925852171617
0.895995676956735 0.44277361797737846
0.23586133656160024 0.0794145200646077
0.24503723611168393 0.4422349722211312
0.548518335904437 0.9005003733007526
0.5268720036098002 0.21652314071246326
0.6098458038872892 0.7322591190986845
0.6410857076402261 0.43815622661125153
0.5586709911688301 0.07391009368142365
0.8697645968974985 0.1743408075528592
0.12361413733333326 0.8884121873686535
0.21143152760551454 0.8875292726116386
0.5833866361076894 0.8330088759586216
0.111586132705493 0.6978037256069396
0.5087919937955074 0.8590637022370982
0.6173589333399787 0.81695493114523
0.017848686389436708 0.720074843113321
0.10643259113648429 0.09878125139558147
0.6470527970609932 0.3719200925257844
0.8511584371002545 0.39363507102096507
0.4953552152190992 0.6248064180516575
0.4605750279316545 0.833209765497561
0.14596463217176114 0.9012892724952954
0.1631556696212566 0.3952672732494611
0.9973188850490893 0.20415975500998274
0.34167569444306145 0.9213671324260402
0.4104443312223356 0.9862007311262933
0.7106600254439006 0.07944902256952058
0.5158692607417434 0.04539907532575227
0.12873981876286456 0.3307770638531715
0.3155696105358601 0.8578264195279408
0.8879110219423056 0.3231660342579634
0.9738343425678058 0.07095150059476207
0.7573235690334372 0.34410690593388815
0.35257318251130165 0.358636009789709
0.501401891662878 0.6126898638700546
0.7329111457381337 0.31560364899475646
0.8874089128547569 0.5336914050713883
0.6429527613699082 0.3457675679621077
0.7356543104443436 0.4404705181751334
0.5419408043757352 0.7611291305180845
0.5834192898231718 0.650066593447006
0.6933398781404398 0.1669685094855793
0.5395844710441933 0.3438832934276357
0.7429042705455418 0.49313565926605274
0.49032406744469115 0.7147006216251348
0.6663759992190315 0.35761385345552155
0.704183299922863 0.7408378920288037
0.6808232457769641 0.6166781256450953
0.8643385766911718 0.09695299652371392
0.9980762472212479 0.32682818065732544
0.21603513778218364 0.4201413321920726
0.3456809121778175 0.8535354409986422
0.9546386151786497 0.7493159500279436
0.8393437621838571 0.05338999903461872
0.9794953860672966 0.6353846838973063
0.5986362272702994 0.3529003654045224
0.4732750194304074 0.7126475060067079
0.2568058270455913 0.6578891689549835
0.25878476003815165 0.31989409190028884
0.2377818798430298 0.5720397994213684
0.9337726792602674 0.6035749490694382
0.5047176064630465 0.8837472159710766
0.8724847708628625 0.7388561830078137
0.27700223601552265 0.5223112001468935
0.04379985766502981 0.032461334182494195
0.44374008016229416 0.14570571373029684
0.6319458523842882 0.27728430467023046
0.4546758089530232 0.5165490309222769
0.8137007951851714 0.8854156130920428
0.6185652787505103 0.933275162860568
0.46684803694226096 0.9685475545671183
0.9124596898361166 0.03750177171695945
0.1692817502092827 0.1352008739816717
0.8399663040693446 0.7345046374523128
0.8664106555068338 0.633610811276881
0.09621082729317076 0.5918558205746183
0.48198477758364855 0.6977227944644921
0.0060990774181803875 0.3832285315054549
0.15149054296644682 0.6150043033986319
0.9055432294138883 0.3487513938247069
0.43561781319051396 0.09756778089163864
0.9914085074565624 0.9035770015254143
0.5276401248897824 0.8661073598215985
0.5840525257939335 0.3246330306269427
0.3322619468857473 0.8659180724069067
0.5328135101251734 0.5938999519207226
0.7260944039275792 0.08422541509798687
0.7995558387633912 0.5519810945286543
0.9392419716087221 0.24573966708182438
0.9290473822738803 0.6922375437940793
0.353533206733492 0.14391875127294407
0.8884627229370567 0.2861685848908362
0.8001478794516237 0.01898950417347045
0.9392192001114137 0.394589928123495
0.027726794668685217 0.3874200107628396
0.8711270507545921 0.35010453570818667
0.29257977319396544 0.6440390553423962
0.7698544502511424 0.6674277235513202
0.17786746723064306 0.19770146274984302
0.39264476012905347 0.5075166689076946
0.2936918504859509 0.9896747980191523
0.08078725239901385 0.44709630138572676
0.34528564231037384 0.26380631589757053
0.9208181746222812 0.6015134843873384
0.9572994624312119 0.5529620189502378
0.04758300232712265 0.825171756721564
0.01415619996178541 0.4108723616022638
0.4605967870909917 0.23006623116601554
0.6230338385967256 0.5023320681123553
0.016235898995999642 0.6574890674241716
0.0003462319747880027 0.36974469115397524
0.789280059167452 0.9482958354165416
0.9185691701064556 0.8825987462775069
0.3423514136504411 0.47587640552696686
0.2920563718457936 0.46715840095854544
0.3000198515177477 0.5602396972044092
0.24466340334097136 0.851674301876427
0.1973976574787344 0.6074691755585326
0.12301383279270328 0.5887712512355641
0.3120843208850126 0.4787551563280228
0.09968229742324897 0.09255754756698686
0.9866732916809478 0.10523577430061848
0.44945460501221324 0.9391714779945437
0.40744972610540375 0.07529631675479664
0.14796812931720105 0.2789178848013638
0.05460957369823882 0.1525092049469925
0.26492492788711886 0.44088845822074796
0.9777480314498885 0.8325210400173031
0.5200453870927113 0.5401424631772025
0.022099268007513606 0.06088684964085522
0.4131851485088336 0.19855554419985855
0.5157281814950205 0.6117230292654352
0.10515030028285888 0.13863753108826615
0.7540161156491343 0.16817551496527527
0.16883590584120967 0.4844567747531361
0.5161151201400651 0.9321267398010371
0.0041587136064353825 0.3725483430399543
0.15770813616880486 0.5745668514396147
0.4289688104689142 0.13195139497815078
0.4917862612962469 0.3920066366310968
0.7319678528546252 0.9301389963589326
0.5688961595417774 0.8858655623922642
0.5987937967315207 0.27166181800215994
0.60466483389779 0.8911563497744555
0.9325133702420916 0.6629959305932009
0.06263403033401471 0.24551269919487195
0.28483442341837484 0.26152139786323625
0.8191667182886997 0.38697097035807393
0.5079474314683461 0.16516163978613663
0.6462854820590214 0.3417198703867168
0.30996925915018303 0.6181208618666731
0.3637811676281919 0.038626820674831475
0.2663068755138669 0.8650905961056459
0.2267770303746406 0.029039780258163894
0.9975341199912597 0.2604688955313059
0.9123345351874723 0.17460660359035574
0.2392430562749348 0.5465130529680113
0.6844687185512766 0.17292519843001686
0.474940191365125 0.7061217083906293
0.21955813605014596 0.2107730863569981
0.5938558428032827 0.3872807645288272
0.45946206428008485 0.8156623330158064
0.9825338125063752 0.19248690364877707
0.7813331894917794 0.9448867527267011
0.47008173693070865 0.20638863844768873
0.7021010719649086 0.3578066410142027
0.3396996670887149 0.24969016068764693
0.12870561208849884 0.056921870690798126
0.163278712808266 0.5245086598151092
0.7081431357362331 0.5804604835519183
0.11152024782520797 0.5215394019979371
0.4121110879548697 0.6111887462082635
0.8539748580413946 0.628646226691697
0.1502233824466428 0.9240450391571966
0.3705205143492596 0.22887308975192178
0.07973359786542233 0.1852274982033424
0.9606674262098043 0.518452567712139
0.4939330772789565 0.9955394606306152
0.37414535078319 0.7020356996449577
0.8338726040679048 0.8108938208820058
0.3022002626123934 0.9412032944416544
0.6703112107736533 0.27436049994652767
0.29158938447498994 0.6898435757455044
0.1600229283975687 0.31225701246299153
0.11115200897411004 0.5453121982254929
0.7941558367822905 0.8730806774150146
0.5204300906707688 0.7562530205992657
0.8822156117947844 0.32298539247864144
0.5734858347518716 0.15869981661830113
0.9650553021311326 0.04229122772330429
0.6637160838678859 0.95169652681431
0.7083632598091059 0.12750068835065487
0.8381480240494901 0.9295395227359087
0.7085413040818165 0.4817093165552444
0.053476836081388424 0.38863823088456395
0.2632310096032835 0.5679738730846191
0.7267692150868781 0.04492519177622212
0.8340425048867925 0.3314761554120975
0.6468824500068078 0.48213906006697216
0.8142920074229818 0.9297222481083791
0.22674017988984407 0.5533600275234956
0.027192680517539536 0.2370835464072607
0.022509378854371986 0.6883624785480729
0.0375667532294095 0.9653056576824544
0.338082898794124 0.44288285907788016
0.5773808780947693 0.9181075443989515
0.34042246471184767 0.5463854226314651
0.9558028783236496 0.588769145232233
0.308957559296251 0.8573990371664302
0.6765903877019734 0.7056438249422157
0.8201522126432139 0.03740456433742301
0.7460396411770005 0.7270692279162341
0.8226713610073311 0.7756383338698376
0.18736208932506337 0.7367774490417802
0.1609121293089304 0.3744832485099654
0.41362117753150796 0.04068823484112527
0.2712170901050286 0.7408283768596604
0.2877485490968952 0.9648140844970701
0.5293793528941348 0.05768680650818325
0.3859656793546362 0.8572577402518886
0.6856979733244477 0.17439601762372825
0.31015473475944355 0.9401794684288407
0.6692461868937283 0.05776879255310696
0.9510264450240389 0.33145815993141126
0.8311689292793674 0.023176853493266814
0.271058883931933 0.09167180430332533
0.395553312479733 0.5116978453091454
0.8240689419779628 0.6389569373023101
0.9254264876430891 0.8141952172132918
0.7906018723275172 0.18951819104037138
0.5238196445397088 0.3378541162198332
0.1837176988061031 0.6571387245903344
0.10540098796184005 0.4206102018247093
0.42345694615817364 0.31281930544787695
0.371251445527524 0.5392922479495506
0.7039104667171576 0.9116716581401612
0.7505292796424872 0.5662905575981001
0.41216870433255437 0.7727646056933459
0.40251266308064904 0.556206514104685
0.4117432757114441 0.9333168900804028
0.6125730823185984 0.8784068900412485
0.5664537736394348 0.5537400631216876
0.22706438440525 0.32508380902111456
0.37361020248111854 0.3939953093768982
0.457857843330548 0.38368460564261264
0.9958140529055242 0.9183106439321409
0.6858723172524901 0.4922584613632115
0.015426610354561943 0.3917314876453126
0.584801777577153 0.26385532693280545
0.4546673050206804 0.5509819443377657
0.09502278070334214 0.2538443268347539
0.34467037214321006 0.5286949901645499
0.9310013077206849 0.9519513034262947
0.6622273366491558 0.26393153043668516
0.1377820399694254 0.32670612913146035
0.5688751267478438 0.09472848165813663
0.14969651771307002 0.5312884758182967
0.40644648755732016 0.046441025943562586
0.6872998362858607 0.6994959156572267
0.4270079598918086 0.9004384855810192
0.7119684230975409 0.07312759071725483
0.6190101908375691 0.4175882643632425
0.9012658365310586 0.03744323766102009
0.02566144976759821 0.47651113672792866
0.08913680810047397 0.11160097158918103
0.45606597884130484 0.83088306000041
0.7499909138804806 0.07731062422295953
0.3614207865535801 0.7749639179330539
0.6618991299987627 0.0221633519678186
0.43308603179369576 0.6094915162160295
0.16009162768869434 0.29146108291323203
0.7623879507473208 0.2522760987502559
0.5705147324334365 0.8992491742295794
0.9102516100841997 0.4414043125375793
0.4291592487157463 0.4170069058846724
0.037965081382466126 0.5476804544608753
0.406545772514741 0.43510847003707176
0.6355622860671839 0.8930943701709195
0.8856803341541983 0.9749575876666876
0.40685860131095386 0.2831792856863846
0.38579729861951995 0.4727387665197835
0.5125187090645535 0.1560349254691804
0.23366846577504985 0.6244289974381421
0.3209690509666272 0.23657863240053634
0.9305325218046283 0.1327861948178879
0.8264464788426538 0.7008000595179436
0.7581155237612383 0.7995883540289435
0.8935929968630618 0.2710856340862129
0.5678365424878697 0.6484784093656126
0.3171072022784003 0.3707462975782456
0.3724897099063469 0.538925160023423
0.726734869811309 0.16054907101741156
0.7427407461287783 0.6384786885166833
0.18767257865356157 0.9984229188523466
0.4728814004049189 0.533446308323829
0.25572697972970704 0.4216326704676916
0.9743726579360648 0.5725833338092952
0.6327477543761499 0.06451608715805968
0.10780977634094602 0.6556477381861201
0.051047820442585934 0.659766750429623
0.6710604575023467 0.0014202433596461894
0.5614819240976598 0.4853416745731023
0.996458452077905 0.8442346735186947
0.6664771728608103 0.8024007028528906
0.52819156486221 0.35422202258110214
0.30310191034952405 0.26175299913444916
0.5624857277094495 0.18432135932369764
0.3082367047813779 0.6662452896392383
0.182982385425279 0.39249292109039713
0.8112573791768682 0.6645575287956549
0.6744035167676212 0.2362160472005015
0.38575358381102753 0.4301241602662771
0.5561348695861221 0.08659483289348491
0.4703427629880734 0.12448579801764637
0.23325620541705772 0.9403846859833489
0.17204910607332424 0.7075005612723608
0.6183628390185547 0.6147325280723765
0.7460715891695382 0.335432070368614
0.8020259186588508 0.8760758343053423
0.0077930269025203724 0.31405572949007765
0.27795218573495983 0.39229019850590996
0.8942727191594462 0.15947312388394663
0.026676291910931127 0.26723619204363525
0.5487321836134671 0.9793175437138086
0.6888430608450868 0.9639411468732455
0.9867688135057073 0.554484107779776
0.41697594559182827 0.14024766509632447
0.8070345535196009 0.7328469119087047
0.810700168250482 0.6081883528420986
0.4918284758622724 0.7971519246351375
0.996274223306467 0.27836052096409536
0.8768995862811675 0.30173028308255856
0.8005386355018371 0.71673373637238
0.6014156775728785 0.19770034061469333
0.406974676111276 0.42287368589570584
