10 6 100 5
452 1712 467 490 1770 378 1241 986 1041 2408
644 249 1310 385 1354 982 2052 1375 1759 1236
572 386 698 1230 1069 532 1998 2335 1637 1846
368 1178 1096 725 1562 556 252 1429 1546 1366
586 1198 1302 400 337 1162 575 906 1272 1460
512 1423 789 1227 698 1532 440 687 1772 1685
990 903 1535 343 1343 458 894 761 1211 804
257 1509 1370 1014 1669 999 1173 667 1206 360
1228 632 1016 1157 426 1098 369 400 1130 363
1133 1043 443 1737 287 322 1075 489 1093 458
0 5
1 8
5 1
3 3
3 0
1 4
0.5808798028397018 0.9965741648493036 0.7072673975206591 0.7796522568233941 0.4069384992573296
0.8191178593247568 0.8310569544922295 0.41942422142582203 0.6335826712014332 0.346954314766778
0.6947969399196328 0.7858555780032745 0.9285489780506084 0.36731154471252914 0.1967165497113036
0.35304940561500225 0.4324796016228316 0.7714709747789281 0.3330496806981432 0.1418800417762306
0.6535819938210864 0.4259422489152448 0.443062651871822 0.5328016384826021 0.49455320695797034
0.6293747098585216 0.8306611230448386
0.543968982815169 0.3174458078656177
0.7412278175343643 0.04940362918283503
0.41560510634382686 0.6197013084000829
0.7180513608224735 0.38059080470423723
0.826530554941856 0.028324023552281474
0.45373542018904334 0.8330441507425901
0.27210718371488585 0.4401784217647762
0.08600864534497732 0.08317660678866967
0.013269136947235749 0.8913938641816048
0.48933964512929085 0.7811460466624909
0.046350846632013054 0.3805923686361501
0.0038378753003147636 0.3332306495206152
0.8493514345835331 0.0954500176319848
0.14584437978592124 0.9097085380457592
0.9478641272345318 0.580558440212914
0.36933482066931766 0.7391687777618514
0.55569135164876 0.819367116765439
0.5708546619600956 0.3126278196997161
0.8548692975955401 0.08299891274772375
0.7688822490431892 0.5033982325078705
0.6136274470777858 0.04588425891875647
0.592431516188308 0.2641757938546945
0.04085115099496783 0.21677205412310818
0.9955494101129598 0.0778918141151872
0.22902184327617658 0.03589654537175635
0.6065487147846742 0.879877125202541
0.14465132739458286 0.8289572063048578
0.72990099714461 0.7250064364386624
0.4469467573485888 0.8652295626362829
0.5479642985017794 0.8205334686977546
0.3273078178570237 0.2531675296888938
0.9455089435235242 0.5110029922287109
0.11294455432609296 0.9370180252209455
0.2999021512446889 0.7962189853799437
0.09873464529001441 0.38161604524689685
0.03541947844429272 0.8596702141899288
0.011351236658317054 0.19252564567704344
0.8135546823728039 0.7268400035721485
0.8993682123523297 0.0011905470657194162
0.946775629749754 0.27091863835939844
0.03261969114733687 0.8419930194727154
0.4991503916462181 0.7670524982006512
0.06829550725858247 0.2619928745212712
0.8779937950745336 0.46671875735402524
0.23644874443910724 0.5320299732186367
0.3069452853867547 0.13222678191993675
0.7573169077503414 0.5590466292579181
0.0739261189186986 0.2399722700836051
0.9984760564670521 0.5887111033174395
0.795989521179997 0.6679035451854711
0.47758595200655773 0.9550979602240453
0.2964440505650243 0.24958229334631166
0.8297754716597163 0.7582142050877658
0.7157329335662854 0.7072461715178584
0.09331473640785282 0.9567938832949994
0.8099132085538867 0.8070984653053233
0.06111610725246841 0.7643876310975548
0.31909329847033785 0.8081298799602579
0.3033564455081046 0.6909632033314663
0.44733976962432265 0.07147552973598659
0.9957073286641562 0.22120696314021604
0.013823924126888043 0.32721505587387356
0.4388953419882684 0.28455001477987607
0.30098698555968917 0.06594787749162445
0.6661403933214587 0.7150010707987513
0.6796751770251348 0.8247891013041333
0.822249702041485 0.44403927257249975
0.4654204938151094 0.7062929907896376
0.7713646700442109 0.01478413927012201
0.4667837506817947 0.1743577756921122
0.9067354340318408 0.564293419687057
0.06867534897471383 0.6919904047948775
0.9607913024411525 0.4837613887434782
0.3980051653786154 0.507871440105625
0.9530247510877319 0.9430539307987813
0.8086564676769452 0.22101964780136418
0.07115089406704889 0.699387929566037
0.749760771722596 0.7774026589808203
0.009508867502787677 0.7919909702133707
0.5349321322936593 0.3108255253969352
0.5555999165648757 0.8645697767386655
0.4220444756760222 0.9110581070352175
0.7628578976651346 0.47499155213482736
0.4224162884013576 0.7933528224578472
0.5168442628422565 0.21541806436400046
0.5062356848269731 0.45756895788258545
0.7374692742447404 0.19366419012319502
0.15006266412340663 0.052265368741884144
0.09060095996208473 0.8590514145745469
0.6688201939581098 0.4316981644535274
0.8851288969245448 0.9630583002225239
0.5810960089532975 0.008070095194578242
0.12315854561063744 0.48956764460795466
0.8056801697507334 0.194929924344319
0.748197162450503 0.03250694317495495
0.8179487341485718 0.36111281640633597
0.33139294240274775 0.3626549960901748
0.5330192185495144 0.9784432284410789
0.5358858375450646 0.138623156204978
0.3116276165052996 0.23120193070225503
0.9256283384815842 0.2019489005670232
0.13206287908752645 0.19895786588793518
0.3300967176994043 0.44139735128975044
0.9200795789268419 0.06148315722609499
0.26791852185457765 0.9705689762571359
0.9854681847862439 0.09249645051603372
0.9361987982985858 0.8639379030558356
0.7656996346929161 0.6206343856315666
0.5276641009714464 0.7059101199069819
0.3671938040585683 0.06693069499357063
0.6297375356792458 0.5316790812255461
0.6947265872039234 0.5793900748038157
0.799293026723279 0.25066082974857373
0.5757299658734198 0.959848552102055
0.5147726213026704 0.7511142556415944
0.16318148633291996 0.2707450906643505
0.16582024526546957 0.2795400736486806
0.000518922102309638 0.7311386820874781
0.49619330568788333 0.3589429559871107
0.9500875817865262 0.5857382243129898
0.959087157618236 0.4445829369185892
0.15172787713173874 0.325761056080752
0.9986527613954426 0.31153586863473115
0.7855433721140894 0.5167331390462437
0.797075642471277 0.8159489170238752
0.5243863737944148 0.8692339470401589
0.020177103139662922 0.9535874539287967
0.5689119073939679 0.20324397237091874
0.11487036512827209 0.029226362448450782
0.17594533892250763 0.5448765758008913
0.8996281005586053 0.03150816950286628
0.34474595886986537 0.16783266108466588
0.672466445524218 0.04764488644135545
0.9047379913338318 0.03806379258928261
0.8459137850652609 0.23879777923410628
0.4101832983116691 0.06723433806326762
0.9611259044177174 0.676844024392707
0.6705892113362879 0.4429522584857082
0.32714755386062566 0.6946363187528657
0.47301438640357985 0.12934204833435858
0.5902959349223285 0.6329529097313291
0.867088766802605 0.3229494095042813
0.37037265954490217 0.04708426388723397
0.7237842122890017 0.001176978181290922
0.07959976171364391 0.0260917421063529
0.4340439533339524 0.2832097858384346
0.5282869577579243 0.18085214817441786
0.8119806261042986 0.13704104489248659
0.3616145303780318 0.9581589297369266
0.9197332165767744 0.2352410914043792
0.5851606856459837 0.4756072204536741
0.23434684265667172 0.12911711843872808
0.656932970633149 0.9510415463067203
0.9210269099349511 0.1463655850869312
0.33252013909014755 0.9885600777631021
0.7141400385691565 0.7579569950634264
0.15634973192857582 0.6927148155203022
0.5594029899678732 0.05591366324841052
0.11633818326947476 0.485113012886067
0.5477370947692284 0.8668874154724904
0.8488965703792892 0.9285657184460794
0.338206147412782 0.9050884407065025
0.6435974135310889 0.15141189716462056
0.6991431392468657 0.9699742711117589
0.42212294862595523 0.8556465981835717
0.8800276090586918 0.5907108058983566
0.5421576049105223 0.37892911860621026
0.4942855757149647 0.6981609305354481
0.2303289417278096 0.9298537361706556
0.23136025335324528 0.7726501558619583
0.9486890114061619 0.9810262165561199
0.4776152610905948 0.1326480558431482
0.5188468252593754 0.9881318683812812
0.33686742855169904 0.1821787730178066
0.64861892548433 0.7222506451606541
0.08118054757472382 0.8527457205456752
0.0485283072789906 0.8844389210274057
0.5316654270507808 0.717968160994819
0.8013305232904608 0.9997991236459225
0.8271441079416251 0.2404715223772671
0.376413999836299 0.4454861674233692
0.9994904892561511 0.2399724821317828
0.7676214364205467 0.9108191528042622
0.26351891290776797 0.5836405650202507
0.8831423379944277 0.6400044464595775
0.7110416468662355 0.7388927805552457
0.5569031020694759 0.224231113979936
0.6385075461768881 0.6252119189345293
0.9099020122897381 0.2960456013315398
0.37278453233796327 0.8387031012107631
0.749357665317264 0.04689859239616534
0.957900838674641 0.9295631118415917
0.6405893321570828 0.2379668110094555
0.44300782326789134 0.41853579426569576
0.43848129891593923 0.3521960677967608
0.8344462113434667 0.13491670462822136
0.6086233526068268 0.18283103339281714
0.9274076276398078 0.7846851367697822
0.49411066283297633 0.11700570740114657
0.6840284878151959 0.8773213621254037
0.903820621542663 0.027907130964320404
0.19512159391723127 0.067640024313399
0.8762573919799221 0.45620617405678865
0.5954060361915139 0.02204628297128819
0.14355471928363328 0.32830977288141705
0.07887682470810153 0.9190650411302324
0.07382991654123083 0.5261522331116271
0.0628523977269746 0.35767689896528587
0.7815047708804979 0.3592136539839077
0.651982719149931 0.6163768257957032
0.3755873450577836 0.2531262140103794
0.9942727424533693 0.7275674125308544
0.11766003027290517 0.37954826411071085
0.042869367805095315 0.2558836954624979
0.8209659262319642 0.6428970674853733
0.7207983995309009 0.1991825214163483
0.47781536178301387 0.3630861983920133
0.9513703678930316 0.9052979497881664
0.28747361671944427 0.4813418080246672
0.093306978762981 0.7346471322908446
0.9137683521910642 0.7432838836430593
0.11683965303006727 0.5955928788091456
0.5772712215974807 0.330979042828736
0.39961839527725473 0.6457240702373093
0.8645915951473122 0.7078576279429352
0.4763104699444729 0.8464659398276566
0.5568010454393633 0.7407948485490468
0.05481816536841788 0.7888461551887527
0.47871189533999936 0.1334441121297507
0.11981393163037768 0.2526326183859964
0.6724565175389847 0.9365429373900782
0.647276065307246 0.10322522625341257
0.2718258871057875 0.6655483914578251
0.4402657871402216 0.5705265725942554
0.5961755357937335 0.8989935940370823
0.27282253285482594 0.40037832029641685
0.0027798956578497513 0.2288310752759266
0.9317804886486789 0.6819218098073139
0.3801835710355539 0.3147572940482841
0.9143670853867749 0.10425626736473492
0.008263985470774449 0.5250868630945449
0.45280850057028754 0.5052289912918329
0.5739267347418724 0.43432133772476833
0.3826941749970525 0.9131769221181227
0.03303014784734004 0.21523827265194395
0.3253720083516418 0.03624607857363449
0.9442918953823198 0.4431650964216858
0.7169642559915494 0.8913064578517209
0.35642984282466394 0.13874146501581097
0.2201016590143674 0.4996927704118892
0.27666442094174526 0.80727209284488
0.26054678695133626 0.2977126232899494
0.8211290460640916 0.4304940813698672
0.8897831501874798 0.9229844195177896
0.44114948004310484 0.06695243510252191
0.7348151883465752 0.19307287554965735
0.8316445492546913 0.6192539071645184
0.26410160820426243 0.8875016065730905
0.1556193610476293 0.08510270216276772
0.040222615447611965 0.43184769993184347
0.6554141774199567 0.17718674733798956
0.10409886528259271 0.88060731935263
0.8215024142482377 0.9854131105465287
0.7624511230073441 0.7156782475038503
0.8881517076476488 0.0030870877565045696
0.03166166883610044 0.12668587608986082
0.18084653067788037 0.6499652389279542
0.34407350513149826 0.6509287305415554
0.2413681682065565 0.985807862458913
0.17048907152420045 0.2212252529760581
0.7196088618591916 0.0007982660168051048
0.17418833861925154 0.05828109529448344
0.7651730073941685 0.3502609079350052
0.5469924818068397 0.980996616295396
0.899185855118618 0.027401127378965162
0.4812740492927876 0.5673207833841307
0.3789987662398435 0.4005180199611793
0.5440602297967747 0.6621039153326012
0.3578849124550678 0.4560882051191144
0.5236121186460971 0.8856997613208288
0.6100882342954335 0.4299431514791143
0.793116034350132 0.6637883645677305
0.3464476031021604 0.8428025265253629
0.7251261779263702 0.2690002029860008
0.011286977168024626 0.742333811070581
0.7134952227162008 0.07842517732051535
0.6412644090031465 0.2625661664711969
0.6541592103865002 0.6601142887465072
0.42924030039691274 0.8175710340591542
0.07124935356529938 0.5862018209925901
0.5604822868769583 0.7699170412635916
0.32595081387551406 0.3678048815356958
0.841238663152841 0.08405909922806032
0.42824599690827925 0.6037144185486507
0.3024619273712992 0.11748053457423535
0.469066001123575 0.07885317829659111
0.28351428075423124 0.3413213201987124
0.9089111681778934 0.9756283012159541
0.9418415961424471 0.5003516320828463
0.5237276675167666 0.5301223220763853
0.29755169172846485 0.34497684074954504
0.7632245637873902 0.2812251716648271
0.4956619975322776 0.9656568492674693
0.38756328545133667 0.31425081445264635
0.423239565419433 0.4708837646472368
0.012701169687040714 0.04649611535434883
0.005542601981496809 0.26136927477649596
0.11645715880453533 0.7239750933503233
0.9511255601950268 0.0056125924554530915
0.38612352070755596 0.9200275122365373
0.709626926430033 0.0644116935745862
0.3201089183900083 0.6679066474087307
0.1690112054943329 0.01167570635953119
0.4864442365064947 0.9093835118470877
0.5834615084535046 0.9816146638324399
0.4112413487500677 0.5655090970182626
0.8002287067643037 0.6324659454292227
0.18108934712873914 0.5797302701654214
0.7128191416743213 0.776495007584648
0.08721267697524215 0.10393312537409716
0.6703336202511536 0.7237962239480717
0.947714566807484 0.7179341822635161
0.0011733698122506908 0.8088242978773004
0.8309114508293183 0.9536795477108546
0.37819883501453067 0.6856304912831084
0.6101338321438612 0.11590979542045066
0.9837221371758957 0.18047294635355637
0.08207319126801171 0.04953570227328585
0.36647251139517145 0.12203494425452921
0.5868961378154984 0.8144081348089902
0.22344299111547228 0.5476475032423787
0.2381354731092249 0.3090243832385886
0.8123817949715992 0.5133218335295697
0.8873016905104578 0.3345864185414176
0.9061379349989904 0.923714000414215
0.6287446319260228 0.595091014776703
0.5783065016035942 0.4869391255080284
0.7338756237206954 0.6831488255257547
0.4156642117345233 0.13169766844899056
0.4521049944865887 0.8657614548233308
0.2780004098431561 0.1988403230918434
0.6313658329048857 0.6385787368011473
0.6821969469690161 0.3737745745904879
0.02367286344969699 0.8898113388086017
0.741732414312368 0.03713256191999026
0.4404136863999313 0.6773293665229758
0.12482005994599277 0.2573698629103325
0.022674650903535154 0.35426397382943553
0.22031827547479677 0.5502406976178014
0.11798773827384657 0.057139416388969355
0.395832627090553 0.11519583014380141
0.0940903592831066 0.6311828618113
0.9780322481780488 0.22098956981113993
0.12896124999572955 0.8012773801611344
0.17480781410648283 0.658536970513032
0.7431641522913317 0.3453630244031354
0.09679639687057029 0.047061697942677894
0.9093681847686865 0.6048817868733474
0.8766949575932781 0.2656425166464893
0.6530008096397966 0.37459398521585663
0.02091045011188064 0.42606540874465937
0.35432951374914445 0.3676454431210747
0.16724094231587916 0.7127413175446284
0.7093111196099848 0.1311032338850875
0.15439741966021692 0.6581379784280226
0.09785580503071878 0.4583835439356063
0.41909076413060253 0.7916782181204103
0.28908561419889756 0.8615306290961009
0.40011180799559076 0.6791924641908189
0.02550513734583082 0.27728562047630856
0.7603538803904104 0.500831506823318
0.7481078583530589 0.02844220881704751
0.9528479410990927 0.3968702813757141
0.7471713573484411 0.4606184311924526
0.7486162067930062 0.5319540902496322
0.19328624368101255 0.1681678109693312
0.593473304633233 0.5534792011375294
0.6663956635048567 0.6887860314378311
0.5871003008610047 0.1611252747578784
0.8873889375981776 0.7148093985052784
0.5074299575382097 0.11758917376897493
0.7899250192075173 0.22743420298408856
0.8049377588098294 0.41771993956348297
0.22172937926948455 0.9613742463382702
0.12784405149709088 0.027476531480567834
0.18568614793170246 0.9693384829034148
0.7003879885301167 0.9209989097424269
0.4977280083990192 0.04328493493881669
0.7036393430076011 0.6874009422905438
0.9853554343266027 0.19989964001538918
0.8797026334045288 0.4761458397328382
0.35101134918595767 0.2315860319109262
0.524339280302581 0.3096001355640996
0.4193782512827511 0.35915991092404154
0.9819003295050315 0.8369222068838418
0.939650556655399 0.7311105629101446
0.34077467166998354 0.7533610019678316
0.8119343380229198 0.06537001754564553
0.9480001671215519 0.961614928991152
0.8254289365662635 0.12695250392266044
0.4122569347622058 0.6548944977258988
0.9345705084744489 0.6597897077807369
0.158569069472569 0.8779764137057886
0.251036327870068 0.5978831854957647
0.44828330403370287 0.06549540456668845
0.18926448798984152 0.7563900306123625
0.2451283196197176 0.6380095878528156
0.9284221464016291 0.3015790479086309
0.8515775576268338 0.9944779535296522
0.3915875010232124 0.1990084350980066
0.1469537333612021 0.42254420886212984
0.7127092783488018 0.6303852413131885
0.6565429878365241 0.2993271571478413
0.6301818706386157 0.8012170509977714
0.41762727320076753 0.69317876232655
0.06065543581467536 0.11940405116630104
0.5863346859258767 0.8508864000590126
0.945209647374156 0.31665500406746827
0.5023968946452688 0.38631010387818554
0.2849145947148779 0.12976954461515544
0.5626419972619148 0.5133365238956191
0.2926658499074306 0.3082708445541389
0.858453827912091 0.4139803880863111
0.5368795143865361 0.4725378994563445
0.46171757593054474 0.09219964444542783
0.24432810502006874 0.9497713491539825
0.1314165390565727 0.9382169874507058
0.1596912104746544 0.6726613003050725
0.3461153324101729 0.945513865243887
0.9671967371532366 0.33292130371001605
0.42464149225935555 0.2601337230324763
0.2913993763351326 0.22454938101323174
0.411385949828027 0.9408043138908178
0.8023511309308706 0.7901312423876732
0.3630213381145979 0.9366090469788484
0.7067830146205807 0.9815762033758111
0.586992759670282 0.5976418920296096
0.6289787865768082 0.19929338070354752
0.34919728891026436 0.06786080254936055
0.4407904425608835 0.4216436195687463
0.19486300365893716 0.16402305216056434
0.8149910040313921 0.0645328410874133
0.7324865576916655 0.9053202019996369
0.07364947011327927 0.7240483759920817
0.3074660789094996 0.9776826884555756
0.3308679809918065 0.2946663535804832
0.6555130990586144 0.6662254120490145
0.27423142328690076 0.09333702886896855
0.13378456847431552 0.8451211570282058
0.04190498150095534 0.9484534203536423
0.05132469600393974 0.9498260573885611
0.6424774027762818 0.6475141171223269
0.10443622047604206 0.5677741205112914
0.06191458556731333 0.5896029471624786
0.8471119829650946 0.00548549664664999
0.2468064317428489 0.7489135560189739
0.1275228339813752 0.6152912854824237
0.5687909759789525 0.28548445599509376
0.30310690571692 0.9768869751906017
0.8129320601739984 0.0788911847629481
0.27415020573430127 0.2439943830866207
0.3289792301592427 0.8690681798289757
0.5856622625921075 0.9935624419092672
0.75702560617972 0.3356981171153153
0.022669121486046162 0.9857293360298192
0.10886194643371994 0.6723511973060348
0.29215006447245107 0.23151542150133353
0.7977599351452132 0.061555782407379356
0.07202984717581273 0.9011770715324594
0.9900744295898778 0.16314912074911758
0.7654301477192893 0.31621528548936073
0.2283787189375781 0.8258965789984041
0.3697315649948114 0.6018642840206683
0.9872661552164737 0.7545717223022648
0.2623429086487401 0.06223705168879112
0.7394964454596422 0.4045341289374711
0.12272589631289343 0.4392506685933413
0.062391256498824266 0.979165493750562
0.13899531592074887 0.4379765619905911
0.40038772577225656 0.1830075495460326
0.4475154338956875 0.2926134203460342
0.22967996523581324 0.3553919010442079
0.15116326690605475 0.32367782323998684
0.621030636094875 0.8489345696273463
0.19189157632929632 0.4407774631587109
0.02138617810025578 0.5988107421477509
0.22004761782919902 0.5530343056699836
0.06018298491721019 0.8502259623808708
0.9332106765309274 0.02514797405634006
0.6860541465817187 0.6124496040465053
0.4900193549487968 0.9733217235011555
0.5705952239116283 0.4167839752069611
0.1794403800011366 0.9232327817760762
0.3802917329234665 0.36708825820123203
0.6300322993739278 0.1644055273554874
0.780554484472529 0.6468438194954564
0.03654103374070661 0.11429896647017013
0.5720465135947164 0.1691483275695833
0.6485681231838933 0.7194343634188234
