10 3 100 4
1130 964 877 1045 991 1144 996 860 1119 1013
993 786 1027 924 945 1167 999 1088 944 1150
852 870 1133 1100 796 885 950 1101 900 1092
854 1145 931 812 767 1136 1112 924 943 1042
990 1010 880 1016 1148 1173 1013 916 1078 1115
1129 936 1065 1168 928 837 775 1171 1047 788
838 1119 895 1146 895 1165 953 1173 1138 1159
1078 1037 944 808 1156 1174 1111 778 1075 790
1164 929 1057 948 851 1159 785 879 1144 1157
1018 947 946 1131 1100 808 765 876 1141 1073
5 8
2 2
8 2
0.6903077382927276 0.4290519990432725 0.4707061515941973 0.9338825445661803 0.46735195212815006
0.8618725772740277 0.3023990627419852 0.41873507808604987 0.7270136999132131 0.46657106615011956
0.1684771107965637 0.9686507809511469
0.4745903478766793 0.7274887281084326
0.9329195182296013 0.6659673297539899
0.8787525753557979 0.4330384447944131
0.09055571944169882 0.023097435887954765
0.938828689152142 0.7367187187881121
0.3883353105143523 0.5410141490585554
0.7896240100853233 0.3897560801477411
0.8380601389623747 0.4869716693568584
0.7939108351520938 0.15624082476408363
0.532551304416131 0.17234355954430836
0.8879059891437473 0.7659729755875979
0.9684017313900593 0.5376222181272965
0.24663334733386044 0.5213622445820201
0.897927479737713 0.021120013364656298
0.6900329463028603 0.374648380008338
0.7781252821835432 0.9106302002985325
0.33174386618795504 0.2554288163009466
0.11604036721612032 0.23618582147441392
0.8551354588322362 0.2762947597416652
0.9613314777015358 0.1515832507501016
0.6830930054378102 0.8797248290500739
0.5551237226062244 0.44690106792704953
0.062450388079621666 0.771204803523917
0.29149546039991736 0.516367242702541
0.737060200652166 0.0847481738996545
0.7018530086531349 0.7992745288769059
0.05020920182799449 0.7187827506268154
0.8455178397109395 0.33612689291268416
0.26395388745156056 0.33831104715696414
0.232383719580453 0.5098967271954289
0.7731427732377509 0.05474981180508731
0.3135372163191268 0.15206988774522223
0.34764176917815104 0.7660911015723706
0.2026184299417495 0.21368680818727515
0.9133439600037816 0.465725194893549
0.3573149442595147 0.4770494128620919
0.09355611699658706 0.4389269821541455
0.6348418520819288 0.6269284662772245
0.682985365205693 0.8088198391060017
0.3236806044016953 0.7933402300008634
0.9391553730600053 0.3688047658214537
0.9987911032912218 0.5878363322976117
0.31881471716108956 0.7023631678960955
0.3331444697807149 0.34316102150315797
0.6174671075252989 0.3860805479671676
0.952424377074222 0.4657369743852793
0.3681186443268485 0.8575387144361235
0.5187056395670528 0.9957845924611457
0.5205647527307777 0.5815158988270812
0.22434558790921666 0.3108537325145162
0.8516551168756117 0.7629292669275538
0.17286778844035267 0.8735129824928012
0.4106690054719775 0.12249531663594748
0.9382241264733169 0.8119576596347302
0.8339415307724145 0.45297676458040237
0.500976913763002 0.9182022742460885
0.6843741112066977 0.3362377598258368
0.5556265712684241 0.02627360503227849
0.9692010402924194 0.06045156544173391
0.870425133601046 0.5148354910354063
0.1754033960455006 0.17161793802316105
0.4309392700694441 0.903684337342058
0.18780376630263995 0.589135299997579
0.6544970980739042 0.6514255128846749
0.2250021908851143 0.5915043459196372
0.7883929634238751 0.6139812702376637
0.5527243035840652 0.22179738412136318
0.7969715099447137 0.5979719300991628
0.6251770601818329 0.7952751203164701
0.922624918973652 0.6954014997690399
0.6484062256733181 0.5958498638091305
0.6041328001244237 0.26281662501872116
0.5165097484216055 0.5630295681315767
0.043137746015086575 0.5469423041185362
0.5785653656781369 0.013220890332938717
0.38033006145857207 0.4179881442045472
0.17431391760217751 0.9296866195028162
0.4375000174085295 0.5573265817040121
0.7560208820153169 0.8128435692500817
0.25546598687650857 0.18052762543117584
0.35347168432112674 0.381896529073686
0.41767861838540843 0.31889276418503565
0.909740890375903 0.06557338507207411
0.4308140467535513 0.644920682466039
0.8194225301644751 0.7510733950295465
0.9155481463384818 0.3113640355241747
0.1795374025759784 0.06897611333891152
0.357096067453069 0.34258202666941595
0.06222899938735149 0.5357871179708591
0.34516479469951644 0.8682812218091747
0.6593089390523117 0.898410844916345
0.8036175962785024 0.611922933375282
0.8995935752625319 0.33518548124823755
0.7389376054562726 0.05112900873459236
0.694716853142539 0.010910335957796446
0.6665497803079703 0.7197154033738717
0.5056673896367683 0.015507709601339625
0.7683959471755102 0.6097904934021192
0.8176686830104827 0.6136046213874675
0.24769604924030353 0.8840805320997629
0.8996013873407434 0.8451751606504685
0.8510497884250201 0.39914134451944583
0.7057129743504991 0.9719743715448323
0.6189079382681404 0.7622705589732592
0.47153894851815714 0.7070271669809678
0.4646528368117602 0.899327781786248
0.6425361731867574 0.936493750749845
0.4505420411345371 0.6695617787102244
0.1589282378537149 0.08688911292794965
0.9625306577040795 0.5416773483277091
0.109253745452351 0.1920225833347331
0.3775178649116371 0.1316174603157385
0.8714615807607093 0.6853918427801984
0.07087981956121436 0.0430901115064799
0.16277701795711486 0.9982254707693585
0.3582016763338265 0.018107930511813697
0.7847075955256033 0.6640481237492115
0.7216273229594643 0.40389199655552077
0.09726155883249588 0.09366458379901954
0.4356758211983067 0.37550831197855405
0.5759630620137728 0.9302300179887071
0.09452667944717374 0.8278485217627698
0.9344217113308366 0.026549265579458137
0.7413740007984666 0.2452776596926325
0.600892902896011 0.5814832912333265
0.7225054758327376 0.942902556228671
0.9271774056147657 0.9602238039689837
0.6460795516497155 0.5056223360308794
0.1816357887584874 0.283234954190696
0.1154439132147842 0.9490499806203383
0.9191181988318453 0.4469533061958031
0.05407328911795117 0.13054315098272085
0.6303780234820506 0.29039790610782656
0.6830140778602549 0.8743547877260334
0.4017566389262761 0.9671285737944102
0.8456969684418365 0.19200657638945984
0.1645803027272097 0.5423839373374133
0.7877649949454564 0.8266543796428929
0.204885078419913 0.9462606730023919
0.02791345419463198 0.31432376571116993
0.2003894568477591 0.7286897090217386
0.32124749921989015 0.7483228687715555
0.06998656103987533 0.27241590556311945
0.1047422256987407 0.03434285412022442
0.30815429465893085 0.1182118775281511
0.8860142429760929 0.5790844373786765
0.13052919585523504 0.6416945773824043
0.11544316711196556 0.8301638864632475
0.022657293219252583 0.40182081872172315
0.3348697982990778 0.9510528411323993
0.420367518460129 0.5756568623372191
0.8749409039753246 0.31340669212324945
0.6863470803397385 0.23929374228511846
0.15284810620071632 0.5273436809376211
0.20375678379422224 0.8717053115873399
0.6059668792105779 0.9464189485559877
0.41003675054894706 0.9233885119972403
0.41820714917540647 0.2925400543839862
0.471562556778544 0.23899882648407633
0.988268616270195 0.4502263940945448
0.06353529633672284 0.8821629140481668
0.7670199318273092 0.1977336596793835
0.696122247643824 0.05659464533375824
0.18380267370023762 0.17546885892756214
0.3632778256081062 0.4864133061905864
0.20949155787765905 0.4791399037594808
0.3236280174095554 0.9721336034549319
0.29601914359805837 0.41362460827431957
0.4742320001757203 0.5789129222847891
0.7892657188750212 0.44380323096820984
0.29064661666722924 0.9872484352200004
0.40410359566945386 0.5094254986838622
0.10231538717790234 0.8384786645609272
0.9798363534933929 0.8909486263047302
0.17300721254260476 0.31283116544358935
0.03630751169196822 0.43780542446002624
0.6400307041487701 0.7068945508292952
0.10917329219469551 0.7253239067106461
0.2500554112255804 0.023744050008293938
0.31885682287247064 0.9960904925703347
0.7551501979961621 0.8856970823174417
0.2772800798591184 0.12135709007831097
0.7268336451151274 0.5778655705655036
0.820348319559671 0.2861678437423869
0.2533444119761783 0.7838529785050061
0.0007429806970840058 0.6213312135107494
0.1657767058997177 0.10738182939330332
0.17756551306146795 0.30566295737858584
0.23997948480808962 0.3637156934824455
0.2492932916427788 0.9518498847517891
0.4736636971513233 0.0434477554869479
0.9396987463453901 0.0037541909760612224
0.622458562820785 0.6313308157293902
0.37095240809654406 0.4950781719256192
0.04903634919528277 0.04710490554411906
0.022830581738621847 0.7023623013092646
0.011510799503992253 0.9823632759052834
0.4876486445999493 0.5511305767128769
0.3997485229925246 0.9171860274882391
