10 6 100 4
810 867 827 876 873 793 829 824 776 716
889 955 910 936 881 876 896 789 826 731
947 1011 998 944 1007 978 911 861 859 810
951 1038 1094 1107 1047 1014 966 903 799 807
1024 1044 1160 1090 1006 1043 932 959 823 833
979 1075 1168 1122 1142 1051 1041 996 924 849
1039 1004 1069 1173 1160 1126 1060 1055 975 935
965 1030 1070 1076 1234 1231 1182 1082 1025 933
916 1021 1057 1203 1255 1330 1216 1040 1045 954
978 946 1036 1191 1292 1597 1258 1159 972 917
1 7
4 0
1 0
3 8
4 3
0 5
0.9442211036865402 0.8481136588207714 0.652536081901353 0.5298911352104942 0.4855799506756704
0.4335836127067643 0.8354704888140851 0.6018951410183002 0.4036943174377289 0.2738353550161879
0.3327243148710209 0.907974576132202 0.39858206041134736 0.36866843976982105 0.12090512426894229
0.5992300657684428 0.5637400622817785 0.3116640065444442 0.3436378281244152 0.3916130704187687
0.9667045257073077 0.8245970398169606 0.6570813237928617 0.48476522973813074 0.3935278658333362
0.0479567653869486 0.7842669325495273
0.6165597046733449 0.7725166838859527
0.9811782750866536 0.8180683821565384
0.6501451199308552 0.5999419742701748
0.069520326336725 0.8189658250591201
0.4953887892823021 0.9466794286002984
0.3646620400995222 0.3389951846520176
0.5564849504091529 0.9093381189311898
0.26863501120774513 0.8955871681300129
0.908546790792903 0.11757343144805055
0.012213283364954863 0.3241026226958774
0.5720740161523232 0.5535361921337254
0.1294998672223675 0.3305171014709847
0.004209966730927661 0.020533853341922148
0.6463048254888484 0.05895613235527142
0.8042683335223015 0.558993157933573
0.1805093733632428 0.6374596077934378
0.7150746754877304 0.6780501433966357
0.152616807055439 0.5374172148752387
0.014199747699009446 0.525641853088531
0.0159097138656763 0.5901101455063933
0.22485813610529193 0.01390776150095463
0.962077310277258 0.5188515442838539
0.46378346894675637 0.0449893766851337
0.6387760216123037 0.7479000559990865
0.13802200623959227 0.6898162063558944
0.2112773570504347 0.1611164769378175
0.7161353381766777 0.9571652058219124
0.3938400325650966 0.32770785696853166
0.43518927052739764 0.05385500968928514
0.13454004318443857 0.2140778588149599
0.657865872422043 0.3744915531991435
0.23685591286967056 0.4047048543200402
0.38254068708186595 0.39759235276123195
0.4182834769118897 0.24393398638388786
0.12314740632038701 0.3725235989266411
0.1695717842999409 0.7896258972775472
0.5167126069053163 0.7601798697284481
0.7905284645432185 0.36365478630318204
0.3811360322111814 0.6514996556812507
0.9229466561046318 0.8083106697917355
0.6230458973779898 0.20101366160226553
0.027988391108264343 0.5727502595465781
0.14116079531486148 0.6898701833259964
0.9051046213715142 0.29900854290770096
0.6821428919722841 0.12181361733947504
0.19037520974180366 0.11010719951505554
0.4083132798622786 0.5633649419351954
0.7668980987180694 0.7642447713179932
0.5629189209306056 0.08098229628496822
0.7391465026329391 0.8202323055208443
0.8929876008885129 0.9548864471724854
0.02414154135637414 0.20501122059187704
0.8010874876478784 0.470869366064008
0.7465080232673014 0.33890856010897963
0.3433710109139767 0.3961796187322397
0.21066153159964496 0.37726689073300346
0.5330728318865801 0.3328095171431107
0.6519085568931478 0.866464068123395
0.7364267326219909 0.3525407354423009
0.05251717643082365 0.40820901985297087
0.6571942703042841 0.10565927662030283
0.3727040778494588 0.9190182140813825
0.16201019892313528 0.6688149866459154
0.25703825263289315 0.7072231671293518
0.9047327592337011 0.9812539921696597
0.2955017351788356 0.8294497888237271
0.9360807902724584 0.28370045082002404
0.05148553914853915 0.13942259025827597
0.7310390967874316 0.8723089646172004
0.14897916682322787 0.05028898673107429
0.4604850660348161 0.8288630675092918
0.2146477512561371 0.8144096659493372
0.6732875389710475 0.5714003796889413
0.0027049586454723773 0.43841279178027426
0.5623754571757178 0.7475640766555103
0.6087898846134376 0.3640112305341703
0.6892974746413834 0.3458922097756938
0.803093612546625 0.27636555804187735
0.21855779946336362 0.6882082863041232
0.2663476072984916 0.7607856446353014
0.2335098633045407 0.21243638709861945
0.9590839179991648 0.6585751819569796
0.9195924082859379 0.629909814876596
0.6314558845480815 0.17003721880750433
0.0872086274437891 0.25188502063638163
0.6951232238933749 0.6455878542636173
0.33757901160438153 0.9355379581205672
0.06279408418968102 0.8007242814935258
0.4721408241012852 0.30881403600955615
0.9238793290772866 0.2797081110415178
0.03024947809443157 0.38416190721081866
0.049246832477712665 0.231582314362494
0.6108890459950154 0.654270633611163
0.9734254816228034 0.25398483284861806
0.8784014858696951 0.21552425750075588
0.1278936280457632 0.8855470173693465
0.4302191886558908 0.37436386858153714
0.015206209819356387 0.2161706302269677
0.8965916612872133 0.17307404119134562
0.5934324572362586 0.8261063337904782
0.6445127318757187 0.24679509345856032
0.4999034203720045 0.3259677110885748
0.9339582488930833 0.7546508436654424
0.7734010436042509 0.4790043138887854
0.6570346177104411 0.14527461996141788
0.6025203620736266 0.24036027362682044
0.7068916110242311 0.5424663914294803
0.45061638206275756 0.26567747728083835
0.8493515804248559 0.5846810405008858
0.6139310631928436 0.7900918261843004
0.7773260445258825 0.28930604129127757
0.21519019536388306 0.3770678228801452
0.9595606002340331 0.3846983814515963
0.3045985579364232 0.46057834635394723
0.8452210747542985 0.5559991428908369
0.8433944706210483 0.5746912174516547
0.9577882906932529 0.020596219402685412
0.30761269235196353 0.740537881592809
0.6146796365242484 0.3757343527062029
0.5346300068299275 0.4089325402736055
0.05965218382768667 0.129764145535616
0.21985316848912095 0.5500514451613749
0.734749399223765 0.7151883423644747
0.6117160412699838 0.17074558942032514
0.588465586941036 0.23553542187664323
0.2337025274124842 0.5106926761452821
0.9063108486323161 0.8702346539496268
0.08237415620352784 0.9901355871385862
0.9771526966603781 0.6250208373167117
0.5449710851761034 0.24391877830884923
0.16451690570964828 0.7638783879277746
0.6921983931745483 0.06663702075845945
0.2360835888159616 0.039593031451676364
0.49575178216001503 0.6682673165708182
0.8664119167088169 0.05943233446210905
0.9674282184887215 0.4036995263814833
0.475295871119249 0.10501772931224851
0.41510333733636395 0.9070747478608563
0.05303099511695586 0.17676813405464142
0.29923461846241417 0.29853348088875564
0.00147452727279207 0.5230904619593193
0.8576082434496501 0.8207367142719906
0.5873727665050765 0.8069652210162512
0.27220844793865195 0.10438120831946551
0.5984116368057912 0.10367838141296448
0.13218512452935816 0.7576783657726252
0.5144393738855424 0.17286991920825967
0.301730729417945 0.05141605061724763
0.7707970870100471 0.15415907792280725
0.6272991750103554 0.3261312319951917
0.4204212613787013 0.1448816819191283
0.24264873862310976 0.2746123688953841
0.976048326803808 0.8874624194394605
0.9629085290829733 0.02655328119753464
0.7379101619764079 0.16911819302952402
0.33078663956839627 0.3790481308459379
0.2860290755909036 0.542360579848663
0.7697518765824964 0.7464207803752563
0.37436978163307 0.10745535167367137
0.966965605086302 0.7439934281612623
0.13582152058841723 0.46672689368568254
0.32607411986783164 0.005195803735660975
0.6173076529856278 0.10516104673615523
0.44060187871883727 0.4748365493423061
0.5577010896932522 0.7148879272073216
0.527006967647913 0.202885697446062
0.03631129057532001 0.15629279712200406
0.36707369383043154 0.36862900181984726
0.9865540972681874 0.28271798420593997
0.7699099248832 0.9751521608731881
0.10672749695210593 0.3026614026559511
0.6946251220151411 0.7956055448063584
0.03182193193618921 0.4894695918377079
0.08662235805729956 0.07462919710778304
0.6808300703660091 0.7763105927528906
0.4156188867937127 0.5902127259596832
0.8916896114183084 0.9907515916125647
0.05129820582677658 0.7559196503565555
0.9222607207255933 0.6373113857154635
0.3644625057508719 0.10660467227096726
0.7998510397200005 0.6145719393323898
0.6648091243434795 0.6169287876791321
0.5143305308311696 0.8319093673377693
0.3691378880361851 0.123827969413147
0.6124175604857625 0.7996702895478685
0.4668099850467584 0.22506939944399273
0.09053623486175932 0.39670528616352874
0.20814758015227608 0.019729919514475114
0.548023835860004 0.3279213238509049
0.3519849857101005 0.6078366517029989
0.4673085771181573 0.022629050028267095
0.46944263032309763 0.9723389887012361
0.8706522812496467 0.11062466156931827
0.9929997175846876 0.6896916813428466
0.42990690104118334 0.027546618929117805
0.7761877538672071 0.4188289545758137
0.7174414295939422 0.4418555253011818
0.7389338502262017 0.012982651381270083
0.9690290878587668 0.09325081781630629
0.798175083923726 0.44308241056917996
0.9566661302155153 0.16104806011564565
0.2131563702497825 0.09785327823771306
0.36117049949101143 0.782157286022021
0.8079345078707927 0.29528620474265943
0.9889696022131684 0.6606989209411291
0.8603567164193857 0.44783629101658806
0.9023918131047135 0.1163521400467935
0.99920357026436 0.38681214640675887
0.12490214971259794 0.4723244033054277
0.35258215212901534 0.9074116762375821
0.6773564649582899 0.4565349749917229
0.938136910158897 0.3508869097587899
0.11939388996495182 0.16092054434662484
0.7632861245403619 0.9535276787903391
0.8441664377944518 0.7177472314484761
0.39648765309075507 0.6003869646778397
0.8127995923071487 0.7430753836650725
0.25187864006603045 0.02702725226997993
0.6210554091443097 0.4253104808118615
0.5528200557277811 0.9289709671601805
0.045719880088035625 0.4889347694320463
0.9705548914663484 0.03501480220371689
0.3700669858418013 0.901752379358123
0.9737988547240748 0.5736063298748191
0.27013635403333414 0.07555243366233344
0.3085391661256518 0.4763616349382911
0.27502035471218234 0.4422914226857486
0.7584897576125107 0.9104843134032914
0.6531999317357076 0.6036316574459633
0.7680546054537996 0.40707647923508117
0.47783187719474185 0.37959771755544636
0.2769274814740361 0.3542246468470318
0.4723433518368698 0.7236813757053289
0.9795795871609854 0.9952767796684727
0.7984946645277053 0.9858706138905051
0.496706015076555 0.9629945868545398
0.24111174009549785 0.6831320547496149
0.46224870058123213 0.7757681034290527
0.13514810026258028 0.7790644277362164
0.25642387440220915 0.8015465046533321
0.5908791775391109 0.5297246596658409
0.2781568256527065 0.06736576823198415
0.050013969460610985 0.47272139025734106
0.6915497659600656 0.7275065688131128
0.5579539999128431 0.9219935157618095
0.4026365288541902 0.06740752051855736
0.1259319236279839 0.15986703797340018
0.7055395903240032 0.7841128068611383
0.3990542376021191 0.625699759615659
0.8881469121224859 0.7623732741055465
0.15466322715660907 0.475310310599518
0.3878381269971185 0.5903371430249693
0.9569784889157229 0.9512245026639523
0.8517606168973839 0.12414030710765722
0.4391164784767403 0.08428817683412282
0.8540206327959754 0.7817639902905809
0.045171611735429495 0.33027235448553216
0.34747993726415616 0.7995070117052814
0.2880351589815764 0.005116872082223889
0.7076750256169102 0.4893793786135763
0.181212691336347 0.499804558423814
0.10544165912376213 0.9383008815690363
0.9288627950675887 0.7493428682008614
0.399799521054627 0.22308778550719643
0.963783636794483 0.7499986964809227
0.7425454100102058 0.0006427135185205213
0.0959580843416028 0.7670114586477117
0.722106966741539 0.8876264555678679
0.004016121249215132 0.23846309527093879
0.49230652362812855 0.2872673493994151
0.8337905185785204 0.19611095265596656
0.9493228730938283 0.2433079565542715
0.8543391930261852 0.1520938796053808
0.9767265287903206 0.31348012121785396
0.23287326161509037 0.40045906354838
0.10009220514438444 0.3052674614180009
0.25025541330376844 0.22697727830488468
0.025690573214006474 0.1726444732943433
0.18668098446846426 0.03254927139445374
0.6689798608503859 0.9985545400536315
0.03086236191892855 0.49229542608234333
0.8067203437148729 0.08919591776336588
0.773530126116218 0.38129734712791796
0.07716598244882178 0.2469196110550289
0.792618392877523 0.930576340791345
0.7467255967487858 0.3244301287724256
0.25990369204212604 0.35839005749250363
0.9722849445616775 0.2578567247259562
0.9197507706151145 0.8804005188587283
0.44546198573595874 0.5229910854419375
0.684889014750405 0.962388038199705
0.6007267263853147 0.2766762420253437
0.5462866014452012 0.5583258416246963
0.7512935936591956 0.12296918978666205
0.9664813345082299 0.47003910994251674
0.9745001635279771 0.4285551075228913
0.2907200241882153 0.5803416565769948
0.5559142672869304 0.4611367926121428
0.4749340899778012 0.7467090511257317
0.9865522197147527 0.5425839680225777
0.09745844405471615 0.49994699228068074
0.9227886238363725 0.531141676093599
0.9921305983847297 0.6180981234482434
0.3104572481795622 0.8697324943452278
0.17937816711712484 0.13979837282428753
0.6738760952019067 0.3846273178329913
0.5188147370334786 0.8039760205709778
0.7484934356152444 0.6778050688356592
0.9849830820196845 0.0002527823071569735
0.07227283836887954 0.24985654096993248
0.6330437068062675 0.3008123681560504
0.7078061887243159 0.600914482066724
0.06790338516579197 0.5798283059676843
0.46219413165916645 0.3115779874558593
0.6669069682494828 0.8509584213654959
0.9625831957464253 0.4064998890568279
0.11095090080659453 0.22842065752466634
0.1420222037279837 0.21903577997063484
0.7476368219693144 0.33833648109491365
0.3687990372523078 0.8153224047810181
0.12953455458074292 0.3871597150288777
0.4695941785431288 0.7490909853792986
0.8109928451047534 0.8821304724593939
0.2659149220048056 0.2289368993498575
0.6718333853087779 0.23879250519874362
0.8929484975238224 0.8498295811045926
0.5428921420150115 0.691617534925073
0.5534341356679022 0.6313567365116601
0.5280534564242685 0.38793705521679
0.5769029138015669 0.7154395943164786
0.8847750621736032 0.7487669041957468
0.3460763533974818 0.8493008787740832
0.25468814187263744 0.9522887306092553
0.23661638247710037 0.30570631072754395
0.7479848654405226 0.54159865802097
0.4125800339000123 0.3236659330040168
0.9016721341299727 0.9782403914285878
0.22990438749267939 0.22093109466791527
0.4931414130950207 0.27915962877909783
0.404682521887767 0.8102330013748045
0.051354016251212053 0.3510008430414622
0.9976627287029662 0.714208136061385
0.019916362904761398 0.8997394592417483
0.6537631923491383 0.33994820184097496
0.06267647964212086 0.29686466075714235
0.9457598210183398 0.40209084471259793
0.1773936608982858 0.6115566112289379
0.02458920856778546 0.8683987455948377
0.9141749663293555 0.040957922390659984
0.06879327679024394 0.5799074635817709
0.6528323915702845 0.9914938628891647
0.7444212792872213 0.5046973375065351
0.5566257853816652 0.2749474094503679
0.5769811992535279 0.9893764670041101
0.06056518279075207 0.15180312064435109
0.1283064073528013 0.3584790995299363
0.1474331084288003 0.36357071188703416
0.41642416563721896 0.022040756492716973
0.7513740467128589 0.6972680626445262
0.11917490233245642 0.16880900450261405
0.90230438138616 0.8802640948659279
0.5497287234335324 0.16682344127321969
0.5607486595897997 0.09295680793447181
0.43286371687629277 0.6165254814240586
0.6235253610112814 0.8943667066710113
0.3893040854491163 0.9452576164856088
0.9159474808286818 0.3061381057120618
0.10725462398331853 0.589226638484023
0.06618697764605908 0.5709512602100453
0.32411253099749193 0.7369083273495955
0.656112674886697 0.5269882591248523
0.8650725829959616 0.07028195700790452
0.30390032861960425 0.8051595799429063
0.8714408691672466 0.7903396394980828
0.3133314295271019 0.685975749165715
0.291227797780365 0.5350264321054958
0.6411898308674333 0.0779835141578431
0.040556951822223075 0.5097644113578961
0.7708495563201383 0.2884469226433406
0.34079218090992636 0.5417666230417313
0.3791606308718085 0.5654141808799706
0.3158982989325776 0.9999347645711736
0.3602722858840306 0.5029782652591119
0.7393528996766059 0.6877931003512858
0.07820393169657835 0.4134861427783083
0.5117997453686738 0.05711682767441095
0.534060895852948 0.388826002273331
0.47528270369492187 0.03940592165101742
0.06649701588384138 0.17068535254953554
0.8982684168196347 0.16066161159448633
0.8690868290953793 0.8447932405039138
0.10278276394272368 0.5707044997368711
0.9141170969593884 0.07309611316571352
0.03328521615893254 0.5603167001591651
0.9298670699025611 0.5675241127771189
0.8592124844836178 0.266779239915814
0.9203578252390703 0.19538138294793606
0.6248691520658494 0.27926459637534284
0.26872092610772325 0.8579021531349427
0.6353782270462514 0.9847580380563292
0.25049364862677903 0.49161873480706464
0.31957400885870957 0.6019891840798737
0.541975041717186 0.05996923896161377
0.3962056060374872 0.7312894099920251
0.8059538573097902 0.2867846297506411
0.6168100338182019 0.37617074296578634
0.6176015985603529 0.4248867935831797
0.7255294004457293 0.12219291814052125
0.8608388207264162 0.6200575266408046
0.3794625095248747 0.9594782164635729
0.17037414397057948 0.5372487281917389
0.051253524034337694 0.4549379918087708
0.5564079959830737 0.2124815567660665
0.4159525525711325 0.9632787631947166
0.018439161033342533 0.019528420012789205
0.5308625529874467 0.040531779246796296
0.30512105282136637 0.2314515020752701
0.1762313027279343 0.4274518429226657
0.6335157245329015 0.07373874283540482
0.631376876686875 0.5976788831805504
0.704561260103153 0.5196316224612592
0.47985903598773905 0.3971654561714737
0.4245737820528166 0.3627414534963127
0.6867504772428714 0.31926020904154906
0.42907869606208715 0.5071480001612594
0.7571530436400662 0.9646455025073555
0.7799402761021068 0.2657235160835414
0.48587295655469953 0.026799492278944292
0.05524992972879139 0.8127089630391451
0.43101710849322106 0.2850048252881425
0.9319206927558827 0.790327426086292
0.9330144674417538 0.5610836641044772
0.9386381917578939 0.5531391675878361
0.49647744946336125 0.1989676491236554
0.8085255977391366 0.00023431051836175776
0.8732046459826925 0.3472929631129238
0.9314095917450609 0.21565269015958455
0.7879799525482623 0.6846927301787509
0.38980814304535527 0.6986993051336834
0.8539775717219771 0.3611367780474566
0.7178301944366066 0.08813419149610668
0.7465204056172687 0.307751185401022
0.7061507056256331 0.33221606251842073
0.986938512467749 0.5122967355971444
0.7887362942443428 0.47386385738319126
0.8480762427019435 0.26778211840790234
0.5375438250599114 0.8139534885192614
0.4985001225883816 0.4589012701261488
0.775311794136804 0.45009588037836457
0.7274834432305748 0.8465385934397573
0.735210942033504 0.8732047246491295
0.6029690512275094 0.29410446217590835
0.9510642389728388 0.5786984384055671
0.7613241251487988 0.030531720847781108
0.7970938969140289 0.11091933358659634
0.9895132475200452 0.500517648922236
0.4013030914680613 0.6755454542994002
0.4497709569589239 0.7578944837399075
0.23813136735804918 0.21994762771790177
0.7599936777126299 0.2282909303789631
0.3510705271712553 0.42711044399893705
0.8191645781691288 0.035677422900354916
0.24619213582758315 0.31898209615040996
0.8845797867041678 0.7780806978637846
0.2719337372753674 0.5386483184642765
0.8285329304316309 0.6875058792132243
0.6800003824262799 0.9641803796743293
0.3487767472350807 0.6931153678314623
0.22540416799541285 0.8477899159410256
0.7700865455877588 0.9448387421678845
0.9378228198040839 0.8134198587353954
0.6112421474837864 0.5789222491163293
0.475237386281818 0.673189740775769
0.8309427562807583 0.8201801846068031
0.9944942159414023 0.5814207216911862
0.131784368331739 0.4048370481509711
0.235614608045426 0.10862078694011479
0.8053193288926923 0.24320017529578353
0.5297942658011516 0.26769482458581795
0.24862311705620987 0.8907203300038722
0.35046605254593954 0.11586610093603378
0.2334324343666796 0.5322119598401129
0.3399971882941375 0.8708063991000439
0.7294592232843771 0.40648482580514544
0.22208519712752195 0.2387400645699127
0.0110907365789501 0.9365338381255783
0.8538857242599509 0.8617026781431503
0.3785552953622475 0.21449047233452045
0.7833260393810064 0.4342189217454031
0.17368720785585134 0.41679452544447804
0.5422622231924548 0.21229363640864296
0.6051948248256593 0.7357069923991881
0.29040159161523005 0.922643061051124
0.1493312749011646 0.4463934566788075
0.21309454356773627 0.7712236664109113
0.794688902868768 0.17270480984580594
0.7295075788924235 0.15186756974429994
0.1571407955163504 0.502308104990921
0.471111501438769 0.24979280294802098
