10 5 100 1
903 876 911 1103 1213 1217 1398 1441 1346 1250
820 850 910 1029 1218 1284 1473 1794 1453 1310
935 927 908 1071 1015 1286 1292 1511 1375 1312
773 785 974 1074 936 1203 1175 1427 1262 1218
730 819 908 1024 1002 1094 1099 1169 1214 1104
743 866 872 914 911 1049 1079 1192 1110 1055
806 796 828 860 922 987 913 1096 1042 995
666 764 682 756 729 819 965 847 1017 931
670 716 690 893 847 808 937 1003 889 724
625 744 815 842 886 889 935 938 812 704
1 9
3 7
1 6
0 5
9 6
0.5408981738375593 0.6274673674149969 0.5525821878569193 0.4275719039133029 0.43230318100424425
0.31741716180176976 0.39771695519562633 0.6545916502496503 0.5741009023715316 0.26694731795079935
0.7508322279322348 0.5191484929610293 0.3277261443392432 0.8662833627269433 0.16612026602231547
0.4733061068050805 0.3411820379887832 0.9486454923970238 0.9398221120927925 0.10210730504108811
0.26301096147550496 0.7940305638164633
0.09662145846838621 0.6457833023148205
0.9581271490002414 0.3949072793689763
0.1562562290143652 0.3105256489228658
0.24323932538961257 0.7347641094148674
0.053081472390082096 0.6872886755644125
0.82522318320323 0.8887371386952054
0.13559351832741906 0.7014189436364495
0.10567603529154912 0.479494611209909
0.7931450673097162 0.7336351219213226
0.5503107111150667 0.8310134451769158
0.17221092580140485 0.26216444366178426
0.5955298955804955 0.261672618494323
0.20231124278385115 0.25031466610155517
0.9170423429450025 0.7646604398223913
0.7608675832994551 0.6755303089539773
0.178001428382091 0.5954702369848668
0.4965126503077393 0.8185872449623279
0.6026811144553661 0.4303778751063758
0.7365572962767823 0.3917368447907168
0.3423880378602473 0.054571491983596676
0.09302680272545683 0.619793375519059
0.24984260267161074 0.030650660105469685
0.7612057403163173 0.30607660899361755
0.8753802129168871 0.6614642158026782
0.2632362767101124 0.44377658745443105
0.15914288168664936 0.2784028814654089
0.8502655507888053 0.7285313897818191
0.8645640349129342 0.036659753372754844
0.7969795767321044 0.18739358870166867
0.9944254912535571 0.33113491025974673
0.5561612411689019 0.7625539677991113
0.1371334513907434 0.033714538822771534
0.4859525495059216 0.2555049361803332
0.11009134810535626 0.7336905049900653
0.0878774749726925 0.6774364845750012
0.03779247990435053 0.055458793552871866
0.3980539672678298 0.08128645196956841
0.9981830928177189 0.5087706535409129
0.33639231247720236 0.3598220244607069
0.7635883229964038 0.844094352775862
0.15676689089118057 0.2743109238417132
0.2654032025317987 0.7890274589437518
0.8650761205236865 0.2652433718074316
0.3087785543607695 0.5488178912967838
0.9574550242502118 0.4568048400809932
0.9021461994244606 0.8790578637784017
0.43952302116868625 0.21076097914825964
0.07933409148995119 0.4958154619866064
0.014667499047793964 0.5325507742475637
0.6309717538861233 0.11057387088113946
0.49384582647727604 0.097542029413616
0.8833842952199296 0.4863477034870045
0.820664018599591 0.06154725082266421
0.516749592628311 0.30030625393443855
0.054226188755079674 0.30982967917173543
0.6243888935607962 0.4861436463817448
0.2242252766499111 0.9105514457511614
0.6112023441916472 0.6761813289790586
0.6092331829019559 0.5998825396857312
0.49736042573898565 0.04776841387418007
0.19950189743080715 0.3979703876591534
0.6814877069401546 0.34081877241177194
0.07099906154020896 0.8236114040998745
0.038096521809368955 0.7370881695159321
0.13027524979626715 0.7065733459267725
0.6474138623364398 0.6709920632539643
0.057720093948760764 0.29288693778215147
0.3129759063957087 0.8162755735050742
0.6985421416540292 0.03685444802544091
0.26201754355908435 0.19711445831075625
0.3714439493058961 0.44470802361359607
0.29910588377257197 0.5911696812110727
0.5161696763981816 0.4083544329821496
0.6740871458986697 0.36729708006191
0.8763291374929016 0.7421151501728771
0.7554533646699118 0.7211913288701759
0.25099639857697253 0.7389161506474347
0.6371082907293342 0.0927100372522982
0.9663855037932485 0.9558779053750945
0.50802993570605 0.19171754847265987
0.9363073641459709 0.9123553246319591
0.9194029646432298 0.949778474491376
0.17104498899012577 0.7158535633371967
0.15822273369982676 0.41958959198255763
0.5367384717921158 0.006507120823738388
0.5425230155733256 0.5042953025076544
0.6716333489126205 0.9424809765718074
0.5576679558506841 0.03250803724412532
0.44328404739623184 0.4138971323382037
0.41235852851679144 0.8748684050256335
0.7428953616779128 0.8855445543551168
0.37247385198048444 0.46387113967694305
0.47629448293347654 0.7897397991483095
0.4714137092231827 0.5825701112179211
0.7051824482158957 0.9765570405400037
0.5497129188447911 0.9294075221143696
0.6328579322923551 0.2687835575610078
0.8054272072205388 0.4885700034661018
0.9252314575280334 0.5189519458134857
0.10142308112300147 0.15715668466640764
0.07931367251044419 0.5786446837303694
0.717891536239212 0.899840198434747
0.4402083071177916 0.3609594586060587
0.7621922384673319 0.465005360773999
0.5194786827784921 0.373108390384121
0.6056207971676972 0.21588606222219275
0.06663585989439369 0.8248022231885104
0.06354949676602151 0.033966386674501914
0.8423325286291199 0.38922340181039394
0.4565075098750262 0.8178881319373399
0.12076546016261891 0.2754190716943472
0.9763614901427355 0.6152926284905946
0.6025682252633708 0.9344468759408475
0.41906212261453324 0.9677265250205733
0.39638933350408667 0.9313769830046612
0.9492833646588008 0.3549489095122367
0.05782836388614765 0.30948209939270144
0.08623304197314141 0.7742589667858479
0.7796811946167468 0.013522785873763876
0.28038024074502776 0.005681265230854438
0.5649616544170031 0.9775221996422958
0.3758014712242901 0.2195749424365001
0.1261345560546523 0.8330427371753695
0.8443839852315147 0.06951949534051205
0.09152448265224811 0.17130247536063692
0.03940823261878479 0.06124142552855272
0.3815737704651152 0.3134200375968046
0.8792429492129432 0.6984550129584599
0.5330380516381115 0.5649447562866206
0.48414615981096687 0.5005114089466487
0.7946914476979612 0.3554356452840677
0.6629555985564481 0.7048311399441021
0.7188633639337945 0.9169859020803404
0.2560322883780266 0.19410217000624508
0.050720484786912934 0.8988789960936978
0.07236722962368103 0.33616169182367517
0.45037501345767894 0.18023699151413375
0.9857303408677736 0.08699831032295702
0.16043987612199073 0.5016889254099501
0.8535451228428363 0.5917563329772448
0.23478682841180065 0.9378222063347499
0.4793386044631065 0.7250614456113549
0.7749161078544646 0.9323860097735315
0.41125155315936657 0.3005281669991937
0.9045368647889274 0.37116943194317753
0.6924608593024812 0.229472283754518
0.5906947923697516 0.7090271631417764
0.6876906618454706 0.6320539585495202
0.9361405524194073 0.7014676693839053
0.08168087576509908 0.15301587350924528
0.889020052390636 0.6636910992279172
0.1171996503427919 0.9465303926236799
0.4923828844147202 0.5416519957319321
0.5404904704325368 0.2973191736555565
0.24900888355722262 0.852381872641292
0.9259384859479267 0.9756930238904227
0.7277251141983747 0.40865809960644994
0.7725174262671077 0.9819293924291104
0.7915863785525468 0.7251694293152513
0.10051477629061711 0.6324922196797231
0.24683702718436518 0.6744363950799028
0.8530796411611845 0.10668843183835186
0.9198772563421334 0.3780751806002327
0.05996282185900492 0.801119370828967
0.657274012546686 0.30162180939517014
0.41216981941269615 0.3100673537136731
0.8367315455582818 0.8630121431629263
0.45109453734698257 0.6284295367091925
0.01686282748314616 0.41884116634913804
0.6907343028571633 0.6837322414772744
0.08281752116942354 0.9946216548342408
0.8817701706754584 0.3081514711744979
0.8369620852734154 0.004119192752046974
0.42062480811986225 0.4399496381645762
0.62894088950355 0.6795718500561452
0.7643499420716919 0.17045902748453745
0.8896953345830403 0.724668091052801
0.5766407589645042 0.025234474027679088
0.1774551474374646 0.963211219967131
0.15590320195230412 0.222633049853721
0.5580734558911309 0.367368630557098
0.3580404053749795 0.8823874953737847
0.02058569893247264 0.18702077574976328
0.4027716078573571 0.7272601913698435
0.856850069361802 0.301357860806992
0.46568534322553834 0.3715157759725458
0.8291947933346968 0.13866863670647045
0.6487483869240349 0.5517131306023368
0.2656927879480402 0.5983959644132351
0.862047841765829 0.7492575502571825
0.3128179630161039 0.17251405814694087
0.9981126585815485 0.9211390940904811
0.4825559261252197 0.8216617392682053
0.5406079439600051 0.7815233657962795
0.6395248534202305 0.17072229650561122
0.44480893727952076 0.5892128741095259
0.7824118587864712 0.5489361263170491
0.7462639808987115 0.4518299968167765
0.5032169128515471 0.6017450794647714
0.7738162653102283 0.30397556886835675
0.4921369843187946 0.7797965890172269
0.5537638006061061 0.6200424427639317
0.8863959963728654 0.09148463789170713
0.6069432670413513 0.2033661470646968
0.4852477043758119 0.8030692616997375
0.07351853094639482 0.11380434319401012
0.515107483073793 0.16763890010044546
0.5878624015773524 0.3506103475188389
0.7571426744433192 0.3575187874983523
0.0759992395165261 0.2819230508464108
0.4600412992923366 0.9844470115141659
0.5670341420278053 0.004500191633568962
0.7359158468419733 0.3648928646908378
0.6339968658720527 0.5393116897519115
0.04494784259521856 0.2126026565796113
0.1843002136700853 0.9157691059698527
0.2021212536516077 0.9767666806510376
0.12971592826237255 0.520708351159137
0.7278616750016111 0.8415666620933613
0.04294669055179812 0.8591375645640738
0.29730904459504903 0.7378403263522526
0.7174028482092716 0.7246619949641546
0.5749822474289883 0.7312159740361339
0.6915709109346422 0.6995101585588623
0.8710232650744398 0.7639304088849115
0.7750665647361934 0.5176861426406847
0.45851147145453486 0.9248359343523747
0.8285323466703236 0.024863866471476204
0.868637271943552 0.05896706180064171
0.49433349652312764 0.5326347840237164
0.4211585484294469 0.43063924714284596
0.15581004818731015 0.7640286847718922
0.17010090774054998 0.6476836569261808
0.3100652695239212 0.06959277384340568
0.24737946845197212 0.2155423528397049
0.6068611942502369 0.5346592818975537
0.593577482585631 0.9904614902085254
0.6949496015765204 0.8439766478788744
0.5826637598265705 0.5716182128658125
0.01459518715693675 0.4308564652124045
0.8381233052321837 0.7654471270935035
0.8989591489293001 0.4172353493893248
0.579542716949454 0.8874276062148854
0.4030115942937871 0.5277004638215212
0.03303510212055438 0.2979153977554647
0.673557236582726 0.1604033758079355
0.09963828919581563 0.5653906394167452
0.26158591336989745 0.3052679616705558
0.6266137257321729 0.226798845507578
0.4544528699393755 0.9547640409918499
0.792403440372049 0.2879357310277073
0.9315774413935738 0.7358176009792283
0.61861071824469 0.29352559744995177
0.38298723425180947 0.028819930962579843
0.465626995366768 0.7227014152110434
0.07585220571302265 0.688173809252691
0.2970810740516854 0.3129502875129784
0.42636080748214455 0.915794069503854
0.997067557310112 0.23338400956548644
0.1961750142091474 0.19100991439670345
0.7762074764520801 0.7189125091183495
0.1610973266972755 0.5053619646837149
0.39066343250459346 0.1465179237001557
0.13438458247708374 0.14863738279549388
0.947709363937083 0.5427945046181655
0.7544714795391569 0.5257073841428437
0.605699988142701 0.43702799826814287
0.46904378906224364 0.4925069462218927
0.9288700393817475 0.6835313649678239
0.9920808830463859 0.0038895330205810374
0.6995720830375598 0.771794260572652
0.7172094462863492 0.21059118148077083
0.6672913653721657 0.9077172661813406
0.8659950953469391 0.3914143555431686
0.13338888076563027 0.10695409186802829
0.15823567447108977 0.7575857079592898
0.02838778188534552 0.736965582156504
0.3644669426231759 0.6503424391379573
0.689088160292979 0.8939120432060423
0.0494195132594375 0.2805472495054053
0.43044091775597115 0.2733687092550501
0.8734580713536344 0.8437742903421057
0.22912383227519384 0.3625692093111075
0.1546865198563112 0.4996620623026182
0.15723096973050255 0.8666619828099011
0.6387321397088261 0.06553452792388992
0.10999785009854879 0.39554433093794095
0.9147937298125148 0.6175458713217399
0.5404204799352608 0.8698720940426377
0.8008960273950452 0.583566378360403
0.010200933487878538 0.25660655720285974
0.5417961754275971 0.8669575714573599
0.04621471893392837 0.8065648890189565
0.6143700653438344 0.4130121795783692
0.30064205684316625 0.416513461214683
0.006627023651087249 0.6786061792085747
0.44782170215384953 0.1594883175751285
0.9093170432796467 0.8643395035658663
0.11352435751477263 0.6702498946151643
0.3488233035292736 0.828925697004093
0.9185408392036569 0.5445121076632868
0.19969639869934408 0.14891635729271324
0.4230528308992154 0.3447717948814537
0.8559483590788677 0.0727103974840726
0.45503778018006 0.8926354637245235
0.664349795016459 0.2848086122938598
0.8951889578850458 0.8741430735617073
0.2883916996994049 0.34479047675697494
0.03348855317019517 0.4501533350269187
0.9702101323827488 0.20420038000451224
0.41335903697996956 0.14877449765256445
0.6365635956196614 0.6658447031862036
0.3817170346386316 0.9443421660756397
0.33443705889974407 0.19878539856885769
0.6206643213223779 0.48245649608594743
0.7107376368670115 0.7553545150938594
0.9577179502760578 0.9720545152140627
0.20736557329216887 0.64921035867243
0.5579977393693785 0.5391122620885567
0.4374431721242029 0.826993089543627
0.21820314330829693 0.8900192112229022
0.6078991284484296 0.7038878694342723
0.8901704624903259 0.018782057416382836
0.7970162997242984 0.7488548974396361
0.008705949669703283 0.29898201492063126
0.9913755391798051 0.5081898119676231
0.9359903369834186 0.3666249571420628
0.8462161367345649 0.10774325856306999
0.3917338411763569 0.48109473367045696
0.4471863745460438 0.717382745360958
0.9725707553353644 0.09252127910643915
0.2122187882444646 0.634140215924508
0.9096256669316978 0.31882559479307937
0.11909180149458365 0.921588179643837
0.6348687348877009 0.8826470745310575
0.964221710567194 0.12335545450990693
0.906098272596555 0.2781795116127901
0.45764326539185074 0.7637736175121992
0.951358744333908 0.45593368362411724
0.023799832873149684 0.39244893543052095
0.9914180143052329 0.3378684992872547
0.7204424167128789 0.8253709714029405
0.9033287762081772 0.3821014513326795
0.7045004679053002 0.3645334174527659
0.9226302106498436 0.7287222723711368
0.9341505950319386 0.7406655928834194
0.6834350654165406 0.3584192439464755
0.717710133661708 0.6869993238048453
0.8842828722624532 0.2876342764460651
0.49635663507834327 0.1967482414775028
0.15739481321000715 0.7407357086686104
0.19102614279590346 0.5417557991325495
0.8517577723654586 0.6818180846157909
0.9573234569139049 0.7403076726850393
0.2005215198420589 0.555371106289005
0.13027944963358995 0.2282416844904478
0.8994704382737966 0.5485722197067877
0.0130126636406942 0.8575321159138627
0.6177900817134232 0.9934267961926739
0.790859669902354 0.9165310166544653
0.745029511843686 0.2938053006699053
0.10172207292958024 0.7764119124772253
0.7104644688843442 0.4494265360690557
0.4846103561523829 0.38723548081074277
0.5272544769893661 0.2385649033292745
0.4139035930721091 0.04718898910294045
0.2648250483890442 0.2064369369621566
0.8325622878041856 0.6277947251531526
0.18235829788809688 0.4964729938536434
0.7891210362162906 0.6765158879663404
0.44170748092571244 0.5239472095625053
0.67663136484696 0.19145930773107311
0.29863599127078455 0.7799463761108536
0.506428419778522 0.4546437757402304
0.5031844013651863 0.5196094022430151
0.4797554561713162 0.8222254812522958
0.3227844229698562 0.35470342381689135
0.015472284005005887 0.41185585471589525
0.2128285704891839 0.7935447655032617
0.08529006455667831 0.6540680695605585
0.0868464165666527 0.5865308123666095
0.5567685238761091 0.9682489782516057
0.5671703499369622 0.9517120427549195
0.004775766961350403 0.5714810847370448
0.15432752422329732 0.9489368894295398
0.11634751209122696 0.03318247554573972
0.3691219133467101 0.8241535974878782
0.040018643856190694 0.26751746431343104
0.0727694585070302 0.08535082945095729
0.8832140887793738 0.2756703089654191
0.21922240119724967 0.028930151994736697
0.2522427157720202 0.47351125619927803
0.6236695002097661 0.8628946846636136
0.049424756468163134 0.18083144869254464
0.08439735818850091 0.8503327088907053
0.546154787143502 0.26992730317245006
0.48062299121695173 0.6675854751280872
0.0829004308529977 0.7293189790775236
0.7624854762609199 0.6927782856212084
