10 8 100 3
666 966 271 612 416 877 389 274 633 1029
932 613 949 1951 271 246 789 209 994 701
1029 800 2017 1153 1472 485 436 1012 203 635
763 1853 2001 1248 1592 1821 642 462 403 230
1526 1175 1899 1404 1357 1163 1159 924 709 868
1480 1210 1537 1767 1840 1345 1785 1408 833 710
1515 1353 1459 2021 1226 1218 1603 452 715 606
229 1660 1174 1810 1480 2238 896 911 1039 535
355 658 1873 1249 2220 600 578 216 1031 265
863 298 597 1380 868 512 814 561 334 444
0 9
9 6
7 9
4 3
6 6
0 3
0 8
3 5
0.34677897930236273 0.7718460275177952 0.5837112579117345 0.604121408962858 0.12130964130267144
0.4332534768071724 0.9269316093392199 0.8828200282143916 0.4893071558011896 0.31019039521343583
0.515663691107484 0.9667466743894995 0.5050193845915741 0.9231838656650468 0.2595654776069243
0.3218833198924451 0.4629302939602153 0.5164521878097569 0.8472650065118004 0.4071464514757547
0.39241166867303706 0.6207787979611059 0.7743824932382901 0.9650535604768486 0.24236925301291345
0.6806124765828179 0.6848379231885581 0.6568149618119159 0.5883103066091757 0.1792320504057126
0.3864673141299403 0.8749541111011441 0.9721576767061653 0.930706856274256 0.1316485742370384
0.007104432940734817 0.43347046809947476
0.4861862642603343 0.004342926287299154
0.16149907228269167 0.8043896689702701
0.320162905364032 0.9256813171563258
0.5789032556821594 0.06284910049998627
0.4758830234042697 0.12643741925327423
0.7119772442676906 0.9201558810992823
0.5924991375899349 0.5047005338258146
0.7449713356594465 0.31391763862342725
0.8399518118146005 0.7396653499510253
0.6833390549773994 0.7900721962429043
0.6149638367178261 0.9663885968572163
0.9027719397004403 0.21333573300541508
0.6644456505290965 0.1667114082176
0.24978216388742802 0.36752504546971076
0.16720899863468053 0.574148058180828
0.36758708030226206 0.8670159661834129
0.650729041501743 0.5806885122370979
0.9481486937176187 0.08021930258760945
0.607112415443348 0.4101600555765361
0.8969494228034411 0.9796056297687348
0.9350037656607886 0.5629633168818351
0.949496338690502 0.8101588408560425
0.8412102674240052 0.24210721694904924
0.9335492055604664 0.47015419509352263
0.9768021570375853 0.31265498038160744
0.16371709848100746 0.10767226776126093
0.48993915765069684 0.09067022910226807
0.32981690536143593 0.781520869595905
0.22771405847111836 0.4239511048466964
0.4748704717164658 0.4681843259614695
0.5301871952261146 0.30332107582364554
0.9597712116128876 0.6241109758970316
0.5463436471805652 0.21535916182265957
0.8420011962625238 0.7155569964069775
0.08792492457282175 0.8565348803905657
0.05673375608779785 0.831352348499065
0.9122124929252868 0.26805324960591825
0.4659569831567718 0.7937317071636325
0.18987193974194683 0.15572908954367293
0.4572876197030413 0.9989503986964716
0.22552932706879725 0.19764401292209977
0.7244046442808696 0.3836281914282933
0.7584029336438147 0.2542192858261807
0.20691372469464908 0.3758693053945741
0.9228791260110045 0.18799134233627024
0.8130017053512795 0.22159970933527529
0.8877902521725527 0.8739313956463406
0.5670597542276312 0.3494585261084062
0.6822181831429908 0.01510248495498101
0.5137807426184682 0.904448665080084
0.5817401254890984 0.9604780674771127
0.3746811493346127 0.463499723867719
0.1837510336883239 0.5346783860311863
0.27197199570753194 0.3216948507399906
0.4889047340895549 0.3785607194641667
0.668397657572346 0.012591177572604195
0.993688571613307 0.11684782615350309
0.2979733496912278 0.3931736053702122
0.48789101667767976 0.36226634912150013
0.9816825977003212 0.1293007612609427
0.8439473354634077 0.010442534579091278
0.41135812716800335 0.2824541099494293
0.443822851622532 0.3558420638175146
0.14429649692510815 0.6854508656129341
0.4120374061310714 0.10187010298162091
0.9783604752155242 0.7647597969772963
0.9581972316789316 0.6582347959264463
0.31490039545903636 0.5521225707574586
0.13495873633405653 0.12334279280782412
0.5928256966304426 0.8358969702529124
0.5901654904587261 0.2877683766063124
0.05366078724291223 0.7092329207889632
0.6378640010682939 0.32476297577780633
0.7018953731875988 0.26953641435896336
0.3603184241023343 0.3522394941653013
0.58383855229011 0.9939629806192187
0.5350110306294777 0.5153863137037262
0.345415645766342 0.5558985427857528
0.1551898662946749 0.30839531239583806
0.7141336840462733 0.18784667268053834
0.24230599916644313 0.6279552057160287
0.2720727240703622 0.41800707190902187
0.4336554552999867 0.8049041814935789
0.5974817486024395 0.2072910187219419
0.23479834860578253 0.3702323031726882
0.14990171231741822 0.12568556893810268
0.5323635904855428 0.237341225224049
0.6469535664249726 0.2610455318691105
0.22272485031361167 0.2964293742405497
0.4060136848879259 0.916148457593728
0.7464517884928754 0.37197994240533605
0.6803942220069881 0.19907443242102607
0.5520298566486703 0.15193852542843445
0.6069970448593296 0.2882708673021277
0.08485911417774683 0.5014666502777567
0.9932276183057924 0.9459190346225042
0.21455710307188802 0.7292464924432409
0.9703809510774946 0.7988205436355706
0.24531887368123084 0.680161453911323
0.441897011514665 0.7722385022348779
0.6870997329161646 0.6159805418937518
0.3649890562040825 0.1203683747362243
0.4700961137475177 0.9925811412352108
0.08871240975728889 0.8897243963985777
0.5264092436112366 0.8498251285161329
0.0539268116474001 0.9151575251082056
0.9555103193012486 0.8826236563717658
0.9435876943050132 0.9410651710803049
0.7650667978431414 0.01824151793096318
0.2613152125824105 0.27393786996120095
0.7434999892884051 0.15933387152533984
0.8517301431982272 0.5579273181287168
0.18681275135379982 0.41158012048339
0.5074536124176043 0.11656378590053862
0.9096934821064948 0.6958949356946347
0.610746529761786 0.5105641796757947
0.6212122888904243 0.12640759419564107
0.3938034214097228 0.2271430060539752
0.21933657301044307 0.16645781415604577
0.6548219999889515 0.3248629410608814
0.9112631363062014 0.15791097513797148
0.21880876579966668 0.4242428764268855
0.5607164334124739 0.33367311750625483
0.21195254515106665 0.15747151269497417
0.011769117273917606 0.4182700724631059
0.489212740577605 0.5891859225423839
0.2841407223977528 0.9471726947735652
0.3846556620612753 0.22914233053467492
0.2992411304843001 0.9611204494533874
0.40968360341756305 0.6757304115555669
0.36551005748236154 0.9767191818615237
0.5563902877562787 0.8620044903042483
0.8728854318277994 0.9099641496028077
0.7899982259374971 0.46108788385617894
0.41646286675820754 0.5246476346154607
0.25358613092336824 0.879972903886518
0.4483918801907931 0.6692882674611671
0.4726447314308475 0.2774827840836258
0.248211658451988 0.5532856041845995
0.727897801862474 0.03924955861987667
0.3381344532641737 0.44771587719901595
0.45930326080527717 0.04627148331958186
0.30292381648184374 0.19212121643658175
0.8061238648255171 0.42252874895211257
0.4844540579976777 0.6352034658629255
0.5691287939170822 0.6231863586603086
0.4766232032758433 0.051385039849738856
0.19232756219689184 0.526930062974946
0.16450794611188324 0.21715023058880756
0.1876796287578666 0.6138211750282063
0.07575099099013394 0.2905163596381024
0.2697039693860337 0.6188259668642193
0.2250458787048677 0.8251225987395052
0.8205722028878932 0.9347690987531201
0.4356903852891463 0.07676820407506746
0.24938276265885428 0.6947559510054842
0.8926571007255384 0.006459273762722706
0.7060682014811537 0.41769442073771446
0.8574851683439011 0.8055141662721719
0.38732360953056433 0.5895748872380067
0.5378693531035854 0.5810822866130323
0.6788197393310371 0.7010001432836794
0.23635637887360894 0.7126557429132792
0.5824854983543126 0.9521581628814124
0.11937930667753216 0.06959540460002422
0.5284148601743586 0.43970657629903265
0.6387647183210865 0.33674706568980217
0.2139502828322486 0.7266608940754187
0.3867759871029568 0.8998771228903408
0.34835632620484236 0.3240807857928041
0.5475175854814129 0.7492514645813066
0.5126291462667092 0.45862688452484557
0.6036786412674835 0.19260810654116756
0.8019732813310403 0.5078439313136403
0.10982791664146241 0.0625742265907161
0.3688700211721856 0.32396141495941166
0.853093906118817 0.6571454464756934
0.12518772053828497 0.23513737151280512
0.2868735294998215 0.44617365839605516
0.2756480004417785 0.4023085326125331
0.6666534440770924 0.24072850623285103
0.19511799229213822 0.5990844362532537
0.8407560596594661 0.07541233939681469
0.17746911515745967 0.21094661935128367
0.1365489107007014 0.6685955297502209
0.6381772033058062 0.16626645724347933
0.5329755893033015 0.43874651391180763
0.26351880766207736 0.4209661172185004
0.9285651770173009 0.5113856611624836
0.15747472723176936 0.7908273788066615
0.6928415935467938 0.5443518264919165
0.9181451460714214 0.19485721668668043
0.2822092158121152 0.6209447029246553
0.9962415153889137 0.20045820629057043
0.8666293187159444 0.6975347856232004
0.807098480594318 0.7370990829624773
0.05456222188438087 0.5315680430518956
0.8891898319635831 0.795567150126077
0.8225303328280289 0.27679216124511896
0.9342433561119019 0.6116150896588821
0.3005256500567237 0.5850834931433246
0.12116423435922363 0.5660934314240633
0.47397208385133993 0.5628037589733734
0.17587671403098892 0.40593015013167677
0.6684704301440236 0.21355934620865868
0.6712008186796243 0.5825378352887867
0.13081804274608055 0.8490828949603466
0.15857033769305784 0.8983803194984565
0.7193098132131701 0.6876577952497032
0.41833967061111665 0.6011117893664513
0.06860241153142832 0.9781239662315155
0.7801921460928849 0.47645685164410057
0.2493983442932588 0.8923971278847151
0.1973765275575945 0.3520106759161692
0.5307095858279454 0.7154764827736957
0.4792334555416158 0.5645217269697937
0.8812389320647318 0.039950647162110275
0.9797372027197981 0.32098417483316277
0.09352960799473586 0.6621205452278938
0.6309602480836576 0.6083611622224263
0.7699773326803254 0.7411319061212358
0.8256231488190144 0.3984483602869151
0.34949741998308115 0.19572705278230718
0.47032536958764304 0.4907902472023127
0.1906813559188676 0.43751815187375254
0.055793131360300174 0.06359509701255406
0.10446398909896804 0.9896290830038763
0.568546440873924 0.4154765367671738
0.9911920449104223 0.45356777082612587
0.18412335239038957 0.22680385901049327
0.20156527867314455 0.22453408461713398
0.9866466954256459 0.9051731047460319
0.6742056627467334 0.08640377186013848
0.9020079507834644 0.5562788719050702
0.7500327306566095 0.1770742931624174
0.9342144955434963 0.9835839088937048
0.18586087540192464 0.20864696014137496
0.7539871806903533 0.5975729482974288
0.67869540127851 0.46365303298429184
0.90722118120278 0.05671670830347986
0.9288283061734619 0.11540169677975198
0.8709145112866581 0.135542772559903
0.474869120925308 0.8893154692574028
0.7980153601669979 0.521981287233636
0.5379747350936579 0.9143215411185763
0.8152334438694928 0.9044702393563477
0.5238497636512682 0.8056924815982183
0.8428119483407179 0.603321896187595
0.044619903554615536 0.6179242673515795
0.5839570977750534 0.025893861524929784
0.08948169432111208 0.3438011447781679
0.15048816582244062 0.812516554007793
0.24279751749804457 0.6581790669153067
0.5673737836064845 0.9555619926133485
0.10192763414255301 0.21869093727164302
0.985632365968822 0.25980768137183263
0.6421908485980137 0.262365627963729
0.33823567663188925 0.0673684565084065
0.10652202388723842 0.3360684907104168
0.03917053095491374 0.0021015875390304473
0.6922548396620338 0.17078859350282083
0.13113221082389592 0.4464319565760091
0.5804046971867862 0.1743639123209988
0.5722706660332877 0.2874448475348863
0.6462156528852276 0.789603479451221
0.41567646699760097 0.135122152373081
0.7285789037329964 0.47700964355466624
0.5048453355637819 0.5139416397731729
0.035176987950413796 0.5526099817460053
0.7315316801203664 0.818814802305627
0.7495628568134916 0.6422551964808776
0.9787217567280491 0.7091533597871014
0.6912775767514854 0.8233745477985577
0.09326215076389777 0.0458984823568418
0.9346215912807312 0.8480434310349918
0.4253853037641384 0.15767986987982363
0.40503801751621515 0.8204508718839589
0.7248814802964214 0.7290788637140484
0.5255303411163215 0.5209550094047397
0.3121184590333579 0.4110038123337414
0.3988670141948536 0.7885580894091733
0.7486093865804004 0.8700131266024798
0.952504465594509 0.15282939106006443
0.5309276657463697 0.001783706164404597
0.11655809820482332 0.048206487073714666
0.7337241856312218 0.1485879103661889
0.2622176677892143 0.43016648449586525
0.3599474354517256 0.03622751903247967
0.7958729838870635 0.7790846488117293
0.49247512742316113 0.07874039656686493
0.5498940637644691 0.9417828505900572
0.8083334426231896 0.5049479673417694
0.05134723337436853 0.39561055923514066
0.8749055846407825 0.25950873519429574
0.6824363802149924 0.8207256283366695
0.2959873255550882 0.056918949604151337
0.5805885902230286 0.10281118744372275
0.3966300869041177 0.8726339002569037
0.4390251357842547 0.2807845244054119
0.008609423227900148 0.07283698493114676
0.4085797533618911 0.7156710612251933
0.435274918195111 0.38062968349250315
0.44773117248006766 0.9236501248130911
0.45345049049796904 0.858487095978328
0.9805336450482991 0.6775249286800327
0.4613320379112502 0.09524446447578461
0.577949513518156 0.04908322911680307
0.4815969243080458 0.32104838735186925
0.5044211141510135 0.5078246130047994
0.14162285817580145 0.18873709893018464
0.1439883891710536 0.43947122070680655
0.7462816291977197 0.31927435165467943
0.2589647716567627 0.06461180556876234
0.6480371435352883 0.045386780097242285
0.0223636875396116 0.9506612666340761
0.6778108115750676 0.4239815879848039
0.2699307822242234 0.9758243860841886
0.8445160808317889 0.27615431478991104
0.28269413840545066 0.25549474042501386
0.3508283736212685 0.6845857021301052
0.8414016358741303 0.8775391499640386
0.3084707361636403 0.7930668575465905
0.7158988064129499 0.04717573723520796
0.33649130887227274 0.42420884175778184
0.5314296273895041 0.7747701510771612
0.8945789035291511 0.967422906387172
0.4569876468966978 0.9964343791392432
0.19776344176916272 0.18665294279479072
0.7279382473628861 0.05707917309291255
0.5981374629783969 0.564416370315844
0.4305474576477728 0.6901236010184413
0.6814074760107494 0.13764560705097817
0.9887755927176869 0.1490304264091551
0.2455446486466406 0.12665700719805328
0.07830120863856616 0.5994780464590324
0.6186207312139269 0.9668671168048157
0.06624418591456593 0.8949684214694134
0.4959071662490717 0.2866739966263938
0.7889472692883892 0.7631001976642238
0.5359799036166719 0.9855433959919921
0.2708363035690873 0.2842684029030531
0.24491196190470932 0.16459265241876486
0.6991668028512532 0.8545158606837924
0.35667004256819634 0.505114931487443
0.8331676923847875 0.7411994740954699
0.7197994556345735 0.8455715908671841
0.39634654776777745 0.47953148052053063
0.5677205929157312 0.20188864995429934
0.6974484424907696 0.980340693688051
0.29833849759807696 0.4286413160176301
0.6894180159903076 0.5262587309367506
0.839589213450757 0.6959188475170659
0.29646399652910205 0.8459992662206506
0.7729441621116164 0.13491583688717546
0.9974791839454591 0.9001285236331094
0.918724993112854 0.934845723997491
0.14725994945371745 0.9927993663483772
0.6997681920578345 0.5373129705686637
0.20127742119452452 0.414512983851304
0.5705765106816738 0.8860703296691208
0.22759360280126018 0.5517237374213799
0.0631723755324547 0.6767760941699819
0.0217371854660815 0.5812785541541894
0.09532576739300924 0.6556031561380724
0.7219472233043209 0.043954033190692465
0.4504485020229152 0.43582101841583154
0.30524102362065086 0.002965999311233425
0.5528585963797228 0.019437807107035576
0.2427735389436918 0.6201852164103132
0.6818710604557328 0.9034641010158961
0.6714750970090617 0.21992076591106624
0.006045791249915888 0.2833915185330276
0.6390266257771897 0.29325294918244804
0.1930727565132413 0.3773596219109312
0.8208626505728682 0.6456902697618501
0.5033584281098742 0.6436689488289515
0.47706020825593676 0.4363979341383062
0.24139690999494 0.336515536575269
0.22746108068793713 0.8460774082625446
0.40727640652047414 0.5724555906387638
0.1597522963682474 0.8018583017824825
0.8122598802504648 0.3473862374832324
0.6444521429034078 0.7918252364261422
0.05323876314468201 0.11055637110843786
0.4330150930706014 0.06377258223933957
0.1646382711207457 0.7125905848831613
0.9555506532371365 0.603831406223813
0.8220124238399777 0.5032274888307329
0.31483419216940645 0.5471228340206873
0.5822739504878918 0.5741777333962252
0.8121099370497868 0.05749177286690421
0.2765869407140271 0.21000449412695965
0.7658538560246697 0.07451406583951004
0.8039658808673551 0.6453436500353031
0.9234979063081801 0.12614580475428183
0.7427800957434707 0.4839645883764163
0.4645558727098682 0.8168197671944919
0.526455616841581 0.9674669613289442
0.40220903736223823 0.2999673534346021
0.9323241774333233 0.603433519908396
0.6045544232443611 0.05892468582173893
0.7886504561899768 0.43558285614697256
0.2528259923099365 0.7025050968684832
0.41914918930358525 0.2849321312738433
0.4127122554918352 0.3775319386487044
0.7423554361877167 0.7040659452716393
0.5976033962124763 0.5031427778996569
0.022092069714191087 0.9618725195458024
0.46202026749886094 0.5627646550811018
0.2241212823087264 0.055262953786809677
0.031324903843904295 0.29325849639132295
0.8986477116923253 0.30968614371816794
0.9999648384186399 0.7369603962069742
0.5988668217193849 0.5014028973903066
0.7852022167160815 0.7805201032223472
0.8596607124484981 0.915652643604338
0.05818520381995396 0.2669371184649578
0.9237047426338207 0.3151816514660968
0.23946434459099386 0.9691119535193347
0.28895130722621576 0.03146379567116475
0.7360299259652623 0.1512599613660066
0.0050142650948996614 0.11463920033375374
0.815368799563007 0.8641251657874343
0.6201805374773919 0.47654688299808345
0.7962282148895943 0.19572849273224535
0.022415391155757636 0.01493204869746112
0.34376368958944603 0.5144717995740495
0.5669872330653436 0.8061935207608393
0.25641976524696397 0.1270110591930047
0.4231229475529703 0.8321102652734578
0.34970585562377865 0.799925164273777
0.4577898124322639 0.3806818059944628
0.25675229133333644 0.32334889805893785
0.5531754881671007 0.2607458079351155
0.4855354363216098 0.6961465171437762
0.9639143191389778 0.6162235603857722
0.40782578745240383 0.7694852225601332
0.053265159156361985 0.6717938996047605
0.4621432907482359 0.8021635797250761
0.2281578007198033 0.1919086901245748
0.154837957262985 0.47234801876290833
0.4424163586496499 0.47307072559488006
0.04033791237914719 0.7533149285810559
0.36620728279613557 0.8380576130481829
0.2791591782953009 0.014149108422536028
0.9625917423408337 0.9975787862277223
0.49295008847824984 0.8470835944974449
0.45180394104993704 0.9066354010058812
0.9255914652752173 0.17901980659005035
0.9483798002816275 0.4943522623685337
0.11171078452517924 0.21475951769542223
0.8470714102100587 0.1902528482674648
0.467675828510713 0.04299520691829928
0.1037889822428717 0.5864429785338987
0.602042270112314 0.7819351348103987
0.8239814630460924 0.0745277787618066
0.6578746617333109 0.80820100638449
0.5955862497774023 0.35982564756994395
0.821816736204861 0.08291079506219412
0.7136164132809535 0.5588388088209113
0.05991662762833916 0.7970430696975939
0.500631420833969 0.9338554986916232
0.22035057358733878 0.7313056380700687
0.36556160912192626 0.5082833676661191
0.7433630935455915 0.7708939956003997
0.5597773940769184 0.0033961624937492996
0.18800390418844226 0.6073245807336161
0.4737225299703669 0.29875602770631215
0.45330230966147234 0.6210664371404486
0.41612937988690546 0.16188447238926118
0.46988181326414247 0.38442837781552686
0.2786936824089892 0.1698711774952264
0.7267412904814645 0.6280352522393253
0.36954544657594623 0.35188523074880274
0.9592202857885701 0.1958292944656692
0.7976043791424803 0.7619218428998658
0.6846060318532319 0.5768101067693698
0.2686007874105789 0.000041056927765792395
0.9568156907599303 0.4369341872621988
0.5049275289425341 0.5561880129246635
0.5567722774877812 0.8391193173416629
0.04796192162479418 0.43850010714533494
0.9106473075745032 0.45679718127023694
0.6627666622100554 0.22677526206287513
0.8140397733908358 0.9329711264212206
0.12148425844832933 0.7393846906906822
0.5336186047368638 0.4310525538744574
0.08592905912345339 0.06534766313839868
0.17800835626589495 0.5626068989344442
0.5426508613038479 0.4137120636830389
0.5702503112446085 0.5150795184395633
0.8918839184222986 0.09619847344577459
0.37645964262067033 0.12627553644041534
0.7298435387233151 0.9456908857349458
0.8876448888114059 0.15060761053281135
0.693890426390835 0.05569183759238139
0.966444917369677 0.5358550466300693
0.04549284279202093 0.3153993416762415
0.01804039950485281 0.5832872298090508
0.9162820319858904 0.552879324735154
0.2033342071007742 0.9912035238017802
0.14773486995734242 0.2634513597371777
0.49440048758354815 0.28967815818412657
0.6460865942372671 0.952895994158131
0.38579346490489774 0.18733717975703224
0.20471676949080364 0.2296087823946864
0.2204820445098925 0.19673682997105746
0.42725022452135764 0.9354482597188196
0.14113986940275836 0.1813983001479973
0.23545730878480353 0.4292111462005548
0.06926085947328375 0.8065963985471976
0.09758467914568558 0.16943441412833837
0.5810054964493507 0.4603871560218151
0.5865798671730333 0.5499176708420461
0.15982359943522417 0.6365863497160973
0.11572466448623775 0.32603337762508566
0.6803288614649796 0.13645208884169935
0.2938729836148941 0.5682187220707233
0.7290114676806203 0.4217906823614974
0.5750688513553319 0.3728923344145181
0.4159684810565427 0.40343580613449004
0.7764890374224751 0.6537576431539538
0.8552954388994756 0.03984044523358499
0.45729774315395977 0.7759595919281508
0.25355483568545867 0.10447412592769423
0.709839963095872 0.005386284405260122
0.1850904280539467 0.058614309577110335
0.6703464419235026 0.7396103953372575
0.46121215055279885 0.03419840435655064
0.5330851699230872 0.561355077169684
0.6616726722269295 0.48791128409513407
0.8382055942485276 0.24136261053512253
0.3198796159424673 0.09085750710541651
0.5376569842853658 0.026135677743933217
0.5851943689978536 0.9552234728650677
0.16158300624239286 0.14518878718766692
0.5557764664278024 0.37602450018201594
0.9448906256548366 0.5951938800175891
0.1290775804358839 0.3732993157363793
0.5531980854820615 0.8516295456213614
0.45751308161946924 0.39646647624603926
0.10433134685832801 0.9198432706757851
0.36322785231351107 0.5598086257819359
0.7887314024462055 0.11214068659498255
0.6254972710019397 0.021574553618799452
0.7629572963150424 0.2568925400315194
0.6755404601144215 0.0011957399458626394
0.30082134921212544 0.32950478633553426
0.7627394938499419 0.03375232045490506
0.14212684181602997 0.2927096333145638
0.6192251188522844 0.8409309659121906
0.7337178193703326 0.13985075494936372
0.222588699645363 0.1184560421566665
0.9131156219210084 0.5374300352446804
0.3618103117231857 0.49097674083623843
0.7847264299237882 0.08707650565746183
0.886902228252882 0.6577923838920461
0.9820775231319103 0.07312751955217789
0.7661196065676126 0.21411911828804575
0.6751283378236668 0.7787912962190517
0.2676210015296294 0.731973816985449
0.8093261560480423 0.4990280257662896
0.2394371254057479 0.7127736536630338
0.11478113127861045 0.17887533623284968
0.47845388975349445 0.08382799581261491
0.4006298048322168 0.8432268396067109
0.4073494337520005 0.8987924900816919
0.9228745422998974 0.3201453101730327
0.8274361436965463 0.032977160684351414
0.8940966128735663 0.3818131225333141
0.18815672649495752 0.9460189259188012
0.7279750042449036 0.4526575689525807
0.940158996714501 0.3809107896608659
0.35023024583670215 0.03353571976436487
0.8880169252724595 0.27623620462378207
0.5954329364507722 0.8850370457027179
0.10878673882415768 0.36707588379768596
0.9413359816139697 0.9186092697932879
0.24280757717921997 0.8520868903595886
0.09468003752946608 0.4755999397383981
0.8676385001081202 0.30511931581402063
0.8064300223688969 0.014926097657035564
0.19340739786544026 0.983552300264668
0.026150324779408374 0.8956662925319905
0.41266341822754415 0.5533232925051559
0.23985135757503828 0.5024383615237449
0.1044107884125165 0.8515620896615586
0.9257809911242814 0.22414720052331316
0.4168114124978941 0.6501773516063736
0.912100177118504 0.8855743771058986
0.9872611937717493 0.5076300986176985
0.8019332006910342 0.9379519626486301
0.18041872597156128 0.42364487389976446
0.540691738264564 0.07384727422245918
0.5482096514982857 0.6910364911576283
0.7866582764815166 0.7997285051648451
0.5978218749437785 0.7420343535982776
0.09317961815763964 0.8811119672997163
0.13445344240504076 0.06716156493942371
0.26216860520645224 0.3681803874019549
0.933587916212044 0.7986428851013398
0.037156562202036225 0.28623526734771465
0.25749195678404035 0.22386325949607122
0.5321915898955827 0.44251578513366696
0.5180262547782286 0.47544363221787633
0.007913197260423166 0.5044592205979879
0.7113291086639248 0.6404629749916146
0.2018730241422415 0.08372946253505065
0.930327493048928 0.43278273139145584
0.636555947471843 0.33849936824534765
0.5060733957018593 0.13729803876226576
0.016723180180925334 0.9238737618529571
0.9561699328547704 0.4534415538748191
0.3203166589766411 0.6964364805972727
0.3904880051916302 0.43489361022664386
0.5502009405451544 0.6384388004620236
0.0012213101338716115 0.9029584300924851
0.13895426174661907 0.938163925146527
0.5510489824812397 0.9159518082742772
0.13098396608100926 0.4435486155388282
0.013181515093315888 0.8085289075666156
0.18498156438237312 0.7653668338110478
0.28684660572566556 0.40862138430375095
0.10713297337011163 0.175630310732376
0.14286076336455422 0.4821586462275642
0.5536360461278873 0.30721059725689015
0.904189402509646 0.6256551708154385
0.4526260690527375 0.21621711391334442
0.7439967234108236 0.7207881882704363
0.4792227297401228 0.18503737017765132
0.08017836135706369 0.9196213879505399
0.4990204113951826 0.5611242266767342
0.0019092463345320443 0.0031014248917007325
0.24982163226613774 0.5549161220779633
0.4418443661756748 0.8408648640748486
0.8786631032744177 0.5648715627042766
0.8213739959052384 0.15116980154710635
0.8875746566245655 0.6256542032049819
0.05815495167351781 0.3660900372640563
0.1323995776318223 0.6419608833030641
0.4212118588591962 0.3936526439914443
0.2868417090558688 0.6345781678530666
0.2651049965033152 0.48831522013516504
0.6427255686097788 0.18801307696851577
0.1895400028939782 0.17303490800736765
0.04327276065859009 0.5025355891529855
0.9843920516355336 0.9954297335660025
0.24804805058904678 0.9793460845805351
0.706586868605928 0.814954700263548
0.8446672443019125 0.9178118414976097
0.9340627684717135 0.9864310814546553
0.770875763884745 0.4559396305927246
0.5257984761467822 0.20707643692674726
0.19750639609952492 0.30562768099502
0.7382732360210951 0.6713734442698076
0.6304480217107744 0.83916713776255
0.4022236240046013 0.11786639092800066
0.13425960601934261 0.2655648013364649
0.338598362902393 0.7670457818389638
0.5161406814125584 0.29712184035185807
0.1951135444401335 0.98018390297521
0.5592073863810518 0.0894170947026498
0.7463701375492033 0.5937968340882707
0.7833206092495035 0.37409237709256704
0.3838809717369098 0.993341808375493
0.18759188484114242 0.34225251596335826
0.32264578749785033 0.11105622872909704
0.23972828682263647 0.7681890288182016
0.5755067022939455 0.22474486040260766
0.4014274472271251 0.06926628991521766
0.4478086665101828 0.5593802067918683
0.843663778401766 0.6880542590996526
0.037911390395633404 0.6780724614540763
0.8147459871981433 0.684673565010183
0.46422136337829567 0.3610129427219815
0.666564236940522 0.868151702694534
0.8096338997529327 0.5799644097707819
0.2828774681429309 0.2952570069496949
0.7230520414186836 0.7293322125255286
0.9802778755346473 0.05098605157772029
0.24075392515500127 0.43624863555959426
0.5013545311118817 0.8517166389514914
0.8138850563427504 0.5155872528781504
0.04000223346600973 0.2681336938829575
0.7757249241294877 0.09167387709478891
0.5259592599366181 0.1901578724941757
0.514018626640776 0.5700432709943806
0.339587533677967 0.07912200065269048
0.3838040836512986 0.9885741329123165
0.8838073467120136 0.26006442886295744
0.11120933172785441 0.4669376347234515
0.7642529914207303 0.6450123178466607
0.21758774016918325 0.2712168945981377
0.17019637822922862 0.02308708872856191
0.18420147241500717 0.8018961712903299
0.15388049383063085 0.08509041671348383
0.45783744880734956 0.7325872833517448
0.30609209974941853 0.8102048054217548
0.977453811736918 0.8886224284472393
