10 7 100 5
778 1079 1208 1216 1529 1494 1283 1283 951 771
1264 1252 1254 1763 1467 1403 1370 1115 979 786
933 1092 1674 1465 1489 1601 1525 1336 967 993
1034 1210 1368 1616 1629 1773 1322 1460 890 945
951 1370 1135 1360 1563 1376 1454 1242 926 914
850 1188 1103 1223 1080 1083 1352 1075 1019 517
697 672 1006 1233 1032 787 866 658 568 384
759 679 564 623 723 969 645 782 635 725
440 697 625 515 493 719 712 777 575 590
271 630 566 616 724 398 738 287 638 634
5 6
4 7
1 5
2 3
8 1
2 8
6 2
0.9785463323770902 0.9957323536220968 0.6436324057676313 0.3003000016798012 0.36487429487968326
0.8151624294570465 0.6765579567428983 0.5493967341288158 0.38118617153868356 0.3648384752082622
0.9084547272664296 0.8804587674929938 0.4040761971637906 0.48814402688336694 0.26810526711450255
0.5362895000603711 0.8906899855629573 0.496792327216577 0.42469097954309104 0.15718347660694665
0.6847093261004686 0.48844077075046705 0.972476497943666 0.44110713943669694 0.44693799122420386
0.9131557076697476 0.9429968918790574 0.6942794179288556 0.5847174441650045 0.3676414196250478
0.7579530915607029 0.41772429661432975
0.41177852533544534 0.7315468492187072
0.26690641864165543 0.929918105738871
0.060172189036522994 0.5094726557555886
0.7521993980570896 0.45793258017887206
0.5953692211030144 0.31913002517513545
0.4424446898543155 0.15175451661326722
0.23903354179081804 0.6823248015147245
0.40425192858599357 0.19111586649916945
0.09197895033540515 0.2935574735345692
0.7791208745230684 0.3170670340994357
0.5876999272280772 0.5050105694038447
0.7862180505434557 0.4052498409506473
0.9980192885999088 0.24088573248269873
0.07657836556979025 0.5064955147873189
0.8952039597869728 0.46514829307853756
0.6538533860493083 0.8958785621764225
0.5309435720338191 0.5147260070707358
0.7051481491927429 0.14511047202975047
0.17326951801749502 0.3450503263702791
0.9339290930161936 0.014292784137720727
0.7714526467852216 0.27897364513086087
0.1851683871903722 0.46765374754235434
0.20711424200659745 0.0687806747209243
0.6405288370645552 0.496198684821741
0.04499419003254723 0.01914852246893628
0.3581805843483663 0.22993772860614614
0.6536927756357545 0.5399726988658655
0.32879233501783456 0.5082791425812432
0.38346934821942824 0.28047632973289516
0.19335894957030475 0.2784403254214387
0.7922101299827158 0.9527254325568117
0.9529349219608909 0.18750468683822707
0.12507693072093917 0.08165936914865224
0.4625651526557124 0.29344200728581926
0.8159244991580932 0.41937057013756496
0.7660483157714935 0.07885703229258478
0.3178938090120167 0.5274303763546158
0.462066687988268 0.5250111352230784
0.30618343943093485 0.02075185559269488
0.2031735937184933 0.539314981079227
0.3552590901611443 0.45755271680533793
0.15562089146891545 0.24246002137821576
0.5381464397950873 0.6747818924736506
0.20776408415438197 0.34193789298489885
0.04511009751552475 0.4968606395562418
0.42766957438460396 0.9214584145808755
0.37986536792832326 0.6048164214202738
0.09854397979075058 0.4083896467487176
0.4526376970070525 0.9638721063240343
0.6535548842743382 0.0323536360962684
0.082565349329772 0.016965471042948765
0.38468014584600385 0.3827082594429587
0.9246793056244098 0.7931696243173789
0.9730881662681996 0.7524846582533713
0.6257746791948808 0.37480158008191067
0.12759279398048995 0.6073351133625844
0.8048280551922451 0.4607170557888014
0.2663739909710283 0.4001924816100979
0.17265908563083698 0.33459217156032306
0.5135543156400739 0.4775647067660751
0.21221177471924513 0.17356747899484914
0.7639773093873263 0.8178391742025277
0.7600557664844678 0.5024115855717342
0.3048442554200568 0.02130547139902883
0.0968153308473172 0.5357054791288676
0.9794933812107454 0.9109996146649593
0.20521375532803776 0.027062609040254815
0.10654007852300751 0.5791400262820761
0.2239114705676839 0.8275153362540029
0.0009246748566094087 0.12102984312518217
0.01442307219822836 0.9525897790255835
0.35502121898305283 0.7671743105310238
0.9438136536550972 0.3812301807265275
0.8520907982536565 0.055596230842412275
0.8074200115733179 0.39964124547223445
0.5160939208949726 0.20823604244337846
0.6440610204447523 0.7179834053830949
0.36586925254046543 0.274074959251295
0.9976500766756455 0.008386750256495379
0.6343950919650863 0.21043174481009297
0.17212045379493035 0.0662074382608342
0.25433299618705374 0.08787344345187909
0.9428121249685617 0.9167782543614968
0.2777310597996727 0.8824753179248401
0.6025299574870153 0.21729125588713294
0.2508660530196849 0.22191793060821463
0.6844844697414649 0.46662769574921814
0.47866827051509997 0.42689627632947325
0.9408899325323883 0.003319693917603006
0.5802577804760738 0.28317496896586913
0.3417541708810228 0.22690125566250985
0.5737897913229251 0.9642679267091223
0.8757052145582622 0.061906213102143726
0.2496570976926058 0.5202810194898455
0.4048948673247075 0.6499737852497385
0.05246520357440887 0.6715964147072933
0.6521574715969063 0.03356452915593833
0.8397974861715172 0.8177796444511747
0.650136618085168 0.9720418480702058
0.8254708045458563 0.7954548201853566
0.523094994860035 0.8511380270061752
0.36620158108343115 0.7952656058082099
0.9599573977692484 0.11091315721224904
0.4345049203229092 0.8512841185285553
0.8882149881575256 0.3267061543184824
0.5662340008605204 0.8884725428038667
0.5895258819919609 0.6960791331401384
0.7241590120472485 0.9444330300019244
0.14729858981604593 0.9735020460255133
0.6745755459891323 0.7809770719922631
0.3441564823325072 0.5203958407691611
0.47772705422582806 0.356583128077993
0.046733270042659036 0.6405924415826669
0.6571783471008514 0.8197117282102737
0.9632381412281605 0.699830656892398
0.015768025335581193 0.7017824929007555
0.9492412177149112 0.7220394485035568
0.6639715609837942 0.7892444537055865
0.305781004887679 0.3561991066774364
0.5110766188954736 0.33376850961486904
0.33686324298298587 0.807299687552292
0.6479202592785218 0.429169754049024
0.816856639215169 0.6539114726602224
0.6108472407455046 0.23724072283419972
0.5534000518377524 0.5941243758865329
0.4254511198112614 0.13634109351180634
0.7139793322742647 0.038231178061949755
0.17921799030640728 0.156037684232476
0.7837945350586839 0.0350487565006401
0.07559386097294385 0.38846879070982165
0.9227038104787084 0.0993451867789572
0.08152345028371477 0.35037973214182383
0.9643713378387848 0.6200425458270133
0.30008431802302393 0.6395023930968671
0.9236852863371479 0.45145001896896986
0.9217994229609892 0.38728952324600185
0.37820955780904675 0.2330602496782932
0.431694325578063 0.9619897589784379
0.47599526713513707 0.5573013423044457
0.13590678012668822 0.6338645867398816
0.04033086991164625 0.9691164601388174
0.2917365524289284 0.7034460787665644
0.13438470926832968 0.5369214303216685
0.07613200723133207 0.9338404769325535
0.903202856553089 0.8337065248337368
0.3445079547717391 0.7372194284303861
0.9274424391264824 0.6707538037980185
0.3428715597771219 0.8872268106079118
0.3114170255357789 0.12757018817361065
0.36157006286439297 0.8799944327091407
0.6541645408632848 0.6736968893958493
0.2543343391710051 0.7427327606223635
0.4199367288022531 0.5947180890432016
0.29016661181070913 0.30275768569841643
0.15613105304716446 0.20165963733443037
0.5560072410164965 0.844452039895109
0.6429667149616263 0.887231462674589
0.7684043738525981 0.6538389262138116
0.35072930681991865 0.31285690393349763
0.45733552629101126 0.8780039229905754
0.8561731815271723 0.9982990007018135
0.966276429331659 0.9796293593885679
0.07700508270384931 0.4635032752061121
0.5375925373420394 0.910713978054035
0.47087131689551787 0.18735604694759034
0.1703440086551602 0.6014576287265461
0.7893317862127545 0.8912339581879007
0.639126426175451 0.5746719091188843
0.6793036222880666 0.3410422757854077
0.7981996671191494 0.05368118334202765
0.05117515936609163 0.31275093061403814
0.7965584555838146 0.06937592312460805
0.6197379533253862 0.657382326519371
0.6331750593455432 0.47593531355433627
0.20291638916877552 0.5567022999127265
0.48089170739971965 0.11010736090438322
0.435060232943389 0.2844563575018788
0.7853893648520713 0.7700171474425721
0.1593947123337658 0.6593131667460859
0.4429794232329496 0.3863831420847612
0.12361781335801969 0.3275412263564399
0.6918274259794679 0.08999524473519993
0.6888799607790796 0.8476000955354273
0.9532152485457261 0.9056938634769973
0.6319393657289112 0.40378890168809844
0.9515363642307715 0.1995398040335481
0.6704019524047009 0.10173328718760288
0.5957233323990323 0.9226132428435327
0.5238114344247387 0.22645405273140762
0.3609651882524927 0.6408874546882151
0.23223892756588138 0.1223239055462979
0.10551554471243896 0.07607537262545416
0.6233894114468153 0.3058102707774837
0.15607544536283413 0.664354640531786
0.31601098249465065 0.2572299899969015
0.13662032454618944 0.15457223821893384
0.16052877290586753 0.1563992004020618
0.5683518875158531 0.705089677874456
0.627403220207658 0.6718341290144043
0.7595172802845886 0.6935819273525488
0.720261549192647 0.09425410310778792
0.31065151157046755 0.9567883162769286
0.3113040773299942 0.7986172538431557
0.6128535152751939 0.9345777005293996
0.502918544893233 0.29442552307606595
0.6802332677026559 0.4023246657369839
0.32672662877828573 0.359152645545767
0.7326253516812911 0.07986930189484331
0.3328677578650008 0.9917823424841985
0.010431764144007483 0.7154067352881817
0.6039418663758027 0.8732687748869463
0.8425211647532049 0.1649012451136378
0.06220545773013253 0.3925887091067175
0.49139198041521714 0.8395315029519475
0.20604479536916576 0.10489768179021564
0.41454910628305 0.7847641115847437
0.34296425855690615 0.09022840394450848
0.8445763172508594 0.8637119981518331
0.6144220089041443 0.6199036838041194
0.9638797945401882 0.1772981820026256
0.7675994338867997 0.6937074293588614
0.8809787584495314 0.20139319750663187
0.7859245121955971 0.5224385784063248
0.43045977432833427 0.20224909569809602
0.9633900449773372 0.8830009961084604
0.20297552889135861 0.06754042352846756
0.6312717328773136 0.06509746147637707
0.23003138264272405 0.8424068293130305
0.16201700472823477 0.6468395253458721
0.9418004435779479 0.2065742179684602
0.7952572256429138 0.04304133802882881
0.04603226545579564 0.015126011813539453
0.865043318568105 0.5321663144825248
0.2963527064530689 0.9419889406177535
0.6332906533606708 0.2349815091473595
0.8733798396490953 0.8712110864589759
0.030776874692049816 0.8478832178494962
0.49953437217767016 0.5952301495783114
0.07402709974151445 0.8184820189500952
0.674832083828061 0.7511842885863445
0.3668992456627609 0.07652379071201354
0.7296819612386145 0.17195172872126552
0.4243328686842114 0.6690742632135087
0.4871736094943304 0.29722031443337205
0.6132618972712405 0.9858659542724906
0.2722024155823839 0.6841901607434662
0.348803706224037 0.2092935765992432
0.3616442346574986 0.2987248009347976
0.17396823291602082 0.6476755334891917
0.8296011432812929 0.7634948379343947
0.41765913423202194 0.09899973364990511
0.5815998509276341 0.6324702174468357
0.7263695026048618 0.672875930294158
0.9351630090109921 0.5659217026890451
0.35081014845961644 0.8027022360027722
0.5556132621060228 0.22881461694549476
0.3420034189971921 0.3735488324485614
0.6727113989347149 0.2805190550123249
0.14058430080090623 0.3453955283469843
0.7098658052332507 0.35685063085999613
0.9767609202790835 0.958385101926363
0.3961403893995905 0.780061574581786
0.14866710860276666 0.32038564127200764
0.8410443150166897 0.42518982692348883
0.10953590291282289 0.4540967194322083
0.9494655597452113 0.8349810028849853
0.14435447769860454 0.6535757941903395
0.46526652156697934 0.9766545582148112
0.9321103976905116 0.3404556052697607
0.349097312442864 0.9840810334579693
0.16958702587862828 0.5436658617123364
0.02693237853213537 0.6454614665829304
0.027807498490801663 0.005603161471132934
0.024596433814083385 0.052826068632827905
0.6223680470562205 0.09217015764172354
0.7601455959109824 0.8643431633244267
0.018270253020588934 0.1442561608074373
0.92839097074248 0.9599636680844783
0.5436583768705365 0.5164302593971761
0.6015559363387677 0.26926768917965704
0.8742192745293766 0.69885073487803
0.7248207426819473 0.0825459528525021
0.8214133326332786 0.49410941507848904
0.20135272259397108 0.40178120836495146
0.6939202713284569 0.06402415111658999
0.9599785610718583 0.880492411417447
0.9213366456369614 0.43822477278275285
0.39767831621271954 0.09489434664193586
0.0715381851896737 0.46477379778783545
0.9745310650441119 0.5193504540269351
0.3968331120427808 0.09484167903149299
0.9432003513317448 0.44817280407343474
0.23237357895357347 0.8418569683276143
0.8463781832206232 0.8866148755235459
0.09759195259812614 0.9119021609510551
0.9007907170934202 0.6219909729725626
0.1952897600736776 0.3159543263741298
0.9134925825890601 0.07479967722490888
0.44128998394325536 0.3369501274289315
0.5029988994356807 0.31752219330914944
0.9147465070385532 0.3421436255303243
0.12651252694133208 0.4319998550002946
0.724311889670793 0.4971654836941122
0.1944608739279705 0.7505674872417729
0.9912110380810928 0.2398497407649891
0.15214076339442406 0.04786652446536643
0.4177583329507759 0.8360970276966082
0.5976863179362746 0.2790106868574327
0.182344388140409 0.12747281621259132
0.778520173001626 0.9438915382545454
0.870104568409485 0.21886904292817433
0.23645584471194736 0.7057017249195991
0.7837365085919195 0.23667204564879873
0.2638667259704397 0.5560111904994693
0.2848675483001044 0.1983447387655768
0.7737404268589751 0.8292075206352378
0.5585275321369381 0.06723760082024244
0.9978770429172896 0.26687764095016475
0.5218932366139812 0.0016001628541921775
0.8953261693106007 0.20622082323003643
0.3946862151761841 0.8342848379551673
0.1414005368289557 0.9474055291430279
0.15763064293136497 0.23160425322553846
0.9647367770336028 0.8541129862479515
0.9064537648007398 0.5884421869875189
0.4868845162768549 0.9071093207306768
0.32777248466692743 0.3152890518715399
0.4319979069801727 0.4343684122272804
0.20615689232062384 0.3288529211084914
0.21294746876451787 0.5069619086226613
0.11110919698803912 0.13101608408536491
0.5947374251738919 0.42148887808468505
0.6296542316230225 0.3688588904047958
0.13981981230003893 0.21679871019094232
0.884305717459543 0.14812246552719976
0.9699867092968224 0.058933393760608244
0.5647183288145621 0.3475955798292556
0.8577012425289561 0.359866785145605
0.9752490445165374 0.2909515855786964
0.1843367464189658 0.0585229211392686
0.900197793825483 0.03256127667091868
0.321164068350583 0.5377191043685321
0.8826861980162242 0.08677143918185082
0.658672449167423 0.8750868510991838
0.8972151847067025 0.8491950284001135
0.2626379995090553 0.8829194489381904
0.5712201958604344 0.31286684139146836
0.19702843864392583 0.1831866171868055
0.1755755568670403 0.07050565624383598
0.970111679736382 0.523027667461555
0.17261233842462653 0.8848183612396594
0.3054112340253079 0.37278764178775914
0.45092659206765817 0.4408580580247916
0.31780747357384875 0.5433973776670418
0.5178543609670145 0.8219629322354953
0.8546323899263417 0.16914860658581343
0.6647255328504513 0.07586234342983644
0.8390628045371011 0.4879074511439847
0.3689230608066334 0.9547666638917787
0.6907437876680058 0.18225966482158484
0.14531348490701435 0.9416570824516723
0.9859755683323845 0.4128917765280862
0.056030211992742496 0.5598423716034617
0.33231519442424884 0.787479205310172
0.40281745566446525 0.5840916884698455
0.004084427521546807 0.2341559746428239
0.9737571335600295 0.9487292986048157
0.5884833077741518 0.18474785054133114
0.23270546112430157 0.4132297750157956
0.732909345371298 0.08057466892862175
0.5057677433368921 0.1483818238633916
0.4488932305070801 0.8628502244387717
0.7301453346792968 0.30131704013395844
0.9317138076549967 0.6454310716595635
0.30703444147296266 0.45908489488605686
0.6196772977497027 0.5478830984872574
0.4454144697670084 0.6116270827571049
0.7977384266700291 0.899788122327912
0.6722761062065286 0.9113665532781061
0.6330206434927925 0.22989742724712925
0.4918010656003997 0.820773443275157
0.46185703987067006 0.8483600218779528
0.6476352713441511 0.2791983749629561
0.48487061974308165 0.8776711734064153
0.7522729589141439 0.23861909895362876
0.7966979862280423 0.3622728429125448
0.7671194531939625 0.6652803023962763
0.7977438824385448 0.46759651482377773
0.4958694698504378 0.2197013319652359
0.30285789259644247 0.13130944591493465
0.2681678828396523 0.9933575671357937
0.08045322479591444 0.042456809790902605
0.5824742387591679 0.968681819409791
0.21894443254696583 0.07861215832171276
0.605352833994449 0.9404416747743001
0.4255482598053326 0.07577117433266856
0.13814022876348964 0.055663682019683636
0.7442312172585677 0.5201255949263466
0.6164902674591282 0.7859585140403744
0.8127427685711404 0.14609808258310975
0.24093837026695342 0.6131963992319931
0.6075166664986009 0.509508675201241
0.1315967225576844 0.8390000803683544
0.23667661303427123 0.9640776306850141
0.4851497753140668 0.7491867013614899
0.5315225404327388 0.6187010118986542
0.5808809083532367 0.30928524102985744
0.5169689956117463 0.6472276859972264
0.6088072035237024 0.9312925589183751
0.44307786009632344 0.9891718581173761
0.5941144511934946 0.5697770792308949
0.2421027178959405 0.5083130071056754
0.7920630773663089 0.7783568197727624
0.10396638908981481 0.528675513041688
0.6759343957637582 0.3895844674326192
0.727408380115472 0.4281771534537737
0.7959353699026706 0.5356586735824682
0.9611968309590873 0.19228239344106335
0.316807313185995 0.2356929856028267
0.13610168302306436 0.3419546065370045
0.9477054444479156 0.3518707828914378
0.7066887462197708 0.7400381740925182
0.24169978831227712 0.7429535817328257
0.01876520294239503 0.06066013575773632
0.3418611176307629 0.5083140779529243
0.4939957819933849 0.33621325656847434
0.7409340031179026 0.6305690571598721
0.08914568386179655 0.7804015236512849
0.18671489031161803 0.46522453100314154
0.45979231151451416 0.3000116753609836
0.9390815123724952 0.2122345349876711
0.22041294188546523 0.5672627672244834
0.8419629646407325 0.8039740529009147
0.4638656606327689 0.2627774542483088
0.7600142829621235 0.8520164755203794
0.7076207889916089 0.4963814949417942
0.40958500299900713 0.09326787065734332
0.33971367853676804 0.6337152294289783
0.9858768426496305 0.41659160137193396
0.5916268308985257 0.09378211157092786
0.4374379569339464 0.8807902524503217
0.9023376250409829 0.07198208940404172
0.30312262505588405 0.7387521657806249
0.796937577106696 0.920170156349936
0.09131123105195105 0.0216993508568748
0.7239661975825198 0.5506187421376012
0.5148898681951652 0.5289937711788246
0.7882194781721408 0.18095988873889746
0.25972301141730436 0.01382994096630119
0.8073345816443012 0.8716863967748054
0.04696988889539444 0.30685144075125037
0.3371367787823911 0.9698987086350606
0.5776183036478761 0.5224825025704367
0.7240573494907578 0.7836187608597152
0.8896636843958527 0.8387271139638182
0.37506604426968426 0.7973618526792186
0.7805505154572656 0.698673838899164
0.6080435401385709 0.5055595275308102
0.5840248655441753 0.5974143649919346
0.45761067636302655 0.36626968635704227
0.6825666259308112 0.4230516659560899
0.9321034303080586 0.1801596553500584
0.8685537285839642 0.5965985612090843
0.997124827188328 0.9536405925430074
0.9651482163638341 0.3589572432271919
0.9480050174090189 0.5980225487606472
0.3379515484677984 0.8396888425873177
0.17223958488403746 0.8844030447620368
0.17798933800130778 0.599064202910653
0.4971793619463454 0.4737871621417229
0.34208755333528584 0.4816428782361484
0.1771156120217814 0.16175519079142808
0.8557176370851949 0.20535801252332853
0.028005695721175172 0.13478720726836202
0.02976221886586039 0.689777318324245
0.21021124198603047 0.3085357485392888
0.42809925530875326 0.7559499598650685
0.40188314750585286 0.714412862468423
0.5196501337224206 0.4822624603707677
0.7531059585961877 0.7276407437164936
0.09603478500912188 0.3148029441903939
0.9296342642054329 0.31487312720638605
0.1850869396178454 0.3966683925789629
0.6688811998780253 0.018356406618901477
0.017115678919118915 0.07868809119440567
0.2166449139091975 0.5822896598373504
0.3773734197245808 0.5003711263278809
0.5719603526809849 0.8699623378590986
0.721675109997761 0.4581222425377831
0.030651870044894336 0.19581402797167335
0.014310611392356787 0.6991774174821683
0.3783222829262527 0.34402050305509735
0.43299819117977556 0.7231703982556086
0.5806079413700225 0.09456953930511003
0.09064567052619932 0.30128269039034916
0.947617103878972 0.05457534975693523
0.07739836243507292 0.23077480933247352
0.35733706413391486 0.41460821307597584
0.774162629621995 0.6889568038159382
0.6087565556453347 0.9761728544870776
0.22762381338751148 0.5365000700990215
0.5220554014756262 0.23093442267148
0.21707018365259811 0.06984359495891934
0.14259449087544263 0.07854404796428116
0.5685877268238331 0.6801235399262597
0.8588522411182393 0.9605514769828307
0.4972733374063232 0.45492462158343927
0.8594105916297037 0.8172823108282707
0.1099304169205062 0.34235193024193733
0.08149476018991297 0.5099814979314583
0.06679876973071641 0.462322526890808
0.16519336818670105 0.8187970469932899
0.22952026004503567 0.2454966037049391
0.3003484659471969 0.6484589962331546
0.6434889884085098 0.6683844898958795
0.5906907480672332 0.23347969781340683
0.7945273483962854 0.39192645611007704
0.4026164594364514 0.057182073017814083
0.9839867761028076 0.2908160785748195
0.05832730280070275 0.32859979282285545
0.21150383538953998 0.8484813988596491
0.6227345829242275 0.7195383595947287
0.5177182986243944 0.44299016380354583
0.16546098556323874 0.25151683062145813
0.5563337308215248 0.010783437151127284
0.3686697382989972 0.6125835088008582
0.7898531500546684 0.32551962367916865
0.7704428131305796 0.5654929984954369
0.1080941219797078 0.5139155054898608
0.5504194976828869 0.36390462059183837
0.15074139580063028 0.41522994797871693
0.22909652530407398 0.059928402720888396
0.6541349770620422 0.7245784707883274
0.8375300151906357 0.14454953711927554
0.3656881128873253 0.6722451271073311
0.7107563845075524 0.5111612583112128
0.24333170692419204 0.053503777591247914
0.9969715155283958 0.5617893920378172
0.3692075680395561 0.8966795979445035
0.10256992897512851 0.998029295497153
0.12045234909092484 0.8055196272972294
0.42803205415318746 0.7001412537216762
0.7918957858786562 0.583437195269775
0.6387701432225037 0.045752760619800936
0.7086536244285653 0.6893884735902844
0.6850922923796501 0.45729549259122515
0.6910774191412146 0.7618879240298726
0.6131883640479205 0.4449155390936981
0.21259488852591613 0.11934437855243796
0.9808436112573378 0.9036561375542531
0.22645526904181024 0.8067114346677686
0.812312241460575 0.4588091659843365
0.8655451927200484 0.7058349570003892
0.31352958668555253 0.056352733231128216
0.9001019490755622 0.3102237763918274
0.33358361423458627 0.3669577486012099
0.5642813972481326 0.4515289425556406
0.046778326489762545 0.29607925503135224
0.6729627559803766 0.8156149823129424
0.40259239117478485 0.11239336172687864
0.7093920956246518 0.055414947594300656
0.586277442518732 0.7785936180852371
0.39156748093790616 0.8292040927492632
0.4339811973493819 0.1672566361586767
0.3554093741117512 0.050918829160813806
0.9532324720450285 0.29977562344178943
0.007663388824555195 0.9725710817348205
0.8874982348821707 0.7210208810374321
0.44743474199161515 0.9166524531238971
0.4518161143229116 0.1977764087890741
0.3227541273297898 0.1426816577124448
0.06773145342735631 0.057969137097287016
0.5264656244704768 0.8468426887726235
0.7203860649208607 0.5702041641225906
0.6902474639172154 0.5633975186153857
0.4295028773394318 0.5254920952397943
0.40590546451032505 0.4328780623413149
0.7855276894220362 0.2330758599294369
0.3608247556612434 0.8283494239277716
0.5915773458705664 0.26739548383770617
0.47692905111481143 0.15297537065146938
0.43612545498550825 0.032672624730053945
0.20345122444918773 0.07710509722708903
0.634109207392503 0.7251533213403354
0.8017785561840902 0.8854942563745658
0.19795245580535736 0.39612591977227063
0.7863120096482001 0.6352214487181225
0.21153586828794957 0.9742927307486751
0.5970707635502439 0.7751707087309478
0.39835132033968157 0.4968282866195757
0.8038872120272547 0.35524170325691484
0.4110561930001515 0.11755093526651694
0.17920523219027285 0.11289882835098886
0.40503478445827934 0.7970694110990415
0.4266937161301707 0.42244615599238755
0.8670684065057124 0.1483493907294633
0.09216493401342696 0.3917428048183338
0.4050335945340702 0.08205692102742734
0.29890857324520614 0.159760341879299
