10 6 100 1
736 911 637 1074 1063 1268 1072 1237 682 864
855 636 866 1010 844 1188 843 1181 819 760
940 1105 918 907 1396 1406 944 1224 947 1121
1115 975 920 936 1395 1049 1405 1301 851 882
865 1305 839 1388 1116 1143 1490 1330 1284 989
987 756 1370 902 1564 1416 1333 1493 1121 724
588 817 1042 1052 1242 1210 934 1216 847 894
712 1114 1106 1370 1158 838 1005 864 973 627
651 944 860 742 1273 973 1215 687 744 878
948 603 529 731 815 748 1099 1033 666 554
9 2
7 9
8 6
1 8
7 0
3 2
0.3471170241116607 0.45674301093599134 0.39965735696772087 0.5753279527602835 0.33180421599264287
0.4493076351168132 0.4141144991548575 0.8241966918082222 0.5585311233657447 0.19338166342854368
0.9837505392791146 0.7254084138671941 0.8731342288982744 0.33611545725072517 0.15087401014576277
0.5732403787366509 0.9957943110876526 0.3464113614770199 0.7560978645085855 0.10429413222439275
0.3279025386332844 0.741976068354975 0.9147454722743069 0.9256331109887379 0.41994643238524787
0.16152504881243646 0.22167359123756158
0.2136520961203372 0.8228376074506407
0.2500696316211295 0.5376694732645011
0.45440019174752466 0.14143607864995467
0.09941084224789298 0.8319455742152999
0.2107431206463215 0.28238225290589414
0.8496509611248582 0.5181151904533956
0.7066862244960141 0.5358140641964926
0.40513912101318983 0.3827829227933133
0.09255125327190705 0.4141805685138866
0.34062045448656453 0.7423244304102703
0.2913450959998385 0.43400192646200453
0.5810132519131552 0.10417157854306391
0.2284246976683344 0.5076251784201113
0.9634805210900685 0.4243443415912538
0.1931777670533792 0.7025270846423031
0.2945813540754145 0.42952473275669734
0.8427794522602827 0.9989627224095845
0.1420598302185836 0.06751725513260642
0.7849993328619271 0.55545366428568
0.6574753957831705 0.9679868657810171
0.7431283319594557 0.7678037862520355
0.33246777832649577 0.7219743341739477
0.8855308434194378 0.6244748450033535
0.07359849669542728 0.7601861982590676
0.8189934519442499 0.9034930363407041
0.7492419422606706 0.9213105250714042
0.31689860563218053 0.6002673036361139
0.048753480357849766 0.4041741757373467
0.4600096806818168 0.6980395099868844
0.9487550861523526 0.31771310251437557
0.3522171294928351 0.593407176745578
0.888069908536866 0.2870402633532416
0.6760165926781094 0.6350517377228331
0.07922874288949244 0.7231489629423018
0.6181218554352734 0.5551717593035963
0.15544390094726124 0.5129407471532437
0.15433549917964173 0.48179747495506775
0.07173185541356908 0.9507085373011006
0.1507668410169185 0.7116831400262991
0.803932524071763 0.7726379119621236
0.172591070728358 0.2158793247030042
0.7092371874710726 0.05778688841861146
0.6195247424572901 0.7408946954942979
0.5004299888231623 0.24748912294702485
0.20644714731875413 0.8282513164817082
0.8965952935018671 0.2858267294187975
0.8960638772380398 0.4598582578186525
0.3339446696412649 0.6272975330219552
0.07191628559675878 0.6702055926385369
0.14356436773559733 0.08116142114756952
0.5315551159861276 0.17977629692125285
0.362777728106636 0.06806119242148623
0.7944722872330481 0.8818708759235601
0.20606980491169402 0.9112549886820256
0.9035489453437693 0.20371777862574691
0.6771574716108639 0.7468157042878423
0.820294195662715 0.4598338913751414
0.29892967051742647 0.14782636393126358
0.0014589761939480805 0.4525052001328831
0.011113970202902168 0.032701384879215034
0.3854310977162094 0.9322515249522874
0.8346310794984664 0.19761663351287417
0.5787898878230711 0.8513447598833341
0.3737289608909 0.8981393248760547
0.19985984788551026 0.7551693913724606
0.015066836257982663 0.37394588224982206
0.3451187880499751 0.9946443446688293
0.38398678050527946 0.26938269978831353
0.29923414559484396 0.31918667997885586
0.918177928548495 0.36916814498306394
0.19804371516609565 0.3812936857987672
0.33245177878314114 0.42667758313022164
0.10552948337377299 0.2694832775596083
0.5469869075752261 0.17200630769666136
0.5938868654576719 0.802372767227199
0.6970788691019685 0.8027508850552676
0.25746619119747627 0.7527403964817287
0.23137522204105454 0.0666233382712309
0.9828107069595251 0.1302827206597248
0.08812078842908644 0.5026394302170585
0.18462038921201662 0.48934771856950543
0.7129436245376835 0.14009988810210716
0.5369637423766096 0.45285232555448807
0.3382384868802222 0.22587426532475874
0.5309064166270892 0.7206592740981896
0.8135597999699178 0.3871071689962
0.9764381768614028 0.5677679243383209
0.1589774319063213 0.9901165041535842
0.33192264632611046 0.18309353082368585
0.18604465555299532 0.46796640288047
0.011394227091780618 0.886043392990076
0.5480778976259935 0.3101766360567204
0.6457409807650409 0.9762078593070533
0.8154826079042223 0.15942743415656757
0.9098392483864448 0.574587300995083
0.5501112005186939 0.8739296558319802
0.8325603116048139 0.6335321118082413
0.4184127549669916 0.4811205828293721
0.6193944489059735 0.14717850189971582
0.5542394794914813 0.7810036105222438
0.47530028265672186 0.7173057331024746
0.5770761816108467 0.8301253124659373
0.8700758528724901 0.7161014880311551
0.5895539443973628 0.29661746679683465
0.6088793549134863 0.0004277828409131601
0.33276371358722123 0.7188058937219024
0.17993194034732785 0.6489167777792231
0.47395014426863735 0.2604959392278079
0.5413846852185229 0.9295566832785793
0.7903778086447324 0.7845108450332947
0.47243666559469766 0.6434505959791581
0.7668781158807274 0.6001925628249059
0.45290993389543854 0.4689654945846564
0.8350004843135967 0.6154260808275642
0.23966665524574782 0.9254885524801157
0.5321357130766262 0.6240715641318368
0.3278825174209874 0.18112157032787346
0.5981373098424425 0.7482194380198028
0.2378460650399632 0.2742347312714539
0.310401800841027 0.15790557640754233
0.2178305083394092 0.12634734767644495
0.9774492722503882 0.8395505809247117
0.6085889865113747 0.5365651801473321
0.3477493376145615 0.9388687682402477
0.6449674056419961 0.810014031377186
0.296929478273136 0.9327135728271181
0.4778952538921286 0.6864089965492515
0.09892263133503576 0.4447322347783511
0.09552260964979387 0.10605839693333619
0.4415497529698691 0.2981050940394727
0.8054615557975398 0.8160210739892697
0.5812490499985989 0.3237263243442827
0.6053352427018028 0.7263125670401243
0.028833010101187106 0.5895353954310458
0.7905415149319535 0.3285141664368745
0.43066541113735823 0.11462959995090527
0.38418886099653915 0.36843902943582507
0.3929464461690144 0.16302256371712143
0.6335854887835615 0.016756313678138568
0.6243193794819644 0.2391191008787945
0.1678990825071034 0.8587589804965787
0.10608464823832997 0.04683453880515476
0.8442536608836151 0.8918066174565056
0.9237100031195591 0.48817374974468253
0.9537637085510178 0.7728231376037928
0.6913260421368441 0.5136456768039266
0.6182372649105001 0.017228025179026885
0.26496087434984883 0.8155400147989458
0.7041018339141725 0.7806352559325143
0.8679509526161702 0.8452276542636894
0.6010082587896881 0.26230291219809865
0.3543793692471986 0.19931518373475088
0.32597778052530946 0.4138587923068209
0.08886395756753318 0.9135344778739951
0.8097209278164681 0.608118697418021
0.7668169001337051 0.4495501054237747
0.08197981277281818 0.12861123347350656
0.04586227046195668 0.33662179306608353
0.22639635017359283 0.3282953227714094
0.6119050307663219 0.14745353471012734
0.9743485469241588 0.10777435588929518
0.6407276693567547 0.20894954605910554
0.2562708756234746 0.7661804940188388
0.49598416393492273 0.5905418324214251
0.30449696019173356 0.363600723546309
0.5914914145918164 0.7083262228998324
0.012086270766717089 0.39638729671789075
0.050970634962637096 0.33691290262288365
0.46738736661448876 0.8588669371444642
0.13461606370923662 0.7502411106517051
0.4239152489027844 0.7588365287160859
0.5744683967105653 0.8932692409047327
0.2487207003064027 0.6547156440174768
0.6042019990830041 0.9718220815541203
0.7848531621465089 0.40749226778720793
0.7298624056030028 0.13295669764482243
0.730426567253154 0.4276622425750276
0.7231737599131132 0.5968401614159424
0.9545750326559237 0.8853635198610508
0.08508146934800376 0.130425609548519
0.11912909890860646 0.11825094156654825
0.9049895081032362 0.47992865947009244
0.6275396735672474 0.1639178398695451
0.6708647077070555 0.3850727519764281
0.290480157465157 0.4191023931573816
0.3606034914016807 0.3610788311439985
0.8445243193639507 0.6391552340543456
0.4420229055746403 0.6683664429723088
0.2981559561491667 0.35230678972607277
0.022707945959899334 0.8811154060643764
0.6923226327910628 0.41524381793888265
0.5517013364582379 0.12586481957161832
0.6530497288709975 0.8108736690531058
0.11889141130821201 0.9185518167109803
0.2182661599363649 0.7588590253974665
0.7082139100486666 0.5208958017896606
0.6197904876918563 0.7517758671680217
0.8058919748326874 0.6990579546509348
0.280838447892382 0.0052900690735486755
0.8318940329744258 0.7105508652845716
0.8556310283978863 0.11724927975348609
0.5849585859069262 0.9677547177077359
0.5158538470781322 0.2618733299424594
0.1939623614430357 0.4578012631971715
0.09991026039895412 0.472366273089472
0.0847692840528258 0.8502397276645757
0.253879307403567 0.4343561457846845
0.5243725104734507 0.5550722741232079
0.02491896467088095 0.8770633966301093
0.5582247271445411 0.7900900634726298
0.8675767842493414 0.20056732264566413
0.6432268105569829 0.6295799181965263
0.35163058608627096 0.466017527408908
0.012176633140666748 0.7357251129941735
0.7795692673289842 0.6078065259356926
0.4316318756669786 0.8292453399748765
0.7356109801221322 0.05324334315935375
0.8721481448512625 0.7033744407971156
0.2999188399820203 0.32149677910056407
0.9311292208102098 0.33822956054638675
0.6220508138032328 0.3334681914108142
0.3421700916073873 0.4473077909200853
0.5031549021539188 0.6537042468174443
0.4045188933581225 0.8594124905297951
0.9237531813431787 0.5347379205280569
0.12214072785950147 0.9955012852628271
0.7183829762135665 0.4937119557825662
0.4510996355835404 0.8895796471601745
0.8921140077795773 0.6417173643403451
0.23351462678711288 0.8745872009107523
0.31836559202512427 0.036242080264137
0.19854587340787533 0.9111503872078275
0.5749818725448497 0.6160080284230813
0.8771351452615932 0.3964599283554353
0.3941959510674513 0.8705033558644186
0.26074459684166995 0.6726751131507671
0.876679195972023 0.4567078005715468
0.5665082285189933 0.11080083820851483
0.8740464851046952 0.3284249473729979
0.014018049816646228 0.14086273395045712
0.857516753063911 0.6337517348189441
0.8801681696286583 0.030303678360267705
0.9416182386793805 0.6834583047885232
0.7056017426445873 0.4736404752594854
0.6107488063413657 0.8659870993423187
0.5845310962834467 0.9524741326667687
0.4790870937894969 0.32532498373441077
0.451213131383156 0.6184625545849824
0.03888057873389683 0.47562929137940246
0.8511791912384905 0.8870156876951105
0.9669115234185801 0.59646028578179
0.30364998018640876 0.4282511735701049
0.9920767031750097 0.54542919413918
0.4644504388510191 0.8798209277001523
0.7168676063718675 0.30385452571928706
0.3986251760227988 0.9756589816726102
0.6861939696114523 0.7096010368230445
0.49897972437044213 0.5088141545199019
0.4165576587828672 0.817052982062668
0.994017363719242 0.11942328402165603
0.00929755086290096 0.22022605220666036
0.03994292854406534 0.5625970758680423
0.31583414704018664 0.90393041030379
0.01156127964747733 0.7641492776021312
0.051960767992226264 0.04123695493413537
0.9122275553403423 0.2875184547015446
0.28507271253982824 0.7304231801245995
0.6944426849144918 0.38867937702916033
0.46107177150963774 0.29263240583313244
0.46527441271853953 0.6704884386804217
0.24813492778245605 0.6219924831600558
0.8543943257809408 0.6064874396035602
0.8650643281327686 0.5872501315131455
0.425113278623535 0.3479234279657013
0.23684531551800525 0.5445908606870036
0.015472799800159365 0.3801889694090057
0.42908950518452826 0.015917882325361177
0.044408017942278555 0.9216149446297415
0.6749910763341354 0.13173166634931954
0.2673224194148285 0.013165286414969612
0.6334172188587768 0.7963450754298436
0.49363740171548676 0.040380581810206095
0.5741402747614246 0.7159674920254397
0.262823706317715 0.03254447007027883
0.025001699107631614 0.6234976726041936
0.35951170573509983 0.49571909900621325
0.6256436154149323 0.3301837085625532
0.6997305682195962 0.6450620310027506
0.8416020888087219 0.6177593290633334
0.35200793571827704 0.7078461014735353
0.4438266252854324 0.5713719472516599
0.10985669528187736 0.9787303324260088
0.7364949590905332 0.7922758989423537
0.09379496541037335 0.2522029018039085
0.5666980177452134 0.7121215822632045
0.19768992261449547 0.665240491337552
0.7344275265696714 0.0632080098009975
0.24981059544489992 0.9709777084016535
0.09469160439358548 0.5579134514009609
0.16028145865073218 0.686609697601736
0.8531383550496212 0.5782521576936459
0.533377756036669 0.8672078919172315
0.3180465003575279 0.09584741238445416
0.3887078308416856 0.19384735119451046
0.29359651335615045 0.08042320035232864
0.9921691121720975 0.6274369964618205
0.3213858286239988 0.4038776282462264
0.3375631474522236 0.9721164000918918
0.9432975257339897 0.4190899370074386
0.5897710991800804 0.25371985208670145
0.27854385050627517 0.7077272222366362
0.8305862056504911 0.5019030520535022
0.5394869954039812 0.23497393361314067
0.21633981511480394 0.12169830018418515
0.9983573881373657 0.9162919492886803
0.5164008301574721 0.30983861823940195
0.15163414494991745 0.2441106427704891
0.5639811188965511 0.04418998612761782
0.7086894185459442 0.5398523684959662
0.5320643876758315 0.7012937436720754
0.39517457845354054 0.4119650475399257
0.787424337251857 0.18820458243715144
0.8875805929312452 0.6387026229121957
0.16009602361564834 0.8321029630168915
0.5922409212641704 0.9434009670021042
0.9217982315972224 0.5338672665400799
0.25221581769158585 0.7569771618067442
0.08300650931174247 0.6933366151192129
0.18217956681034275 0.34005688537714285
0.1411367004469557 0.29372516569314944
0.9417073617525955 0.12660188905388092
0.13472055174252495 0.7740601653316832
0.08351248586562243 0.4214592550519576
0.19576838369453475 0.5808507603568036
0.9364135266367455 0.8003232660916906
0.814455010857325 0.06088050033259895
0.6032522259124669 0.021556688060108575
0.7770417237448968 0.6639691905910723
0.9065496754585665 0.5716186797937259
0.5354927925062074 0.7184545630282422
0.47728551943532715 0.4116501812649862
0.5865398770057624 0.020623666177719713
0.7575412478743186 0.25974004054112854
0.7639666306555319 0.27783840007651817
0.3742282270189925 0.007392159900075246
0.9411100177872842 0.4735349687609063
0.962027734477898 0.14302457200929553
0.13290365159678608 0.2980308905530853
0.9808071367103064 0.8075377140045472
0.9419823454339362 0.23955789634338953
0.22075350617148315 0.8559207891532112
0.8138645757534977 0.9987516850328433
0.5469113401417429 0.5089548224745266
0.2704815030216867 0.731593937881851
0.005311844968163948 0.08061552301741504
0.8116613065308507 0.02866053641040822
0.778859872286249 0.8998182908391417
0.6483334221654484 0.3378177095186532
0.03941403288251544 0.4367524219258234
0.8294302697493654 0.38748292071456447
0.7581285540415239 0.6435142057785106
0.002882122849424462 0.15842204878685417
0.7535269843278825 0.7479699158157966
0.7120903661619253 0.5726432103680368
0.20783659325941106 0.09654257275874367
0.2655824260941828 0.9032805382266611
0.0641195858396586 0.8390686619896304
0.8489574598083767 0.720410033776417
0.6484463010427546 0.5716308993216999
0.4510749958500726 0.1381010044370845
0.35638444390624513 0.9416806131747295
0.5446398525778213 0.3070313308216759
0.49444582912683677 0.6998886319640234
0.06830042503706935 0.9762134793345667
0.46682842012484693 0.11394860562287357
0.7289969592565044 0.45715258883188237
0.062329119555236234 0.0305722290911552
0.31046154838482454 0.7446569604209576
0.8690260074548968 0.004662636072237936
0.8386182900142869 0.7674445794877691
0.923472940812518 0.6422539388462154
0.4360969192864337 0.4964429556079588
0.43928216267400666 0.7099761061403858
0.5268696937485271 0.960741274937168
0.6331357333156937 0.6210536662632895
0.13695690190154686 0.7763628559250144
0.3728192745434862 0.6147278151678519
0.9201615163959034 0.1275879250682097
0.10281818063000925 0.8500438494242133
0.07326431497356767 0.5702490583546498
0.750655711434421 0.7037344429195049
0.8993391881447126 0.13313544702785873
0.16035965432538846 0.05392483502483181
0.868957207641671 0.5267492357380221
0.5561586039142692 0.6855974196295951
0.7910085669787386 0.8912037924864826
0.9926660254061375 0.7575954902812676
0.12716643605178346 0.01534534011238664
0.6540101870917894 0.43831187330928456
0.3119839147110379 0.8506379919973759
0.1700974909527968 0.660250575316577
0.33072437959211864 0.01793123085136661
0.05758856375957366 0.5769542186637326
0.4573138405378905 0.3235015620137698
0.09572329777235589 0.9991185570722871
0.9327148515238868 0.8059970230400031
0.8314114095790737 0.0638923480262159
0.6639969509746964 0.7007899745183375
0.12972556875406194 0.16903659757674672
0.16586149568318942 0.6905921685769527
0.4084545216030018 0.9177604878270553
0.9034306699990848 0.32061024969251406
0.27709000133443085 0.11965267209239538
0.5358232286090392 0.6008367570743935
0.1026563397902076 0.3703820547752823
0.459482802124515 0.5555903664526125
0.5952369509266828 0.9473314446832526
0.9816286132584524 0.37987319471911163
0.7539068717195012 0.8675854907512086
0.12943289423632054 0.44458439772210356
0.1266077409801043 0.2762546080094235
0.7627465588031836 0.5248272461831687
0.5394134084824336 0.36330475515265936
0.420383127681482 0.1944140417024589
0.8762792529712606 0.11515073265854303
0.26857326437650997 0.9765675889400509
0.8069300942186617 0.17944595526025142
0.4663712354511238 0.9449988922908208
0.5011978552176306 0.782885688988116
0.22299834296569032 0.588788910798433
0.6921653761456745 0.7866005084224996
0.22585030864431443 0.5169717271295431
0.13653835868609399 0.5894383180681966
0.9479624284152803 0.5666030051056528
0.890736429843634 0.4814194242658252
0.5933832739758154 0.5923076598485348
0.6931731111497259 0.6395096390077761
0.08329372649534061 0.9361304916951048
0.023904765071591783 0.2675932701341419
0.38356347775495814 0.48000520053861817
0.783567884643456 0.31502646908889975
0.800217335132815 0.16710260263798138
0.585515324856154 0.534573834079225
0.10969071091648064 0.17482336927284625
0.18411451457284334 0.10280410936403528
0.0037225493452872627 0.3928596720269424
0.47382740289971914 0.3819758593638085
0.388315709944 0.1523030252830495
0.9756186771676754 0.7078376669583626
0.5881163544236252 0.061905084330366345
0.8996659289577762 0.19556071638366257
0.7455623968357366 0.11614921860186067
0.5905191363519897 0.6076339275820699
0.21938611477511816 0.4641431373004046
0.5612058651017666 0.9973013977022762
0.14477376338745884 0.38298077423806376
0.8382119081362143 0.0924297285127813
0.6390790200666785 0.6655788086607977
0.5683208577762817 0.4052952263126066
0.2961701859019319 0.40829731455196816
0.3867109840697349 0.7577073452037904
0.9793090069360488 0.46986414778635055
0.20534324872921084 0.48141371278922396
0.328908341942886 0.24134020961308678
0.5244137639465543 0.19919883830489682
0.7644064697649038 0.6796114524787764
0.8832929294201977 0.8617174892780766
0.05921079731220402 0.20514856004983906
0.19513619197200605 0.24502344306858026
0.9802095274440281 0.057104041592246135
0.7900165721697916 0.5413566004241444
0.7809633237284808 0.5934890813045084
0.43011770299189744 0.4168519075635344
0.15953506800370154 0.026397106148511984
0.42375792799784073 0.2012511472361329
0.18632399359889384 0.2451311100754121
0.5545550116145059 0.20319221940857934
0.2960629575192888 0.3443343549802018
0.6179306283952779 0.9803457898416501
0.5418447025997275 0.37110745989999816
0.15065387841315792 0.3731010327177151
0.7640472929914992 0.7019664156430216
0.21741267568531786 0.6506670673174157
0.08261642541031744 0.30883692418959363
0.5815687756673453 0.12585737418535614
0.10501016855679746 0.4356449853364144
0.5628553288994931 0.8691336981673432
0.9686313791027386 0.8824968262602053
0.7238810127359601 0.14003848812178465
0.9110255844817603 0.38093428619474645
0.4617691448412653 0.5845753563601352
0.32759065225820927 0.3638476376429429
0.5991782934637226 0.7109638538479459
0.6465891465585076 0.2822519406694304
0.8868206326430508 0.43967649892013494
0.04087620116069579 0.6613273043254104
0.12768264469380064 0.32613373850659944
0.9503512123722602 0.03452423904100921
0.4681301812945913 0.22515785053216075
