10 5 100 3
1113 1188 892 1017 942 1032 964 754 1215 1030
1020 1182 800 816 1196 1215 1100 911 1091 939
1221 1123 763 842 844 1124 899 1231 767 782
1228 1034 778 938 1222 1041 774 1151 1018 771
978 831 1183 1165 1157 1197 745 1144 1105 1210
1173 1170 860 1093 1222 800 1018 956 1162 777
1194 1073 868 837 790 965 1097 1151 1225 1268
981 1136 819 798 1116 721 1044 1070 957 839
1172 721 1097 1231 913 745 1010 1113 1004 843
818 1190 910 967 902 771 1077 805 998 850
1 9
8 1
9 1
3 0
4 2
0.655045565997247 0.322973599713919 0.9183567464003743 0.8813334077385375 0.19864287878143838
0.7162018956074829 0.4804202258811192 0.555696304941772 0.884073482434222 0.2500050396533438
0.4724247805281052 0.9403675746568514 0.6339958486879618 0.9355355018798501 0.30184922404990655
0.3028582168124144 0.3728478984252674 0.9323347476592303 0.7230030273121939 0.47517051771392427
0.3919724502642168 0.4134010669772594
0.4474768432227705 0.5509832989206858
0.5555981047575071 0.9505028238264346
0.2592878186159342 0.8243472976824688
0.4519249779516368 0.23310293750717803
0.6021542353205547 0.5881766565127495
0.3511494883412283 0.21718571782277651
0.33282898806623296 0.9637135460763508
0.6539220977229401 0.25189383233690066
0.730882847190546 0.4482471310369458
0.9190686349221593 0.7007531775163931
0.7746664979207036 0.4985192053962857
0.7072954273377283 0.20600319065564832
0.666635998035974 0.6078005753571232
0.9596166551666192 0.8173327583189873
0.15209535589896683 0.20477363183110486
0.08096239678082462 0.026462800001081588
0.8607864220128938 0.5775655854510893
0.2690973229949649 0.30058170034573983
0.12264781987378748 0.625843894460614
0.10919125536248986 0.9847512447592346
0.3519746540263933 0.20648176730710244
0.3809995672612494 0.9486810068014666
0.17697313102782997 0.9527185696969533
0.4890259225540976 0.8210932903284887
0.39665430310796634 0.8144091407079199
0.0263501611536614 0.8244902944061088
0.9876646469675836 0.1115884899928925
0.2285336132086564 0.9276283359552133
0.12658181071764507 0.8743229616831893
0.5823137858111787 0.5573494910006394
0.7108898788699527 0.8121912635644808
0.6277008699255806 0.9219563584487416
0.017418187731158552 0.6966761777346766
0.9811346085077497 0.1310161410494839
0.4027504435386908 0.8686149784874382
0.14262863513151802 0.7938536914419372
0.6484494765916964 0.05532781361580508
0.5534309118538303 0.8051369551794307
0.2462104444998403 0.3037055706943763
0.49095037274051334 0.5197812695567383
0.499998169755798 0.0816193350885035
0.6356894925912886 0.9691095900368487
0.6823444719954626 0.5955264064926777
0.6187009662260516 0.028568450629078646
0.0188672452725116 0.7471876039573722
0.3733223445394236 0.801695487538459
0.1359216389939799 0.10271464659532858
0.9281295076986453 0.736391187892651
0.2893144335173814 0.961866147980661
0.8455408199180185 0.18685547120885837
0.217601056479096 0.767287537980404
0.7043818055016204 0.7659158799895387
0.0010168926975226977 0.5175580339979846
0.42490236954274785 0.1698338212940278
0.6233930655427813 0.296800590553395
0.9122429838941521 0.8655064033806092
0.8636730466934133 0.43472588418618163
0.8394331142342757 0.8630962102690907
0.345225665664854 0.7333991589351505
0.9417683666311634 0.1487255000198633
0.39492033752634503 0.6336869656740856
0.33305674809394925 0.14536548185102927
0.5697878166436614 0.12368325996201301
0.4658172971288852 0.5236426499933053
0.12728368775139276 0.4711755351117095
0.25782901235710365 0.8556338010805458
0.03342694917510092 0.0150138778308897
0.19571976385950585 0.04047907814548113
0.18596888483419538 0.0581408157593557
0.9088590587282042 0.9294362484711989
0.07800981410043861 0.662973007627579
0.2249999305937147 0.06488591869483717
0.6678684485132993 0.40994381278756986
0.3439869451441053 0.8130256407207455
0.13334448372878138 0.10286172197425314
0.28298055406180067 0.6500907033438661
0.8787101436369984 0.38461561053881943
0.4939074603179723 0.9548407629844724
0.32861960622652653 0.549165122895501
0.14353567115452126 0.6819951517018605
0.2067661689481699 0.2499705696186254
0.5788934405742763 0.5868206703185768
0.42483457710836814 0.49844887637119295
0.9793645023431727 0.41577912547825036
0.6310976417474607 0.2468991097025819
0.2610164928159824 0.3260381319073584
0.48581745207108007 0.5198406759663412
0.8283649042856078 0.5625083862154778
0.3668151151070931 0.9505123065391463
0.15785376644152782 0.38671947154059594
0.421520462021298 0.5473694402203935
0.660105004250557 0.03834035476217923
0.7397328667487992 0.9462628876266699
0.15126097574478758 0.8434723118679286
0.7563237636885165 0.6086049662869091
0.686979801776948 0.16274172636424789
0.4198613208288362 0.059960643641600475
0.6509670989331249 0.7094917517871668
0.34544863904704437 0.5576366208760892
0.35250289729147033 0.033770880785877644
0.31322593426992307 0.27452331991078127
0.791485229650438 0.7768245999667254
0.5823869641062012 0.546093923409916
0.44585098448185123 0.5950218002727168
0.46286538576781044 0.8086189426406967
0.8393081079296361 0.48646488654644116
0.927575757402862 0.1583390144778809
0.7465000054619426 0.0954132857290344
0.5996028778864124 0.5362649589752349
0.7863611251793976 0.07044686901621922
0.12133848792364521 0.1393279417907327
0.8090044065469202 0.6912294780682937
0.06956505883317932 0.37837365488293573
0.9812964280184922 0.8318525528987422
0.6310908650428497 0.7796950911064826
0.5308149577164507 0.7887901360314273
0.8780177224111338 0.3811890938101963
0.21296526442044006 0.5418107893316264
0.2531077518435787 0.49348010781994156
0.08249338069763645 0.2625807133266773
0.6621566458406012 0.36053171024849684
0.7464590993905247 0.49930072915879053
0.5779968341829125 0.31688794979850643
0.7245086074171343 0.18328937326121375
0.7170296313937516 0.07556761447667859
0.36173800269074174 0.43143660964680897
0.9485812340066855 0.522704105980194
0.513485063993776 0.3188708093958883
0.8837852001276825 0.03368931924326013
0.5626521532354551 0.5650517614940267
0.3232285443470513 0.744926078510284
0.20997327638525665 0.8384742087925785
0.014946473612456046 0.9625235027121974
0.604439369326975 0.37436755634620167
0.8933920479729796 0.46756357709453833
0.18093817655046807 0.8399186394363809
0.8032213495623499 0.042941492270523796
0.8376730749032433 0.792154712835963
0.42586253176350364 0.13774974162293185
0.9140371205351532 0.7224142253445611
0.3184793003559736 0.2163454041470867
0.08369432066454463 0.2884344581382048
0.3989334390295731 0.41103366842465894
0.5607444286065499 0.6963557361663866
0.8623684146487531 0.0986448153165751
0.5846942269591624 0.7796906180360224
0.0932099458629212 0.6039822767184424
0.5845352451500747 0.8517714536898215
0.13769319129933155 0.008467957668181425
0.6497704077879836 0.211627022583321
0.988920825615065 0.5674040524245516
0.6321326644295286 0.7748743095983206
0.03548879360035806 0.19769084957924865
0.41664689277896483 0.5292819246857345
0.2611430064802973 0.7310049432288224
0.5790860701426037 0.24310586737015738
0.1324805092194119 0.17771460342879908
0.2075905510808751 0.1942055649403227
0.6436597725119013 0.7052824052976083
0.9054429768523915 0.8621844206436118
0.1962693355530465 0.512100882849521
0.9509339461179083 0.4346304573674007
0.7836705585482464 0.7163532725067205
0.8207593807012976 0.611508701311479
0.15451541544916303 0.6541526033512184
0.7925596091450628 0.2805473164957155
0.8913639052608084 0.3307699183611059
0.11044852831863383 0.5662405260478109
0.24003103760952005 0.577868556664134
0.7800580530748675 0.18456339220618023
0.9005535420565847 0.8717898252458895
0.04438860161206448 0.6452184697711731
0.8594526530205124 0.9405279082227824
0.4625046048917323 0.5932135210533587
0.4732645503409125 0.675027307732734
0.8877065977014096 0.12138538151780853
0.9114896955226774 0.8351877823992897
0.16622607458068406 0.4327634330453256
0.014115147099084346 0.26500194265697763
0.47020405847469804 0.32418891652130744
0.059961192160476795 0.9602594245739782
0.9930079199812971 0.6740293578731684
0.5291161832398696 0.9309510086425297
0.01536398694844121 0.4052544055788063
0.016218118991586872 0.10354106604980484
0.2623002879469354 0.6872141914726941
0.305126275057209 0.5495328697979378
0.9463844507947958 0.11106460556865527
0.6979658774695057 0.8901274431198754
0.43519816630523334 0.7902521078156222
0.5131009362778731 0.441956887085025
0.20503691822454373 0.25109722458611694
0.7007457181208236 0.26257147566338457
0.6186592928701447 0.3167277086871241
0.8553835509148178 0.7938914077830048
0.6535276988697527 0.5213259172096962
0.5500461853341174 0.5719683999624328
0.029583202494724015 0.6213368149441991
0.3501151169522596 0.26615968322692773
0.19585925491529244 0.21287032235811876
0.4112703354176923 0.7761577315813353
0.46079995488844516 0.5602493688266039
0.06987528674949561 0.04944871995336442
0.4421223383374715 0.06594494685346497
0.9524939229954399 0.13894239216140547
0.5589025301514632 0.29230604720063624
0.4764180746923026 0.020843351868058857
0.8220469021004411 0.7112273815421897
0.17296379916322957 0.46846826267627306
0.09920585617231814 0.692285152708666
0.476654228049183 0.3307440498268679
0.8533486686490179 0.773675649417519
0.10205700087157354 0.9782690893231485
0.2720769337797757 0.02210541875384986
0.8572611171149813 0.02313323007290835
0.7165770215598013 0.11959550352265702
0.3288740370751124 0.4077625037063368
0.5007625919225833 0.7515948572369131
0.7790805130277714 0.8410306659062055
0.9694060875919941 0.5601556029851802
0.6135747748942644 0.9858397500407892
0.2001473770494835 0.7799022457076394
0.5658772834468195 0.8581637933630757
0.5923295319185771 0.5307109855689833
0.18197455810364493 0.6210119465185817
0.3375902889174778 0.42066997954770113
0.7124958241802193 0.6584923255040209
0.9187045730683516 0.2772192568845797
0.8720201908029519 0.1966768233584979
0.7532680878964726 0.2720027659718778
0.29120509796554117 0.3037409904636079
0.3525732735047853 0.2808869462558048
0.5883566994540057 0.9362888150332658
0.9330896650285625 0.09372082741353727
0.5614475140733937 0.8702471160437151
0.36482311538691525 0.19526692766478382
0.3043501719190278 0.6913181995223221
0.3995520170229001 0.12872591790347143
0.7642685977153421 0.8023124562279109
0.05774292066731168 0.2604033096912428
0.759973239613674 0.8495835932619071
0.7028881531770428 0.1901278475770074
0.15222018904734957 0.9071383982217516
0.6566394692501238 0.23351126875870576
0.2846099990827835 0.09657924332987133
0.30930555613362576 0.9838183252336614
0.4836571820208624 0.17422260963855885
0.8649357530865021 0.02253115862686994
0.17632796030517817 0.03493747368807987
0.9156215693688361 0.16880628162453437
0.17625501996672055 0.6272876853966476
0.7094701141805655 0.8170456558206127
0.09369865233420294 0.8059018427738809
0.8027375251494648 0.8399363336137586
0.10057343455456036 0.08509706047927934
0.4349575821905656 0.12527964502548938
0.4752547982248505 0.9876279834244541
0.9354475018589037 0.9869169167614442
0.6619435146510937 0.6880405256510318
0.05643506326418812 0.35797443555364494
0.8614887981439432 0.2529652828381259
0.873141638164916 0.061122630383276366
0.33992679854101304 0.301298506342786
0.8251050524563013 0.30651468716931785
0.5661978478998875 0.9331452466930421
0.020035763432460607 0.07275955829295078
0.24898369201259185 0.11827526299308833
0.575365952371649 0.8044613922398498
0.9841675784942052 0.9447865679491176
0.840339657485917 0.9762481861141543
0.3726970332596935 0.9388376649715806
0.8420629507748887 0.8720063852266611
0.044681249711649995 0.9907111249752942
0.6909639662661582 0.761752619533365
0.4281554848414233 0.3303110113602652
0.7168796024873423 0.4576130432148291
0.311885781064392 0.517505159086624
0.6636679190083208 0.8195610745012636
0.06004648025562864 0.04989719581644558
0.9047599865352474 0.6602089165550478
0.21883192860269807 0.7647172262360047
0.15257125700809993 0.32942813368837265
0.5891345357163913 0.34228578096523776
0.8685008995947963 0.026959155610086105
0.9206644194867715 0.08039781356959641
0.5064307455533497 0.5768678353262731
0.1636924714507575 0.4040778206817355
0.09341544527281664 0.5618267166133175
0.24995838346141297 0.17129436759868444
0.965118330813864 0.2687872959429978
0.919550304847923 0.39230032696846573
0.3062719637064071 0.27363944908263393
0.046482292431353045 0.044611336356377373
0.3351857174748927 0.08973583718485001
0.2642136145721059 0.1268833902101607
0.9505334197418132 0.08948785401020243
0.5971823283600115 0.6417073344082036
0.9410531732120493 0.5438108344118513
0.9102783341459855 0.928730001978382
0.774285958951636 0.24587045306287814
0.8064730472500714 0.06286291659499121
0.8578671418998502 0.7514327650304853
0.8808808173909726 0.9741821810346698
0.5135848472496913 0.8926170499151171
0.46269510289234317 0.1803469260413726
0.8608075735949507 0.7032387754477412
0.38096380728819046 0.65300005631447
0.2133731781225987 0.2812606045044086
0.0458302353105009 0.04977474455511155
0.49680609036928125 0.0952090247574866
0.22655506608412868 0.9913654716803368
0.378039050720379 0.6560206976285687
0.4436141618841003 0.9112257903137608
0.31459055333824426 0.7613488196063629
0.7115871332803947 0.41251689447159023
0.5078187940676031 0.3187238144786033
0.06266516811032985 0.29632585573659687
0.08105017057123343 0.7522503276866723
0.2700158618952644 0.2805308067861567
0.34600505795844994 0.37447388549283644
0.18660806822123854 0.5627150323546899
0.2460324446715394 0.5235654885380296
0.7527674074571955 0.7768725467138282
0.7150460904953384 0.1846762185775488
0.21655868388856248 0.5519038172060875
0.008254197881410796 0.06766810153174951
0.4871429994633365 0.020164355958949276
0.4049548957880176 0.7940332063678333
0.18260859995999135 0.9583929901066099
0.6971417023529238 0.34451961385730145
0.8121075565066906 0.7889558077523624
0.35681631508673695 0.04143642242981982
0.32895785019724144 0.2419124741122809
0.25506507603250017 0.8063239539417479
0.7724333358933411 0.27963658057983065
0.8555029720446279 0.4371674320391825
0.9125995824646709 0.0798208427139464
0.662609797881371 0.5686839473938035
0.36640880870800996 0.04819130822913431
0.1582583824853554 0.15810354780022884
0.2805583148522319 0.44743483447059473
0.19071359852168368 0.019008714560714735
0.7696177877454828 0.8168205933141968
0.27688683029538486 0.4080322942514638
0.7214650788209327 0.2398798129468036
0.6084416155789603 0.9466983071739972
0.662855678121314 0.8313631228724676
0.4492457732067592 0.5357339419173504
0.23606634306444385 0.68813077015712
0.4807186208246921 0.3356030563461687
0.32554440553375286 0.07837507958455237
0.7694195808516437 0.12456620456160006
0.21198312376975115 0.03401167275144079
0.4015543922210725 0.3334917342664685
0.48070706064656554 0.8371996127269452
0.4958643210608007 0.8788905875493225
0.28111590924919194 0.5694359566958667
0.09769140532200238 0.6003705070721574
0.15894605674275364 0.34426852884260595
0.6142707236824296 0.8826030134941287
0.5696303421135207 0.8315174095200835
0.6424271965216064 0.039260647908932356
0.11844139182906988 0.13486489903702759
0.2880414903053288 0.4476255134853018
0.16295946959559204 0.15286954805619568
0.82623817008741 0.05893638466699125
0.06783129910289354 0.16718476436408913
0.7689101903072568 0.5952903568545682
0.10670282030544143 0.6412848085055873
0.23296311509449463 0.9331904251834073
0.07744827367721063 0.7800023526249136
0.468242240852041 0.8837081829921913
0.5806446897451587 0.9894262466324453
0.6585395394197924 0.7572134024877435
0.6604808447981476 0.35572271264974753
0.5606599988321699 0.028999342816381724
0.3883106088208004 0.03054572377741427
0.29471863018244315 0.3742600508893277
0.9634261986723509 0.986164568009025
0.6839593411554155 0.042221837126507955
0.379649799896163 0.09841554171445699
0.5550060051487471 0.211141840227278
0.9636713790612366 0.6896115566700975
0.3650563555223618 0.7539448268532136
0.5817077246253954 0.09477537925953339
0.6642685959908663 0.6927907699931366
0.045628056331475486 0.07030269577348913
0.7603556970180256 0.06809537941548283
0.7644931044742587 0.7772873792614852
0.3467249194824664 0.6605143549361443
0.11128002000462689 0.9654125688844812
0.7053465647419661 0.17188258769420806
0.3776586768288692 0.6081766405205651
0.3001549390160092 0.7699524991105391
0.8292934618142482 0.5044377377093943
0.7074717024459944 0.2546229912249558
0.976335173344443 0.3389261604496001
0.6284158906983333 0.33484030852754065
0.6276406707819289 0.048878311938460595
