10 4 100 2
752 1234 1322 736 1248 898 1171 991 802 931
1327 734 840 731 1334 993 933 855 1106 782
744 1249 1083 970 1208 1202 1254 1163 1071 1321
1177 817 1132 716 1157 896 1203 1024 858 829
735 1292 1360 728 710 836 733 1304 1248 1037
751 984 818 901 1245 1060 1163 1148 721 771
752 1338 1330 918 964 750 893 968 1004 1168
901 915 737 1157 784 1387 834 916 741 721
1339 702 1182 1272 930 1025 1068 797 856 970
756 1017 1328 872 1037 1192 866 980 1228 1066
9 1
3 4
3 7
5 6
0.501259848510688 0.48206612961797857 0.7623286188437153 0.5500277048844613 0.1472969578328648
0.8613945095298265 0.9553820897375904 0.545680639473326 0.3470184891273197 0.39785598366398045
0.5051769245847806 0.6378624278627805 0.6892940129189868 0.9978584843344194 0.40106321002298295
0.4313178395871362 0.9238264895969042
0.987184843131792 0.5582718178255206
0.6131702360906814 0.09526599300853356
0.7273313828139203 0.40275941730000175
0.9835359665467682 0.03721094234273048
0.8644047761458225 0.5979953752675258
0.7556634053344009 0.4151933967993524
0.9601527584379168 0.5307159642846706
0.06207661983419932 0.0267605986978674
0.9206483920985074 0.1526082061751639
0.8228250680681319 0.34128718973940675
0.5370719135021262 0.7160311454147437
0.7484782324570374 0.5688616548565901
0.0015406164112587994 0.23244202062205943
0.511066070317135 0.7066818408651603
0.04505967261426225 0.8654829969361868
0.7055021644430166 0.1445833348685508
0.5185064700342179 0.4291255275317669
0.23695445885261623 0.06072156822139019
0.10727791830080124 0.7893224227580937
0.46607858947136815 0.9448959092159681
0.12714565623547536 0.41530262582413746
0.8380381180809116 0.3106887558080045
0.6922491162489803 0.4795254313585089
0.961094432243033 0.6932658572297257
0.11033548094418388 0.9609710801577183
0.6981826682346093 0.6196606087824161
0.519087735609961 0.6544249374950482
0.07254306059780347 0.7317390017810159
0.6779492629672899 0.7407672433890724
0.9545384589721804 0.2221149956295796
0.6683589511315549 0.9302909973102922
0.11422901556362364 0.5091768016790381
0.2661346259092945 0.32961500119503206
0.8241498631491826 0.5846025607726393
0.29005148051474694 0.15485019275682887
0.4687896414154069 0.8635954212832881
0.4840980606641929 0.38556924089238365
0.13640322604147648 0.5304683945214343
0.2810164237754851 0.7076136627451495
0.20504712267397474 0.5229488315611572
0.9606588739878859 0.5477618742563974
0.7376095565711185 0.3417175603377207
0.4098756747887906 0.09147625510788915
0.8532245694581533 0.4316889528032337
0.5187861487829681 0.7981400419280587
0.23257636022654293 0.2880792505039431
0.3587157159480052 0.4316060130301502
0.2660573605562997 0.4538291631884801
0.9176264299245962 0.5855668240026228
0.7295875363383297 0.6606555579296156
0.7306280117249393 0.8375699215612546
0.25553050347337924 0.8232181124223084
0.1025372600361536 0.9352953403671804
0.3315415157738224 0.7173979561875223
0.7043987836150538 0.11166605680133768
0.5929998581099394 0.7098373161582525
0.4266387164890961 0.8824443901214709
0.9376209550000636 0.6078296101650951
0.35899191668358155 0.14297576346432672
0.8402356269512294 0.2063941803920104
0.500070998239803 0.7881635765431829
0.566691519627128 0.9975953475780837
0.5681063633270047 0.3725782441657004
0.9033456331326077 0.4075652981985698
0.03261684932704956 0.5351125897290323
0.7338144914510787 0.5466682918730228
0.4225526128694381 0.6163256306966374
0.12722686856137666 0.04990391680824824
0.37098159277099696 0.7533137426653611
0.038014207309770454 0.1933314724787769
0.00869128346921011 0.05638200894558021
0.18559603270749125 0.5963280711124672
0.4475444056261788 0.2291398940274516
0.6054386360955004 0.39839588400084747
0.5512289008114439 0.7853533821529037
0.647976128702975 0.1582048522472268
0.9289477930011505 0.8419737321719194
0.819753207178479 0.49607617706441376
0.6862747000089151 0.3285889892517848
0.6924790317693852 0.7366169334465935
0.4313603085483886 0.5464447094933262
0.35378592999494285 0.10275420278407066
0.17221879254269434 0.8799683810754784
0.06619494159747452 0.6974315472411621
0.7362828754183104 0.9231286407494201
0.9955214146459086 0.6563200207582107
0.4790345720125708 0.3698380003856454
0.9376140628287861 0.08880580060869137
0.06523227816108612 0.41665575136674393
0.9946597063726963 0.5136774776020527
0.5438518831664143 0.3461860766995899
0.6178528287603287 0.346398606804629
0.14352167561936202 0.8093128311482793
0.5191336014545886 0.15119870976291483
0.6494819389656947 0.5941922795972256
0.46735631528465627 0.5893204586587917
0.8992190707760199 0.00837710209272613
0.1808726070566853 0.579250966230697
0.20056981001932295 0.24888689677710163
0.8726124651440155 0.2977103194698456
0.3128949970354795 0.7672205472755631
0.8371147054328851 0.48150478034492705
0.797158902222405 0.9341007276873949
0.02018724849709863 0.7562099753585096
0.7775090347622613 0.4751492212548025
0.5112299767671069 0.7298179530814712
0.8966865127691008 0.10444902933631939
0.0304711761554044 0.1337962186040058
0.9793722804092528 0.06318330973784692
0.7462254144914837 0.4958165646035724
0.7364172116715055 0.3491510972666183
0.36544028805930395 0.011204235814984198
0.49815059225742786 0.8504366761361379
0.8755986665618909 0.21940462345267475
0.5843318389384469 0.6441514439413414
0.4227460027258898 0.4993888443369505
0.06116620995784228 0.2106872656450236
0.7868113847766458 0.8013822220960989
0.6296129059748796 0.8157326727689305
0.9450582489990069 0.9473956369410175
0.46050988357057254 0.5417245433686746
0.8020259992478593 0.11676527860721042
0.024981200251279256 0.470033637165977
0.584171464681527 0.6480026611044623
0.9885156213361168 0.17955994738030823
0.4355890396962907 0.9259036972068255
0.29618944831416893 0.676345529036767
0.17050492431869047 0.717288009318858
0.35866306550841043 0.7632402724996092
0.2936032033696332 0.9256807147665698
0.33538963872301375 0.42204696864031366
0.5323928315418114 0.8702923722880411
0.3729974562658087 0.3932803389474162
0.42440673968687914 0.12851776379949742
0.4090573441357199 0.6961699970918442
0.8853602580046025 0.41399204594394035
0.47607965414222697 0.8656271142815282
0.6579461777046673 0.5268554355031301
0.9628444475809994 0.56846112988188
0.7383533970080369 0.6140375082998486
0.07789455820564828 0.29427708622137394
0.9697826775363927 0.26312644547834285
0.9634076973169643 0.15966766580217584
0.6549935837220104 0.2445839945878996
0.06972541661717613 0.25685874039712364
0.5484634134263651 0.046465152609906246
0.8760409725393408 0.569458133921164
0.6283823404765396 0.015805832412892684
0.08831347409431256 0.19927410061471917
0.8488866778514275 0.3021717249866205
0.014317749394545665 0.4377844220405702
0.40246528699205086 0.9577969411754934
0.5058756590050899 0.04550714728573202
0.25020128623953597 0.9894601592463008
0.16798926479307208 0.7657725732925427
0.28619605101623935 0.8250669503692003
0.8238132139947234 0.02560394536954913
0.095823953393404 0.9830390214096318
0.5522487689129769 0.9225136971314649
0.8620618450698307 0.31751319109853715
0.88527590106474 0.011651997869228214
0.41721684563183525 0.7062743045067168
0.09975443804702655 0.771283096791973
0.055102304029132076 0.41236727018829544
0.7616823240747752 0.005897548260176633
0.648857405353283 0.1216409499847455
0.9624984032390813 0.5347821977845768
0.6543576038152126 0.07450298109580111
0.7658032638532066 0.7117972028430017
0.5632041995560213 0.4433314227070255
0.7331310724734528 0.9865648578276209
0.07203080672209516 0.9978020790279041
0.8048715264410664 0.13099740699639595
0.4583117268103367 0.8807389894879745
0.6179037677266439 0.9998407147838855
0.9038299160630299 0.4523677755914386
0.17907858564694967 0.2649246068649411
0.23871416618394936 0.3242643141876047
0.9799217071982962 0.8440352274375322
0.5047015643520179 0.6525803914315054
0.49120685508489803 0.5852545510993981
0.6449977761438075 0.16532057800465472
0.7685388639834931 0.10658216112868124
0.24437591641936462 0.49632403202847586
0.9760691630581548 0.46544178515975254
0.5588678613619398 0.700935406271394
0.8761127272147708 0.9629038869869524
0.14828164180279746 0.07509242766164381
0.7166678497317089 0.05358668681602907
0.9706480950917591 0.20020528035866536
0.5230564401636693 0.4346798126179321
0.058448793353375716 0.24631418654817216
0.574757842743874 0.3156979286651571
0.29467231866607313 0.8809938092693916
0.9797666456803298 0.9744455071840548
0.8838336361385137 0.4452478097212942
0.10880735168747302 0.24349957611186612
0.8873999503162098 0.13095354686776273
0.17975136580934659 0.0809350493551051
0.7952752055470165 0.8698345007462815
0.12765237464786505 0.6962001578630219
0.5672063547183237 0.16291206707482786
0.14180758831401907 0.4275521788788361
0.6482160985527059 0.3100157267633239
0.53231634076359 0.616784503269963
0.11278293964913044 0.6407548974967918
0.14065511110659323 0.1979021373127099
0.6569699791049524 0.34882829930111625
0.45119489340979335 0.2941949295102335
0.7447723627656759 0.6336335141457625
0.6774113165883453 0.8303531067331211
0.7022873936558691 0.2510124416660111
0.6909071526596586 0.4416712473711295
0.12758328954025844 0.9044662895776618
0.7554727258687648 0.4430354048829086
0.8021265486327882 0.8294166187432486
0.4848741614082648 0.1091583231574631
0.14301318154616371 0.13795914489299976
0.5140538685078462 0.09951348552511696
0.656432309020154 0.3196940598244873
0.43737027090656677 0.28184070505617287
0.9737939801876392 0.2178707854753521
0.14043934726978846 0.2503180367940838
0.7971255712626986 0.1431627476298034
0.8139941617355579 0.38751097220197583
0.8518746447409113 0.4027555022778282
0.14339263482447873 0.6756981937482873
0.9440252327129153 0.33789940787843276
0.7876684967979115 0.6370252674233063
0.35134383165661687 0.2699767383175884
0.5359984049826201 0.8821265036408152
0.5690274268022786 0.796438470344496
0.4363794364368607 0.05576377113514219
0.25322502374886313 0.86241488149658
0.6617748958842149 0.46109172932173004
0.1734276792965106 0.9642379421953762
0.008722969183236451 0.8533171266667754
0.4507371340051436 0.0267451113149908
0.08594055493133079 0.10174664302525183
0.08174577363965674 0.4896372828141118
0.9221052850076306 0.15997546685852893
0.03503234203010708 0.825154519200642
0.41033139675418573 0.42653889488769425
0.19246798155291223 0.9661304841782232
0.8987533808154888 0.05179649367544292
0.59044740161536 0.8650978918306245
0.7628759917393333 0.6198302780357059
0.42408993078157686 0.32210664653294496
0.752316440600076 0.3517696704646276
0.5387663417202706 0.5927908469405097
0.6652062200050111 0.003981637207649769
0.6840261373968468 0.7798496654886411
0.28217278462010476 0.06494714426261794
0.7447682018763324 0.707963778369503
0.46408625878765153 0.5664624780625793
0.5131492746283577 0.8759792769680004
0.27186700543497233 0.17583869398292928
0.7130739481177606 0.5539730754948962
0.15232757313730838 0.10452362440767415
0.3238968462307157 0.07972193356897472
0.4103494066420983 0.8659854354116916
0.3941696338948051 0.4567024742557573
0.049669159950485264 0.535105956460034
0.8879082445444089 0.2704789419094811
0.26469187976127695 0.34639292052655524
0.9965511113392973 0.5593014783850461
0.36315820223071005 0.9931492585089583
0.4213452663752064 0.45437340205092136
0.20468541440977872 0.8237975379417546
0.32194785982885543 0.883528010497743
0.3217290276249962 0.03527239514994163
0.04820311826985901 0.4494692353006853
0.2544677890533291 0.6960712361222123
0.9905000745115402 0.46496364375769605
0.7317455680506129 0.21631593393525628
0.7159326261731129 0.8939609565487188
0.7478648353217208 0.9674786275556722
0.5168592457520591 0.14129940192675816
0.7269859618828629 0.6624961682714956
0.958137485794885 0.4564498275883482
0.5548667778638772 0.7445855119852802
0.8496678099710107 0.30723290823727845
0.28948669489230405 0.43649065226956707
0.5425153538850318 0.5893628349392828
0.11816696029345519 0.4520726036998868
0.5935155043172853 0.8823373706832154
0.41114532402700066 0.8666875300405943
0.6479280773350655 0.5885408859742758
0.6569920702443033 0.4372251238861258
0.7034522595407702 0.9174319070876058
0.5834841765660261 0.8702603327311502
0.8698162437028629 0.2604139832313441
0.3492954387991203 0.09098190213502177
0.6922426598555069 0.52631881862009
0.461715698019848 0.03166677028916354
0.08836733407163888 0.10064172330459242
0.26615183930475106 0.8239885617263578
0.19313813629623588 0.42212050318178607
0.7585726004363085 0.9279613234639257
