10 5 100 5
714 980 731 668 1033 703 770 840 1117 509
1826 1817 860 1016 846 1109 502 497 730 837
1698 2000 557 954 537 597 579 1139 1144 1334
1888 2237 767 693 922 591 1402 1309 1274 1356
700 1099 604 1141 944 1435 1341 1434 1145 1076
533 953 824 607 952 1124 1071 1263 960 883
798 825 759 553 650 867 1398 1034 1415 788
947 850 684 595 1172 1447 1228 1442 1410 1385
1032 1132 747 647 612 889 900 811 1035 938
1024 944 901 969 830 1132 1178 888 1017 955
9 8
2 1
6 6
8 7
2 4
0.8257781735118879 0.6040885488020793 0.861589991586518 0.3497915662015405 0.144191657457551
0.647184116414036 0.9808257591410594 0.7515577827760643 0.3532126288684775 0.2919729667748556
0.47576933311433345 0.7434732976785244 0.6242326486380003 0.6342889696592604 0.37308386939247684
0.8080509118731858 0.4008826987850724 0.3129765787689844 0.8685262487754195 0.2720604278878769
0.11950806596469854 0.7166176616071787
0.20891125537955268 0.5791795947351404
0.09424436456687779 0.5166041389288512
0.6305969523277137 0.2208474483712124
0.9436160867886312 0.11095321308714379
0.8434085132672655 0.0952718361992646
0.9619148409801874 0.08496459952220436
0.5673898396796999 0.005479203883322459
0.31533442247450894 0.4206368908733946
0.7335714323412661 0.1639335977487486
0.990273131345722 0.24747530896582326
0.5340797196353946 0.36632823988999474
0.20314416089033505 0.9068950954310875
0.29843914444687947 0.3567316698983205
0.9779242615571055 0.5218995037794274
0.6884227402678604 0.3724597883935863
0.8802642223092196 0.1003320901500222
0.022846937558028912 0.05336179103151273
0.4620819886133103 0.7765462931732545
0.12802504186076114 0.8075096745273391
0.11716597961274466 0.7570631855617047
0.030405271713449755 0.4742443249603159
0.5222740976301938 0.704565216052935
0.7877345760686378 0.5305806575590355
0.9896141460621206 0.6863325544928147
0.2599391861582867 0.5824497849639825
0.032906800834040295 0.1110818475621369
0.02709032410927459 0.3627684721472082
0.8439366852772228 0.08241417366406689
0.8876971716482449 0.8578941483858538
0.7595184965092405 0.016521495066001313
0.08891002114610491 0.6303176381456432
0.5734422809786177 0.2779089451603891
0.8072861269533671 0.18923742026665646
0.2957983752110085 0.7477591697707946
0.1923386888543639 0.07426168321872706
0.5094007594444205 0.48685616355930716
0.5269611798980678 0.8707303765943815
0.4087887659661362 0.1748801786757479
0.2591089336792787 0.6716662083425162
0.9651323422119846 0.2995748384251937
0.43587764015838326 0.8650236646955234
0.5075419614031678 0.27306939638991756
0.19687671828075382 0.1647342758546646
0.9022140455147218 0.09999486559698245
0.004054450530399212 0.7053071125593551
0.03427830042478042 0.608468273702645
0.1250240391127837 0.45770925541730323
0.6845471008447075 0.968183163850382
0.17351794268756038 0.4181430635760335
0.4398199031765673 0.7218214366439801
0.7883920078879341 0.6215292387189453
0.5814462546380443 0.6679004397154038
0.39587766578922934 0.7324267517470022
0.43680315905800216 0.6058770793144137
0.018833932877729165 0.7811294669043656
0.8698882662783072 0.02923495037890711
0.49556100070462294 0.36621809285915785
0.3160964684354093 0.18652969250461116
0.7344785980394104 0.06284108592818471
0.6103562365225419 0.45720493491610403
0.5884740477994557 0.08206056501470083
0.044456009204329794 0.7861660811243005
0.48124192095757445 0.2211346936848424
0.18004356855690662 0.24660548512350444
0.2575326969990692 0.7032064912808311
0.9810220821206259 0.12213602491059783
0.08436030738878642 0.09379887244508911
0.24151807511189638 0.06128415496965767
0.2239521554056667 0.8058006768387982
0.9601862444487108 0.6444437015846898
0.04632915260359982 0.1422579781947937
0.4246689488048394 0.9361360929360301
0.33092320091467897 0.38532756353901276
0.9743960705737751 0.8967272952236514
0.8616301840147618 0.4967376549977527
0.4588460388744795 0.304099447107405
0.48145835349433197 0.7917912136563645
0.9726023683859788 0.36405717895898926
0.09713650619174241 0.5791780839447613
0.896570107389181 0.7579130220965429
0.03360800553866272 0.1400229715516319
0.5824255090499388 0.45042130500036137
0.28307368436389635 0.3094403490746518
0.0251378874122985 0.730958635993018
0.1290759403634063 0.4806842506400535
0.69376738339993 0.9951915713936021
0.5532425327616843 0.38026444026299155
0.8629362669540537 0.10045506273687521
0.23368153279799397 0.5862321699543664
0.49587992568212425 0.13894017611127674
0.07779065958958453 0.46925965340124964
0.43006596585925916 0.748546265128875
0.42794070705845644 0.8058595506311343
0.1908148742555753 0.665619449808386
0.7739749787773855 0.15897939028892494
0.28914055397224114 0.6357046639223034
0.9531026877054105 0.20127177805340035
0.29917713476106256 0.4661853594349583
0.32169556701123625 0.879079382418688
0.4161470269185963 0.14937882772654
0.8391269916862021 0.43158929280313707
0.9744352093139748 0.039301813133435504
0.3128692209728152 0.8923950009683108
0.8130789104739999 0.7743782920227182
0.46883028956058936 0.25800359730745703
0.17187772584923633 0.7216104524306535
0.8210196797723603 0.736102135376492
0.38144221280206114 0.4532613241395371
0.4550249967183888 0.6169906548045736
0.8003158848523777 0.042628452671547024
0.9996590314979172 0.9007964378123223
0.40478250032500607 0.02436105853088799
0.6806916157046488 0.009147045528816511
0.8354222247553733 0.36274219369193816
0.6075032944509791 0.06486681538544237
0.8355278796052399 0.12976716476189987
0.5659963514556572 0.9951323254896638
0.25467298312947917 0.9666653370846301
0.30405209274344847 0.5105443996962526
0.004017817200541174 0.06443283204725647
0.473655614378496 0.7452136280678614
0.9035503109247811 0.4306293404637265
0.40455508620155856 0.6603272831101163
0.6976871638061801 0.20918640001759026
0.4130587818022431 0.21094780335845664
0.4875205774127702 0.31817674716871225
0.9503099010538119 0.832691571005638
0.5099838745293213 0.035025230517383044
0.933833234714907 0.859840164215774
0.713207173922187 0.47124695212850765
0.26155737899054254 0.532489892544115
0.26365299555974064 0.05755659769789423
0.13450716109932848 0.8811585201303245
0.16101468651756945 0.7011253111018045
0.8106276654929692 0.7484906387896597
0.6632639177981279 0.6485101142069336
0.4536182489353331 0.38540589587004703
0.789145681294134 0.21356622301973038
0.6342647439097644 0.7450454348809876
0.4066904549870458 0.38403872756134816
0.16725612632987952 0.20858867985379237
0.5491402954735183 0.16786820103580635
0.5558526149759475 0.8408615025105677
0.03930169909376846 0.2168283385028167
0.7019036149892235 0.6770576439669689
0.03098601447697602 0.22482757268140374
0.6709795516223511 0.03911979726701764
0.6723175133471564 0.43891270235715374
0.7508223439584094 0.9146873246809406
0.16106892932306338 0.6062749818116224
0.7108177001896907 0.9977068184849136
0.6157016602012129 0.6182842883394173
0.8972751970390402 0.6243114099455536
0.08831173183583285 0.43573549551725255
0.07449517256872729 0.26647365207019913
0.43030831521757884 0.3552876697682841
0.08924508513252016 0.8123976633111831
0.910836274666404 0.6367606115596138
0.20319145094399294 0.1551453620301848
0.3885752857375151 0.09646025952972237
0.5799136651854491 0.9816013899768024
0.7894708572124798 0.9643036631454072
0.2748973267565362 0.41647034171084796
0.0475727518119875 0.1615638918750908
0.4480041455996904 0.8324890490366728
0.5636142513966089 0.33549842098641847
0.6312925792015456 0.8205076535842319
0.917650907457279 0.6389861533683479
0.9729793842604859 0.25877584699163214
0.126237099702581 0.6081788930693783
0.47172105657814734 0.7581560168849577
0.5607644023223184 0.7472813344904425
0.4379308929645822 0.5860643781443253
0.37996656267565165 0.6760465470911168
0.2828333391885314 0.10597569925325723
0.8199225522152238 0.03259056764610979
0.43108655031705 0.5434350994525836
0.3394251314215382 0.03969215968646389
0.3273159675486119 0.4402404688457633
0.49422729491712825 0.17869156838844025
0.7361297815447174 0.5520962130787712
0.6169005936649001 0.1863625451395423
0.37123157830276265 0.7703676012996148
0.9263804455242002 0.1017544483648265
0.1811120871181826 0.6312560885623606
0.5244079927555294 0.20773456665372336
0.10309523355339079 0.9182066971270031
0.14154835653002595 0.04243365922816089
0.02894566442302371 0.93703698291285
0.3824856794430165 0.7019871139031666
0.8788424226841367 0.6129934782260666
0.7205161623276317 0.10282598265365661
0.9529720700793782 0.2968542146715958
0.026771665960503288 0.2717665582361515
0.10786595663903031 0.30856756600904434
0.1884131340681816 0.6581098868140045
0.9392690419827268 0.6858394252756796
0.4384384760076998 0.223270936526897
0.969322018689408 0.4931393942531128
0.7123917198762066 0.9683069099578647
0.837155658542041 0.5083880763876429
0.10303048353813415 0.5778129989363743
0.4877612486702012 0.8758590394230579
0.33333216949687694 0.09489286621991178
0.022874193395483244 0.2967019367194659
0.16155955978942727 0.2634451642347697
0.3832996113920062 0.04495488189982577
0.678776689243511 0.2550658373374026
0.22141393286300692 0.15523955664046696
0.856148827346277 0.7504416502309452
0.36770553637230763 0.5380413267824349
0.7215051594417741 0.9772664206801136
0.14619217900681858 0.09954448005548122
0.7602370433356791 0.6358084097776278
0.8238619880934157 0.24210198938500782
0.8907331235014995 0.8048260365276341
0.22479749523024806 0.8404249263074279
0.33382300207199456 0.4844780965069644
0.6642461552818923 0.9699921893415089
0.9315909542392176 0.07468421240993095
0.010644712912202925 0.236350450697693
0.19456151744409067 0.391710289015083
0.24755804705416518 0.8619120095323192
0.4443902582909567 0.25353824329620256
0.7705721849939957 0.6016524173035342
0.05366701399347695 0.8450651345768916
0.6783222594452452 0.23828525641736897
0.2732638224506674 0.5070853859663147
0.4706942745015492 0.5856213833211938
0.4097034440920173 0.4922646644348285
0.5554617273209888 0.3347461263485567
0.6884626853325746 0.04768846456432896
0.3461944386447138 0.345973553161111
0.7657826504148986 0.3815830901749049
0.7027849612175727 0.7455150376320625
0.5696018633126279 0.19752814215394454
0.067285300548241 0.9916793514313849
0.652091839037912 0.7636782659267867
0.11170297898754278 0.3909061307819137
0.7438898832702499 0.8617920420406184
0.7056510813066239 0.7028354635532448
0.8721737440992172 0.19644739490630814
0.5078291071652026 0.8455140663834919
0.015375770446400594 0.09802878302932583
0.02668804796432145 0.25810447095814415
0.6224793257291752 0.749050101777798
0.8582480820123009 0.5354877658911217
0.7420637098951668 0.796764188093916
0.1236038946850253 0.3207932595114802
0.6530439321786434 0.41582730902259146
0.7838332939658912 0.1583429246465069
0.4283813213203207 0.985946948025022
0.5177139153241379 0.8444846533841746
0.5710032473033371 0.5387327453432635
0.1636141402858282 0.7037257580887888
0.11187824937678292 0.389379812857197
0.23344179394082754 0.3616268914882155
0.2767807053523166 0.05627992974886986
0.46347339285518707 0.3074499447704395
0.8892174024085309 0.9685837529961501
0.5000054318454674 0.6707115887161266
0.11278429111285782 0.8959374793483144
0.027049137317502803 0.8553785280262451
0.5200263129315548 0.6768636795071019
0.7261794018004466 0.6317729997363184
0.3549399142954204 0.7907438676726877
0.44160145284400887 0.37195455936837174
0.32335199051757124 0.224509739234787
0.8105250478153989 0.4800685819921966
0.04061291839401049 0.15185419736025696
0.8231785920467267 0.3406530842758151
0.5686854475906897 0.7947778204615272
0.2425109127885101 0.33806941105509214
0.7457417162343438 0.9225222084208544
0.16728924115054444 0.11292527128787921
0.8861857426539443 0.1927253401831408
0.49181186782159925 0.5855087237863439
0.07699101494119476 0.1613962213309783
0.7013540803416851 0.16026873482384496
0.31878673151828885 0.1048257879246286
0.4568825795337763 0.8160083804898466
0.1984645383184367 0.5841485852385457
0.5212085531347661 0.7476499345116963
0.5387121795040182 0.8771557489527368
0.10051351041216217 0.5986066504620366
0.6134620388604934 0.3442210842126425
0.1788916913774421 0.8897214892669978
0.614848928736323 0.8183485758179327
0.5921925996634112 0.07082792137234595
0.78590653943947 0.9013065447773541
0.14421064810373818 0.44660793072548444
0.4820530470397528 0.22181519131374827
0.8215579361037697 0.6225718830771041
0.5732316032346305 0.4703297177027832
0.7014731176733999 0.1673366403013783
0.36303522607961747 0.7015066394006726
0.3431371545476616 0.3876801204177567
0.8575424672911054 0.5086066753916754
0.8725509399102693 0.7790235506037748
0.28924029222358505 0.49395240925687967
0.48206793549191396 0.4581803376024498
0.8175831986240558 0.015095329113012923
0.7237918756111539 0.4344324531013286
0.7209829166558153 0.1767260978947529
0.2658086932317121 0.2619264378031616
0.6472134616561711 0.9141487505039172
0.7948744428005974 0.5107990418564565
0.580720769143602 0.5218638876266335
0.9318536857115036 0.4820554429349795
0.027406895691515 0.04608321149403172
0.7597884454321282 0.5243140123301095
0.40591064789718345 0.7401130743829736
0.868301746696889 0.16316634615941839
0.933772411190132 0.821414786944419
0.7233438378696904 0.8823779099886877
0.7484703540256634 0.6924537800401871
0.5215181891303824 0.5726081613201153
0.7055130465886639 0.2831329774975482
0.5663843974146308 0.12156533658498025
0.8920465982917145 0.6636153658321138
0.22890222523551995 0.962654201678812
0.2363927048364487 0.005310355421745294
0.45490570318045953 0.13764743998071594
0.7953667018654946 0.224204049707053
0.9483505631561309 0.14958238232842436
0.029882532627533154 0.39970011950277295
0.7928612313803902 0.06970703638803744
0.49811074897196894 0.5770979151897053
0.6308760133831453 0.8780846526550354
0.06522935850907907 0.7693360205851933
0.7222596871678897 0.7555342899885891
0.5240147771122079 0.16411351168893873
0.7649080336268717 0.867884618840769
0.6005769316413281 0.11641834014642849
0.2566325496926689 0.4372799894178787
0.8768799325757841 0.13352984586230177
0.801547588319619 0.40870458285202793
0.9534896659647338 0.4631372302490424
0.5301689302088533 0.6713847742968153
0.7380287314131797 0.7341528549552385
0.4803482934146486 0.6399321679971435
0.5197829493731105 0.035209508674623136
0.9990953376230054 0.8054773414067167
0.8468178764556928 0.3610293210576976
0.29996811089087294 0.30777278632558747
0.18187184888121388 0.2666432126902629
0.9733134735658293 0.8949204507499009
0.8124103716725106 0.5153842879817729
0.7410193586222231 0.11294248535261309
0.8149542654191664 0.6602356693581704
0.42556847804245357 0.29654644841807465
0.03852299901283507 0.5555036806858631
0.7431116181632247 0.830189094717033
0.8115180956047465 0.23311161473685882
0.2166233977843366 0.40998063021642794
0.5810329603024393 0.6586974564501686
0.4651079507623892 0.8504758441595757
0.6755758680609583 0.6737237760628298
0.9178860912659534 0.21694246863988198
0.18607292843173306 0.19624615537626577
0.25151579918038336 0.9199178559415087
0.5335631632576012 0.6190298159986687
0.9256279316384357 0.555117891124437
0.9633632729206656 0.979011386027699
0.0869587978599129 0.42159006832129164
0.4164297910941692 0.5676273539393741
0.3773129574937599 0.9563697713155834
0.6830748157197286 0.2725938799063121
0.9758294428637133 0.6511162747600618
0.40354894360658355 0.9446711672659354
0.504329308079551 0.5407158236224581
0.6281828764908355 0.09249540252803912
0.27916259454448067 0.19565822405691957
0.19023841762832716 0.5844321133896291
0.4794292755944336 0.5188096011709766
0.5671633348630924 0.7914169663125132
0.6799289242420647 0.03671378644856427
0.9415285054852036 0.8344765869384527
0.7462174233848293 0.28080504011828933
0.10976143737143484 0.4992417723522382
0.7596962222542638 0.927086826543932
0.8119459289827893 0.6857761369711013
0.5622840403173521 0.4873427811040403
0.0057381965600527 0.608402841547717
0.9962333786092101 0.40883847609362234
0.24624812630134296 0.6164673321534122
0.6457302773081972 0.41017872401204114
0.784668659628688 0.5179282499030784
0.48287159059857054 0.15696646251869506
0.548321115671464 0.2865272432340731
0.12452978111404422 0.027318922535263912
0.6963258152689544 0.07735047082974411
0.46274408786148835 0.5811534078472389
0.3401546924230887 0.46743804362408325
0.4676434166319803 0.7369609404645441
0.379920611451787 0.7473928864653083
0.08111401669490004 0.11560775857745265
0.8499603279675529 0.5331360692121792
0.02803507411010675 0.14449571826365126
