10 8 100 1
695 792 804 918 916 919 972 997 1093 987
655 736 838 834 1044 1134 1206 1274 1160 912
754 712 845 893 1089 1108 1249 1621 1328 1136
811 759 826 974 1002 1080 1293 1344 1114 995
782 813 903 960 946 1122 1135 1079 996 937
841 786 806 888 1104 1049 1152 988 962 963
730 883 952 993 1088 1061 1066 1019 911 990
703 836 840 897 1004 1183 1195 974 1002 931
908 794 870 1031 1237 1376 1122 1025 1054 986
893 984 1054 1132 1298 1465 1333 1085 1061 1003
4 7
9 6
8 0
2 5
3 3
4 2
2 8
2 1
0.6047771240873436 0.7599549547731321 0.8175670971914983 0.5369942369107367 0.29276570582066674
0.47816261767371215 0.5638536513442018 0.9819744158298997 0.5730699589798028 0.3462670700117776
0.37836495498432376 0.7223471431732874 0.5277438072216296 0.5276439428827198 0.27083909442628495
0.35364492458946384 0.6305750773315697 0.6111045224641515 0.9220343300556295 0.37712543690746114
0.7222615913866524 0.40087252681722246 0.6613982990788172 0.6481388566405253 0.28098138448001986
0.7977931545417458 0.34085205717212996 0.8878985376266189 0.842135440009461 0.4801996380619248
0.36468726096628223 0.6855865198473019 0.8831133933352722 0.5077195293210303 0.2583252772866043
0.43715615002604036 0.18693289929458534
0.569224956942183 0.2704013547620079
0.21175191551545192 0.7308759866017676
0.02934552459276385 0.9968682126024337
0.976820373035652 0.25230028264915605
0.20036485788754388 0.2041382507349767
0.24194051243366332 0.839185175215164
0.967625608448285 0.8587095176707273
0.12081809638297791 0.47502722650428764
0.19601568266403357 0.780975860189085
0.9399955722809867 0.2509743892135661
0.18031414169161009 0.2103769741133692
0.27340604925504963 0.623328755323098
0.30286438651975156 0.9666878253081121
0.09808686489849539 0.5662802857168838
0.8169956044954187 0.5255229915068613
0.966763458169912 0.9116017484932131
0.0804892700523756 0.031744627658360836
0.17355741576409822 0.6962559132842723
0.5827496925174396 0.3545761081419747
0.62815428051467 0.5288261305738904
0.11940240371874844 0.7101173300503909
0.29739434829572065 0.3986977536605558
0.38082919053250874 0.1914973504550359
0.45596845441376477 0.5011207518778598
0.30003549441420363 0.3704103863896895
0.8100391382616645 0.6118917591155577
0.2396755699302633 0.1022110652042112
0.4059188009846144 0.8295155761203437
0.32475080922821986 0.3469226355670787
0.09728664732292258 0.42358095469367685
0.13040082005865306 0.11047103591191876
0.6831201538093934 0.09183985022715668
0.4844082991932972 0.04168970705597386
0.47331678207809813 0.05107279530195186
0.18592961801631946 0.7670872772750372
0.9620347330111876 0.12247092190103026
0.21100023029089376 0.40952715406264883
0.01705768496776572 0.670361698425578
0.7381313718125593 0.06389399593419709
0.7596128224146859 0.6721247951489497
0.14174443118884028 0.2763335069359596
0.8001645763988228 0.06677824644671349
0.6033357561698702 0.056304702841263765
0.15758621001385564 0.3864570495080446
0.6643694088337495 0.6646763967333442
0.18170348691974292 0.7175352464131368
0.5951035992185294 0.1720404730891869
0.22605234945083974 0.8547829812400936
0.9593663781055557 0.28027950417324177
0.9283042754970741 0.3269196919700337
0.6461327953062652 0.6624732381450489
0.2630153908082 0.04177578442106045
0.2930861434202745 0.1806744196978165
0.0695630904140323 0.8471372878861327
0.8287305630760988 0.21285379030963836
0.973112985707222 0.0017030337657166772
0.5628411565768736 0.09001676307942708
0.060564567253868606 0.5267612480694157
0.27559843797043704 0.400056858225492
0.6954733932790083 0.3856383261230041
0.393553499677608 0.578969783764647
0.6267080789993382 0.5994792982645547
0.23703152739865962 0.12084909566628421
0.603213455087714 0.8619119176533598
0.215882351075962 0.8866436770480868
0.0774733047170475 0.05688850814552571
0.6883041580660545 0.9883703990819082
0.19661637760587736 0.1289674963979881
0.8694658657909904 0.05276254654629886
0.18307739708049775 0.1625469014543186
0.10376723877675897 0.7669292168919726
0.4202672702825667 0.8408797365961147
0.8220163065526112 0.7324430183205703
0.41002406834251315 0.998132106809249
0.23577820323012277 0.20731882499181165
0.8492863088911085 0.3148884492429509
0.6447218975708016 0.6767045125137665
0.6486180721401049 0.6773636313201425
0.9685029492075312 0.11166899794607943
0.17811947733890365 0.613336718367091
0.3793936745440558 0.8717065460495828
0.8993910158858072 0.5369844859895316
0.6278105312999007 0.20575811431644442
0.7116312860667566 0.9458905234902184
0.1583339415977303 0.032896634273375636
0.315146597369905 0.30909992898963545
0.8200635424094744 0.7501625786430273
0.9861779063555802 0.11174155765288862
0.8022607604808596 0.5412048733902179
0.27509049007689734 0.592290059545828
0.690651364009655 0.06802779163675998
0.8955478965468813 0.1612413665749084
0.2718198997643506 0.4627852990681043
0.7523911167420574 0.5208818519959062
0.45820770658279564 0.3728801786680873
0.5145671981106366 0.6273742892761227
0.35833179070700893 0.3180598830157013
0.015015267370311225 0.14100594600728722
0.31901606239566593 0.8369745893812572
0.9890788471850245 0.12041316857001694
0.4929943242885495 0.9341782546893416
0.6422110007094368 0.06020140338883828
0.9630678514291209 0.1295398941299708
0.0039940664932267556 0.8990037851678019
0.40570955074924764 0.9445768811269353
0.4260935947549136 0.1737043847622688
0.23375659208876653 0.8987494532904821
0.21291162595194169 0.7684733982235719
0.11601830590380646 0.42459092644440144
0.7259734709129277 0.34590735925698013
0.6840286585904063 0.8552640354278735
0.38437920915277823 0.4856639432877383
0.008375602763480483 0.7078653091419473
0.873799958637804 0.9350446021381909
0.7041674921717933 0.0742156878687883
0.4411749460227796 0.19621704930442108
0.9121130519030021 0.5646501103377755
0.3588810438307264 0.5717904961607987
0.760756817144691 0.8585148540588186
0.4471246941143081 0.9552877604300294
0.40257737711283403 0.8772481283003069
0.7158253323508603 0.9772269448995035
0.2923310645666586 0.8147167743024697
0.3952673917801177 0.8707135650330318
0.5943834589293295 0.7136526362726596
0.8541814944884902 0.026972031529439278
0.8933877417192091 0.1918637448624747
0.48110465999020735 0.8092608827192667
0.9255905042642947 0.18758780410077946
0.5094082573534806 0.4176777058946963
0.5073786445067967 0.2002879810061058
0.22776404670066985 0.09274298184938945
0.1421293575059175 0.5672096968821008
0.10967605641116207 0.17300744942728108
0.9238542180283327 0.9652555158789176
0.5884171670366514 0.8084361858397662
0.9478356244625377 0.6638885012505875
0.07082132124409335 0.12699401044211434
0.4089689427747496 0.7403330307967257
0.010804089288116048 0.44660803040758723
0.7290405705231837 0.19698486987566088
0.698846071803749 0.6032860613539026
0.4763899538683065 0.595958750495631
0.003374325452261351 0.6564533023147443
0.1771633984227554 0.8445984550708927
0.17900004343346487 0.02904111434480905
0.9835905584298039 0.11596357280084835
0.9048311952385513 0.8667787176383337
0.4345201144608324 0.15514155524772222
0.5943770711110907 0.7665838838398626
0.10309843672941765 0.34758464303044034
0.4276132804846604 0.13480957566051766
0.23637641677872234 0.606536509261592
0.6290666354113752 0.528864440043626
0.5955202115850047 0.5577061435887203
0.512071045283162 0.030069888533434286
0.5371114763860456 0.7835523019747839
0.7369176390761227 0.6122151857251972
0.9332402176001724 0.22655956474886985
0.7802429811398184 0.46058453960352486
0.23765208514377423 0.818291842451409
0.640942177811977 0.6038423550246523
0.5346259314769188 0.4721116842997737
0.3936892772966183 0.7145139616025329
0.47792649289925815 0.8470418225251586
0.3543888182410335 0.8716467893951159
0.032738851686083814 0.9197033872982749
0.18073321391500463 0.2780268340624883
0.5991500324226235 0.8609949489445765
0.9415419413513519 0.4050539651366003
0.43005242580505 0.7649067292674507
0.013458343829519714 0.02985466277835913
0.24476023497724242 0.6793081160317047
0.5553832589098806 0.673508157031139
0.9417591876499012 0.6023501848331994
0.08740409145016015 0.9047439370344463
0.5290222100084001 0.2134940234265339
0.786241399338163 0.6395317955841329
0.030987641303266367 0.22808828813340964
0.6213999718270973 0.1259907863769778
0.7965735682656769 0.4649361846208111
0.4336820397136463 0.10801413931394332
0.7293905975457595 0.5708393744741549
0.8150581810017337 0.06268276489563251
0.1284980116896095 0.024452882332263615
0.8179362054851591 0.24765669431572634
0.1086999736272074 0.1344454428798596
0.9407221339409333 0.10494255305928024
0.9806428330445915 0.7728948892151604
0.28460963461620614 0.9071130516642711
0.35649534311033837 0.6294849461763778
0.6851142000339681 0.6646906610888261
0.9032518322707388 0.257346247797154
0.3748403866136316 0.8561508700619047
0.4050088110874561 0.12558107311271294
0.2866123097867215 0.9050728121922704
0.18618698149157908 0.8400049047291231
0.23500608158792247 0.27890186156378327
0.7859079917833522 0.7285779113406041
0.9370253812063432 0.520691366252569
0.6273335516650884 0.7224777370283142
0.5341508513549478 0.21659323073241676
0.8404750963408354 0.833612464656661
0.6703591710610972 0.5513700127576937
0.9041307772041818 0.3755412895378045
0.5084856629559906 0.5494234919792869
0.9261644513489848 0.22722795731022116
0.8395842754399363 0.11165749656610413
0.6582238985966502 0.6932802346843252
0.06454628776927818 0.7131622162777298
0.5544714591689093 0.8414033950640352
0.13372591097523623 0.6449184668610537
0.07979691315805182 0.9346805253311035
0.36847586423286827 0.6545092708399793
0.7225812352563044 0.4807660629039361
0.9553997390795419 0.3546558902320589
0.32074630223995704 0.12099588131734951
0.44010440628586056 0.11237528421833942
0.31919669218058444 0.5527601121203476
0.8740118946334257 0.638343321594059
0.15767802048181823 0.36740467476074357
0.8138839367761508 0.7525135888896206
0.5164803112448968 0.45939815965565844
0.820633446778466 0.9445790078300962
0.517372147482402 0.5131090874013646
0.31901316938988433 0.5906872398461491
0.006023857394988008 0.5742408385583377
0.8662251633982272 0.8658453875263583
0.614379717010118 0.6477937498301867
0.22147773320894104 0.08881075335685917
0.7037904410390681 0.31210098636338524
0.2571592932024578 0.6051255329744338
0.8743689759175461 0.25218006255448855
0.15406197161345103 0.47571348732021734
0.7119904879393484 0.3897637886868459
0.932573530331702 0.6369299044419598
0.9644570414093809 0.001821642929820566
0.9073133863807681 0.7837962211446856
0.16226730868617634 0.03494198324186337
0.41555785904339904 0.3859315447619187
0.1619281378172992 0.6588946726773179
0.2810504941534122 0.9383662403161324
0.7798992371134106 0.2802611664628296
0.578936678331434 0.6890787964736034
0.3071921279256462 0.15305637036704822
0.05434673861488992 0.6461272360564343
0.8197268062557488 0.5710420206403997
0.23600419752967317 0.046966629630770695
0.29385578523377154 0.3697093412888568
0.807112277642043 0.7817713980355814
0.8456014525102105 0.8912426683868377
0.331822668245324 0.6274900735193607
0.0671540131816255 0.7283539637998167
0.828566572309585 0.2443026049144732
0.11267681237557126 0.5060332771069815
0.9345610575339185 0.6685943003119601
0.8778112426272293 0.9783846129612344
0.00037784612693791964 0.6526516405135625
0.6338932234889632 0.7231970102012384
0.4472676395724502 0.16926036821101298
0.6451197337949801 0.49418458613263816
0.38034834814688456 0.3323699719733546
0.12541315268404873 0.36807769924321376
0.4266142079969455 0.2120879854839508
0.8776311327121469 0.7303648828019569
0.42973437286810845 0.41607788774492915
0.3261209783932528 0.6399610347801519
0.9243747520519632 0.9444715340294889
0.2698479882736069 0.5142201312149952
0.4270630539820699 0.2366392181235486
0.7827590959724102 0.047365365157187034
0.2793536628118938 0.9100266507870016
0.6943598141079217 0.01886419046222043
0.8506631800662812 0.6528669237769034
0.7327800053904894 0.2771106864145607
0.3217202323835613 0.2847106584358208
0.3934176483621852 0.30924588590296365
0.1476368765290419 0.02178359268554453
0.4845402600816273 0.45585226605918727
0.42990840037359623 0.8182383764311709
0.7221064177908472 0.688237451516144
0.7534248722721162 0.37800808970506394
0.010591378831019904 0.8319452169775825
0.676784149548699 0.7696732017280972
0.1422669076498555 0.47938011660558
0.5910661067307725 0.5021801449309866
0.45143048384757245 0.8513522883884515
0.5723967456997234 0.03954214196492045
0.20722951909871345 0.6218735126864297
0.059349807463015436 0.195536227127991
0.5619506777999523 0.7179954844764662
0.14155817298065188 0.24019970488603248
0.1047822320642331 0.5982971198711315
0.6315436021685643 0.38876358074573614
0.42866540979547363 0.7260231591728243
0.9574701714043405 0.11991246154174795
0.8602143681445449 0.10612506689378143
0.6728922531707491 0.33199553892618194
0.8068620877979082 0.5420777126378968
0.1644011916300494 0.8041657245603326
0.9042786284438016 0.3910137984734905
0.2640067529693222 0.6063810767392759
0.28513083350316437 0.7109168355485473
0.5213595267642048 0.59610738105184
0.38593245547608346 0.8806008821784432
0.8333718920942397 0.4311777600408455
0.448344963727926 0.4710305132437169
0.20439808254195557 0.5015648157693351
0.3979154352786509 0.03950256870608859
0.4210125800867539 0.5566816129766479
0.5538049139109023 0.7729573507373615
0.2442600953948193 0.800743355304409
0.9368646983889648 0.43872417832773625
0.19167626769780832 0.46029872234324265
0.6010304314530881 0.9165236402865888
0.507888842029711 0.4372550447456893
0.7098835299655748 0.8878591793765842
0.14352589559412654 0.41046010921983966
0.15265638429972195 0.5609409184191321
0.579431379262475 0.49392299773239734
0.7226285461777202 0.6687649094936892
0.4040539013123836 0.33318352402748386
0.47857388784011157 0.34075840474791796
0.5933652364387438 0.37795789254965717
0.5762806013232069 0.4679944418295694
0.583376022937425 0.02210920909044889
0.4526196317050608 0.7234545184911918
0.8842229622641677 0.573616444622024
0.975102658122772 0.5053898580897904
0.7486500471567243 0.8186889956107315
0.3228307187864621 0.7249313257304355
0.5234154030784859 0.8217689471048337
0.41017967580126635 0.21497183132251885
0.6106743384752504 0.6025072352640943
0.9303738123648901 0.9647895640958648
0.8743891304923521 0.5979760961116252
0.10506677411159715 0.7194035870440425
0.5303350918978833 0.45067077034306724
0.5396948647303483 0.47096725164710906
0.7129764747065419 0.02840274485438532
0.8002706120721359 0.9740769240964045
0.6323500847803305 0.3948788321760053
0.1886331298415298 0.7252822843666547
0.5772991206646794 0.5803110072572233
0.35699098294762766 0.4370643506184777
0.8670862310835361 0.6476645324832
0.7183150302059029 0.011436153998679366
0.2581690112648738 0.6045407987096525
0.1281118022320642 0.7000291606353517
0.09263543518288953 0.41706257824634885
0.21073760030031274 0.6743999681346371
0.284949787199412 0.8922660267932574
0.7903483105335194 0.3644876478906547
0.18368474705173288 0.7654169512236102
0.432824272370846 0.9133884150590705
0.3040482041965795 0.2288907653039669
0.6900340405785248 0.13119476694760213
0.6910764483063199 0.12958960577101064
0.728076639317478 0.9540329277815958
0.9229326494237082 0.9741330401332211
0.9355817823475234 0.4453431403927628
0.1976702921230713 0.1949530354768163
0.13940237989850468 0.8475605865976286
0.9165304041490323 0.8602538589590516
0.01301082265393072 0.5056755703168956
0.31258950205038794 0.44560734184831996
0.561722907770984 0.7830377092168683
0.0888646471043506 0.5005399117673563
0.4382736028445702 0.12241677719669108
0.3227053645634217 0.322007481925074
0.5802724596185085 0.07568469932497024
0.834392542785777 0.8341818430098713
0.7972097782727516 0.919953789130346
0.18257352698273466 0.03259717094450032
0.1898050274250842 0.803398873647744
0.008035581878815812 0.9848750619423419
0.08064809913498894 0.8772561542498947
0.7038589841474421 0.008555681140741678
0.009456981270645315 0.9189288102255533
0.563853000184577 0.2371990987036232
0.8576745954314171 0.6244320444630509
0.9732232098056646 0.4948786740678641
0.30511453007131517 0.9615410236509256
0.7391182795538724 0.8102515432675867
0.11015991281360593 0.8361501794592987
0.46404995769986956 0.7320756501813646
0.464632952896602 0.7315489702094904
0.2067077037519902 0.6945263502084855
0.6091947934319573 0.8202896375608413
0.7656852548730892 0.2552047735855705
0.9418745961652304 0.018256251436975957
0.4494616527510851 0.596164692353063
0.636055474664116 0.5410457544534741
0.7032645951272596 0.7027935438705866
0.8989127884448145 0.756607957537544
0.652950518439338 0.5049867887723853
0.38396618297236795 0.6726444259381168
0.21917542880788288 0.4062876425438542
0.40419374268788366 0.9287959820094771
0.5665263889877425 0.6754292066973029
0.676050113627573 0.14830793343415105
0.20554122971613986 0.5798625667902679
0.4876025585801924 0.8581316924427411
0.832011140349511 0.34821235905599046
0.9617776407714056 0.5837504713405337
0.01564282031335873 0.9164420579929791
0.23920639952991962 0.38107825649510785
0.0720743531221435 0.7945867333601204
0.030349936158962976 0.8115700293685302
0.022232691753453215 0.8856708265338595
0.551040247697621 0.9631414305161032
0.9712989058755552 0.8992713670488932
0.3223641630663996 0.7424728492038242
0.1775890676557348 0.6131763643704287
0.3127806682241949 0.00670405700180865
0.7671354809582931 0.1739236893934739
0.11018420314291388 0.9583749338375183
0.9875083392681707 0.48198272657056074
0.045527005267945286 0.9511119448643144
0.1081027807744368 0.4079944925476453
0.8893043185271601 0.9164675841110774
0.03731456040480441 0.6763126831247825
0.34440926455498677 0.29826108244514193
0.2667460460414435 0.9199794276638107
0.03226494581351935 0.6092630130490742
0.5581671072639209 0.5544260817734945
0.3215608857604346 0.047863255005755834
0.4022779606323712 0.7465731340475568
0.33148042865732275 0.06217204506354923
0.4130905973296968 0.28748986636033846
0.390810941499399 0.5953570436018816
0.6204865471337488 0.2771526887333162
0.07705445850949455 0.9461003933272658
0.6674715417728077 0.623360955283448
0.769709013227972 0.42844179717174513
0.7953755447157773 0.6755981558166195
0.9942900042619105 0.5514784514770772
0.797668349122379 0.9417694681150177
0.8289498027334374 0.5653005233171438
0.42721991745581533 0.28057571452989993
0.48368334359811826 0.029516425749826825
0.44379654316160955 0.6505333460139311
0.12618367833266242 0.618975676900575
0.4498112473083766 0.4202700319295538
0.5382182118973284 0.346834706535355
0.16425609666327645 0.708949503946978
0.664506003144697 0.8541518579115268
0.4102465654064149 0.4853713393462469
0.8684332673886708 0.5862645436475631
0.25719791948841597 0.8357916846080067
0.562482985318846 0.3670081583395082
0.13257464552612896 0.17034720693966032
0.8946014812307779 0.5749981399728399
0.7220862219512607 0.9763255825504378
0.34545902605698564 0.9434347865885824
0.27892779167407267 0.539218732467061
0.24530851516837027 0.5623171311730544
0.47743838265616656 0.9860395675701052
0.9269556684746083 0.9747098766462052
0.43671574036045424 0.38836989761571616
0.4056731261647051 0.6423268721778879
0.5784447585966672 0.07219530365247695
0.43317488071589993 0.0518959813197406
0.8498117757884411 0.07513409139089355
0.8663863480935414 0.6365293329945605
0.6469847292064277 0.14240758935782072
0.21702089428298477 0.9862912347827713
0.8536792831478608 0.5522904644122684
0.3789719991227747 0.07057584368304681
0.8893250201025635 0.19493784140431414
0.3544213253678399 0.2978766282937453
0.6330987784268369 0.2125567328059077
0.7895898307115083 0.8622500108933868
0.1730804896469973 0.9894578861731647
0.9288182144085901 0.7043008246725502
0.9804496684415194 0.7362222894509096
0.47177202946940167 0.36637863655421854
0.11367255399379661 0.5822675914368367
0.05857823930869399 0.8534737465927622
0.05360731032252963 0.12896927099534627
0.8068048654157964 0.7635663856900057
0.625993041313093 0.415408042971662
0.8813055068182856 0.3624433791205628
0.6106486286435984 0.7869465346905131
0.8221220724513463 0.08334750702559535
0.40470232347321966 0.47297815376788743
0.7018648550147084 0.10533126239539325
0.48583176124108984 0.37471394551562365
0.7986032764147626 0.35222134793797677
0.036906568957489005 0.47031842398285373
0.22012794404284364 0.961690570490257
0.4858747009463231 0.24609176005817024
0.27387256669146987 0.9229527170512688
0.05279597514440848 0.6739167322824484
0.3058591777940318 0.28349442437396366
0.778228260472249 0.8637708518743852
0.8323282459713544 0.7282254339279128
0.807589236999013 0.8173053051364199
0.29224241196029244 0.12062600227365516
0.8935017500490812 0.3875858347579082
0.43689740861134374 0.32538895410000057
0.3020750099264258 0.5488463609259411
0.6271994929485525 0.59132568518248
0.0621754769273839 0.04237196882422878
0.8248144914500053 0.9553498721758846
0.18543172119170515 0.600699371976773
0.9926105624563322 0.45675724846673926
0.44907161400461626 0.985006402678291
0.3248250179612302 0.19549435587633135
0.7389541050300639 0.11600141860340063
0.23994103872103456 0.5414551478278893
0.8954508446833256 0.06013903460046599
0.9247661789897459 0.5702883551283899
0.28871059264195686 0.6481830931841959
0.1636120997012338 0.9646175644957307
0.8183792285018243 0.5125970436292024
0.6526000938311027 0.5546998870831481
0.7860995757242579 0.23628706782431763
0.1823903949959207 0.1968226084072655
0.6900662508310438 0.3597699976249582
0.2933862923008088 0.43691699834172226
0.7836864424104515 0.32568970752945603
0.9599265979037708 0.6017213576082392
0.49721302481940377 0.1344950228729931
0.5982516053514932 0.9295910691227345
0.448233207849291 0.3964534270946791
0.4260888089714414 0.7581265335745588
0.7901235350182718 0.3892855958651813
0.9629288202063182 0.8023525621437846
0.20471510710848673 0.7747513838745277
0.1319191717096495 0.08457061141433653
0.8928706780572948 0.3679563448904226
0.9662794139498028 0.358510680384186
0.6352678450951992 0.27151674438163
0.3550151643856818 0.22748710848844822
0.9325645243251524 0.8444907646543647
0.6409330557947008 0.5049603782246432
0.9954029433498717 0.40191179390497256
0.5791135316794485 0.5294388052880825
0.5412270889183086 0.48517629314494726
0.9535513199630996 0.4560441622599307
0.029658377508746225 0.28787551474966855
0.013069995140679413 0.27397509019239896
0.00425704166027252 0.5914787384851712
0.8336361599049373 0.7946610172470387
0.09494509103330073 0.32790446677216045
0.7349071751740319 0.4964220549520659
0.9725732424774545 0.6600386182821529
0.06679392068704915 0.30551348713859316
0.039669801139654126 0.43543599481146855
0.5081231283645089 0.22292041102662252
0.6871665789298014 0.796133693745499
0.010389236096940424 0.41129943738334984
0.9831460494761968 0.5551037158173011
0.6909977345675822 0.8976165866646761
0.3705518325739461 0.17257109029479722
0.65924866160276 0.4172673449929001
0.4405851529858502 0.5464759027418582
0.5114028337798275 0.7314915738823424
0.7079527028347548 0.46523772552459053
0.9030006228425522 0.5087045838975937
0.501675206635803 0.9292593759284056
0.5193429966849195 0.26665882814661335
0.31671680842646377 0.6954981056591296
0.8205198736625927 0.12242493963764445
0.04067780303362434 0.5460533641278846
0.3015767914867866 0.3285155309293417
0.602523743400422 0.6144521672114933
0.7942329434775603 0.9523059750414717
0.38560781000535593 0.2711339909907873
0.8838004944291835 0.5393285061626489
0.5383975048492549 0.7112753268516181
0.857536670553112 0.7415749863618024
0.663074777031224 0.27816941791226
0.6847072847698743 0.08425310909315176
0.7523351119925328 0.5065352640528789
0.42095428388864176 0.8791838054029952
0.38497176723988735 0.8333585825896863
0.9106821197370891 0.37892256722955886
0.47467597023988706 0.449053944260031
0.40791143789671325 0.07718364334905292
0.2172908183065323 0.16132310456526167
0.938462824590707 0.9167416218845923
0.9583155848234599 0.08236269216612291
0.8001374618561772 0.49109796906045666
0.9347450481721769 0.2781256645867922
0.8960469397651685 0.154954299779269
0.735721506719667 0.2297385402104819
0.6226295808788487 0.929282976081377
0.0491154928097981 0.4590923603613275
0.8143742280304707 0.6881816112320611
0.7025093904503119 0.6766621723783395
0.7929302497368469 0.6296464651165765
0.4275734395311599 0.035127049552290845
0.6709503713700324 0.07713871500373726
0.051316569360306374 0.6790163092357169
0.310170776559223 0.07038630663698053
0.2841794124195116 0.8509595594110331
0.3192526921341694 0.09155054130964113
0.1497784698745488 0.35840874237838904
0.26286686541912285 0.34478900480221686
0.9188614530855497 0.6214968685639721
0.9762992188083846 0.8045177390428178
0.13885100302140851 0.07183155769346916
0.545372444377326 0.771916933108894
0.49512628040356477 0.267963362198248
0.4460567094475325 0.4241648491704402
0.7398300669354361 0.4470454694861161
0.054571337920993335 0.7869314711500697
0.9324440428495335 0.7508669362430829
0.3810494423508668 0.7124771887865968
0.6374852433082685 0.6278356704783365
0.16175493351851955 0.3857013482624081
0.45323569976666045 0.30942374837042963
0.9720019500436514 0.174898786767967
0.4487687885978606 0.5055585057416376
0.9079721181890703 0.8528498112869725
0.3079107731904698 0.007953291391429085
0.10733198569253366 0.3398723296757471
0.5542301958475273 0.06559429467815159
0.11200052311255226 0.5951726123250936
0.37620788310903186 0.5929082529834631
0.6949544453347403 0.15937883061665636
0.2969664948190982 0.6560732580683935
0.21190921230323712 0.8119743613985153
0.6081686215872986 0.7736802970905614
0.3775932328683935 0.19508032291119792
0.3407232412641277 0.9545419701498146
0.039634846398529655 0.6700787189640778
0.8944330943213206 0.570947455608217
0.1137394138328176 0.48106248754362624
0.5638163739028601 0.4391173598987863
0.5636589864001582 0.34188711778032
0.4688353965378995 0.129192790718611
0.8964166045678812 0.11036977100079759
0.7281365808005669 0.7179577563135602
0.1514455984598153 0.15544606173739361
0.48961002568878853 0.1586638834315004
0.7120629562177629 0.726277630960221
0.7792918491659269 0.4702488752922236
0.31450279763094846 0.7782764642947282
0.734563262300391 0.07962802802116653
0.429781547245099 0.0700499730247599
0.30819314265178077 0.09341552524227059
0.4005245884027513 0.07431966485154717
0.17125609170151534 0.7443373040756756
0.5654845260514316 0.8446504925144844
0.6604253605878732 0.9502940887287945
0.46015051726641554 0.48148602687292286
0.3183840697000122 0.46975661957641734
0.7838628873898257 0.21022099337277345
0.10028938580794633 0.9599797211225332
0.4557142291252696 0.780590980189807
0.6120267719188146 0.34481464579219945
0.15707975095766824 0.7985311422295629
0.31418451357340205 0.8428600399179207
0.10774778758916126 0.9789181129272131
0.8532373633719341 0.6682209615540669
0.607405077564672 0.3675593643114481
0.12752984127934197 0.46601532699613335
0.892010035955098 0.19808689975055072
0.15645228223696472 0.977817008796023
0.11121215916311744 0.8775425015689495
0.03644413989806772 0.2224088392188186
0.8942298157346702 0.07055322521906437
0.0967185470241474 0.874815995827281
0.12251033154908209 0.22263875067475802
0.4486227942281895 0.8981807664694519
0.5136449742488769 0.12713534693545725
0.8095276854476794 0.8320754080735115
0.5721027059405277 0.37666231404848527
0.6035027334186522 0.7176600448807497
0.0364977175761676 0.8873286657503892
0.34640881933941725 0.251408006504549
0.17423824353230155 0.6779050379577061
0.9301056108627221 0.2960174506019204
0.5791437740670056 0.3635853385723562
0.10096947549669721 0.08852373005748282
0.445454570933681 0.49117391125754706
0.2723739818305764 0.9257355478121332
0.8810985881656979 0.18902567150277272
0.22100997055457228 0.4030463138702003
0.42812100265236586 0.9518427189672218
0.3252809310919105 0.1247495458036958
0.6854557450995902 0.40704088615599776
0.5894559180490291 0.6758574067328675
0.9649273138349856 0.46721492043225954
0.4888864283982941 0.19224627311898757
0.062070803867133595 0.1272518901272648
0.7073543367054538 0.4079635096722549
0.9484344824659983 0.46118505349382044
0.43257741365446156 0.6921045247744206
0.87799664618583 0.1647890794084088
0.019280765168915748 0.3897594418831756
0.7629511196745169 0.16490095410436756
0.2936666230254241 0.7976636917747755
0.855397023958099 0.3182467722363327
0.36270369602252206 0.8112405887860119
0.6671244358221411 0.6774198556518118
