10 3 100 4
1187 1578 1145 1502 1538 482 1581 1178 1502 1400
1517 964 971 1334 690 1486 1394 812 778 1115
643 826 881 490 488 1081 1099 1368 462 1207
826 491 1343 1490 1157 464 1173 780 899 1024
886 1214 842 1034 959 851 941 1293 1299 667
722 1352 1210 1488 1266 1334 988 1177 1171 494
662 1428 1232 907 1265 1501 538 1141 1504 519
751 583 576 924 450 654 1534 1181 516 638
892 1431 978 714 1072 978 1098 485 727 457
853 593 943 906 1255 698 770 1318 452 1342
3 1
2 7
1 7
0.4795571103485788 0.8456345035291906 0.3712592876398927 0.4608022100079629 0.12208572037316526
0.6674936837618612 0.36155089941268065 0.8035055372907352 0.3314832518545545 0.21580666045995792
0.5291972668440501 0.9692976816217762
0.5445183163432072 0.9147528957021491
0.6922443464464574 0.47909291768183615
0.026735792610910636 0.22853976642117035
0.913314178082334 0.4325057336608731
0.903468063726695 0.13696535112691777
0.3696746756684599 0.17963195363252304
0.7677933268941568 0.7522958966939886
0.7240544625206764 0.854247673683711
0.5541499413868904 0.36406709943043114
0.011926671780152276 0.01974317750130905
0.1617678936155471 0.8990813733958825
0.22795865967601658 0.2884521973121068
0.16786224427404783 0.38855206772558826
0.39227665107877896 0.12873085365696801
0.3665254110096885 0.002545930232928484
0.640943551362523 0.7872321093657975
0.06622763171186508 0.14904573474926686
0.376637304530302 0.557462903023958
0.20564819957332703 0.5361506015161213
0.34173905121463766 0.8799052748862921
0.9885507539110534 0.2476813443003747
0.6314343331807422 0.15047928682695577
0.49039350258070113 0.18755625704170442
0.9450560570349158 0.608110233485035
0.3639444056254577 0.9797007182478554
0.9677933064558042 0.6645257695430284
0.34243745884654087 0.36589258786367007
0.3980910731902525 0.3380938751882905
0.10789116098919793 0.41338096832001714
0.29413846666434695 0.6149304136007412
0.19145776350465837 0.9828954125044418
0.34315528948958596 0.8547270904156952
0.4366496168511129 0.2112144418013897
0.39932175982248586 0.08010405893379047
0.7750759628292248 0.6522233180223636
0.2434063280361678 0.4276003385291798
0.4471962483957421 0.5878063590967813
0.5966936735276149 0.20238839606372983
0.3146481543795596 0.579501063979883
0.49363092916341755 0.34912343182043326
0.5466924600132352 0.887172019304435
0.09448013849616288 0.6045934143063276
0.9747841301979525 0.8721935858420709
0.933014474303093 0.8637625633506458
0.31156793488278756 0.5123730203601549
0.2502196324437973 0.5042993069028543
0.43450885681160534 0.19466222873742534
0.4128727825922458 0.5105679028977241
0.1000989236939831 0.23600632794023246
0.08650158188288071 0.08739576025440088
0.06770283470856286 0.888398491280117
0.6860482207163205 0.02225678946225651
0.5737948064289258 0.38995363037584974
0.09337683643571149 0.37353968193439835
0.6079661766465347 0.01434992966956461
0.7394260849398329 0.5388898913569435
0.17266885020236145 0.42989998050322553
0.06507765848679958 0.19264403152605647
0.10178692176140958 0.1447905526807136
0.5351591715013146 0.9705831085783136
0.39936490015601933 0.34366567073509824
0.15496500408483693 0.2452098787288326
0.3750926764866436 0.03639683036898811
0.358681831096894 0.16318673835167075
0.6661690900924486 0.6617574586591195
0.6773478765129031 0.5971296374553174
0.3652229380734382 0.8854213789941874
0.7045433827174148 0.7453595662011956
0.7369387173561055 0.9888672105195235
0.7519932585011595 0.4969274157807948
0.1269548568372798 0.13132181947863564
0.37349537029098645 0.9151468679539843
0.9661202546694958 0.5920637907014124
0.3062279930505605 0.7558117857556008
0.3903871231648759 0.6614492010601118
0.7608200857928222 0.6580298836784959
0.8880607895831367 0.9091511132367716
0.8113149399023742 0.6835148679396088
0.9094569826389323 0.1353291983667151
0.08546692414683421 0.9107737350535874
0.3574843467725657 0.2946377028667704
0.7256429134204623 0.794077813622897
0.26462131335106687 0.9347242385370749
0.7643822873656343 0.5367035105313804
0.6455629079247278 0.6350929848769555
0.37207268021895556 0.7735886775886143
0.711729789680942 0.7857003881880864
0.8706132931387378 0.011904389547088057
0.8892412635826361 0.31175102010593303
0.08135953623211867 0.6221849443625389
0.01591877569536826 0.20275887929032232
0.1872922686069085 0.9892712071406049
0.6823975482168294 0.34223053177679064
0.46418603377899803 0.8568686018123914
0.34720821895951026 0.8069343112303993
0.46925838277355303 0.21165476456912313
0.6116754069506094 0.8537245215025004
0.038494261872193736 0.2813548657344025
0.21299387697286742 0.26687936634450327
0.32015770291186163 0.7722641925378297
0.3963656907373627 0.5721649098011707
0.9175439654410964 0.18296920198143996
0.3748698652219957 0.6265194595721209
0.09397323259330892 0.8407768158561499
0.8802698399466984 0.8535006014632069
0.7293913939567633 0.9131408340165124
0.3079019294352998 0.8880975544533236
0.09334794999294682 0.3915805021649468
0.25554054785963065 0.9305966745695047
0.3945267350294046 0.3240189936824762
0.7871311697258903 0.07976549447277659
0.08613576834838566 0.0383440407178679
0.12454390772193835 0.9128664284381325
0.5518591135404887 0.36665731155541437
0.12423909718466875 0.037367963755278844
0.4126102640556819 0.42170257101522224
0.052371080692516836 0.9478635558559958
0.750906492854096 0.8667035010271218
0.49109278695563496 0.04697067797470589
0.7918079028522749 0.7289907500025021
0.1730866857890907 0.059245033214054166
0.6862745053387223 0.9757182275756158
0.1390030304211458 0.492876506922697
0.25871897479083805 0.25227149174549823
0.656278095954415 0.22784069351007785
0.8153413409172088 0.01716469667627374
0.37349654943132093 0.9200985072055974
0.8166065425247155 0.6875672288467449
0.421258275214049 0.7429235955205666
0.14713343808349832 0.18669827804536476
0.1491609799987914 0.6617754223136054
0.6631321659669431 0.8346829986022419
0.9595702618736555 0.8653860061961625
0.10899836271429697 0.20891629621370278
0.988496378422471 0.16616540003844404
0.8050279600587449 0.4939892581648604
0.41635310304118645 0.4232348956367291
0.5308204310950992 0.44545706716169753
0.8741459539429215 0.1167675347479673
0.6687167076985143 0.011886096652912848
0.40287979301247967 0.9483597814649873
0.9404027128902637 0.3362069630273845
0.9272177265688077 0.5187977437475226
0.6862864384926115 0.9547878252735247
0.7357743159273173 0.3767177470150791
0.47861093849898717 0.34140662673383293
0.15836439701286587 0.7269989234636274
0.9706521684113669 0.31011331657131835
0.4910931282135016 0.16350313588063092
0.15310850701216694 0.8517556795719188
0.608315392340171 0.7664103446163766
0.3226710920519258 0.3035945758199805
0.17929934226768696 0.27454377223661375
0.3554865927282813 0.3387814011204908
0.33169842605984745 0.7662196666724022
0.525336526676776 0.7054754988789591
0.6524386581773116 0.8518224598453372
0.3651126373832958 0.08403013623360489
0.10401438194021972 0.2829242944279313
0.16462284293413365 0.9403692843664508
0.43594630622223307 0.8879563702558457
0.10638355760734308 0.11072820612237066
0.17455579576145097 0.9877912226894869
0.7199440887794317 0.09137774587504022
0.024519430424283506 0.9479102489550686
0.1285528701946106 0.1917731670639946
0.49750167920112864 0.26722495604082463
0.32269655430120237 0.03953648288741474
0.5295060346572966 0.024125686995483342
0.834013122975813 0.5396198452468803
0.8979167820345555 0.8996830648687748
0.18172117441493385 0.8478728994477576
0.4743082563944472 0.30161314229293845
0.5677019067543336 0.4234019253180885
0.29053511194852377 0.4307164245791979
0.9731335402501151 0.2805092626731511
0.08089737966275523 0.02520015659564856
0.29348466735033374 0.7524015856437447
0.6562926073400066 0.7872287492170249
0.4760785236059786 0.9890853467959471
0.1949023804175869 0.7567059789795478
0.714855367642319 0.034809797045638025
0.7584045395584944 0.90151789026256
0.07026589843633113 0.9535231341390213
0.06195996478271759 0.30055551663788793
0.7873271810695559 0.6077566270720509
0.7079502327028921 0.01651473470250564
0.18934398949838083 0.7473759720250777
0.38717255185405963 0.29804512457901966
0.41422188075838773 0.6762869806124989
0.9170823874585403 0.3709758750865988
0.06050614963736245 0.6864449785350086
0.7902303274334421 0.8968012570090413
0.5204805152636798 0.5047004038757106
0.30711602078484934 0.3994333159995842
0.944053832553394 0.8105795717035256
0.6847081538027249 0.4518319571163467
0.4941653274037996 0.7452057305782136
0.28428205572143384 0.4569416141786846
