10 8 100 4
348 1082 779 488 339 779 335 449 374 718
1126 756 558 683 732 477 625 457 1009 1042
956 409 945 1033 550 437 1117 697 731 707
435 963 1072 434 733 1013 715 1118 821 459
751 659 625 789 1234 535 469 612 676 940
1465 1342 1244 1324 1083 1164 1237 480 699 1000
970 1772 1603 1321 1404 962 1049 969 1110 932
1247 1914 1797 1823 1350 967 693 768 443 606
1599 2240 2062 1834 2156 1354 1213 734 433 616
1558 2472 1998 1847 1620 1168 1198 1101 1086 1182
5 7
0 3
7 3
2 8
4 8
2 1
2 7
5 6
0.6393981121127157 0.3856726370037543 0.8070915470803579 0.6386136101523454 0.4788214850132123
0.9170391624701024 0.42131455416840846 0.47472593703483 0.6733284563857742 0.2806042590282454
0.7383543628908629 0.7029259064035479 0.5232024380276762 0.7780920119013903 0.3327350334003201
0.9087688639834006 0.701828681127983 0.4051338060024889 0.5069582476571527 0.3828846911359207
0.8072574988860748 0.49860139742525794 0.6045168294434611 0.3168690800285361 0.18155020175174075
0.5359838298570178 0.9086281345044658 0.614832698807147 0.8864693007423203 0.21309643519855115
0.9951583026587187 0.7339188569396238 0.38746071450258585 0.6582260102994846 0.1833026518162221
0.840198322370187 0.8331774843298199
0.6658311546133493 0.09318069518198313
0.6477835949151254 0.8881940989558701
0.8147532569758995 0.2616394500581105
0.9950085416368186 0.0388473595187977
0.689962851740453 0.1349823188650423
0.5419224935046574 0.9019265511579415
0.08546859618439573 0.2994506094661997
0.19405340596204024 0.5769744882071248
0.26243822124124705 0.8946697216487207
0.5006635215708986 0.7428292709261506
0.9949384781615285 0.1951061998038237
0.4183753027102235 0.5961816033900154
0.7378189932906976 0.5589876906891309
0.37809317074198323 0.3442447023781574
0.5818474143964141 0.21563116562091889
0.3428531879598704 0.45292090779408123
0.903999034422196 0.6214081355909731
0.7956827923792609 0.33215854035736214
0.21241191469458576 0.6336945399900826
0.28719587872267227 0.5877807217948925
0.2799367864674722 0.7280089363243081
0.7565891803513727 0.7933344194154519
0.11145815034555606 0.3932408950605435
0.5337479897744042 0.19041223616959213
0.8516161317289879 0.9651386261047421
0.978457639027287 0.5954483667762835
0.6210962233222805 0.9378012089205707
0.7959347483948609 0.0874232125648211
0.5257737757206837 0.8213629627686805
0.4405419768668377 0.768680762304986
0.12378831504271304 0.6787537229682801
0.16795450471329998 0.7634305682915095
0.1737917324141094 0.1589395481090159
0.8676023497688214 0.4665987978398993
0.320718730717243 0.40981156323750323
0.30977817658669604 0.07732371863378673
0.25592720992339446 0.5459993113565078
0.13844516996757172 0.28449259520501746
0.9056495158695372 0.04672989658875237
0.6570334047402795 0.799160552096498
0.9455215837072468 0.532794325792517
0.013956266109971693 0.8530245632698839
0.2195314277902667 0.46602111280053515
0.24787234455948393 0.7273324567971813
0.7723093116943878 0.9699126194497245
0.3671399496496075 0.9161866891238508
0.7324390169092196 0.760872219288363
0.5568691704098301 0.8472793888965402
0.00456185664580766 0.7354544614988219
0.17353912677280814 0.8032599171821888
0.7193028244409343 0.006518201275390156
0.3767158453794557 0.14755729099190495
0.6654108600463366 0.27967196790468085
0.8145705725344303 0.14803854315824538
0.11820579268602627 0.33828505108908313
0.04316546045086489 0.11973652190569162
0.8168203122596285 0.6278122370941588
0.8957305940498801 0.9252210521525062
0.044947617809372176 0.028932696377953038
0.5249288097491613 0.8816679675196142
0.926657059046446 0.43080427814083566
0.8756852488545612 0.3488125607456338
0.658908495297096 0.26210878073717025
0.382331530861477 0.01705274499845899
0.8120464787003991 0.09873842188492543
0.5074959298143051 0.867210176584333
0.9929783472285678 0.9605208318362655
0.14200929864444856 0.9240733750080155
0.6282015708504562 0.24061835099135442
0.9186035724215627 0.9119438138157261
0.45038512347373727 0.04487990800043273
0.861037006942567 0.46169980837510494
0.7563109470926668 0.9779170281223097
0.1501293253401903 0.7037688611262443
0.2564802518850837 0.18633581716457281
0.1770745153647275 0.8534394542948696
0.9795500044123255 0.606830976025815
0.71704246873093 0.7698831135821571
0.0349235226196396 0.47949200075928
0.8666821521672798 0.5691854302342321
0.9531525359372641 0.03369673982739552
0.5169924029978512 0.8674468031192013
0.7142144085164892 0.8700342747543834
0.41250813755145566 0.888408578737657
0.017892665015045273 0.8455612041355929
0.4512322506425057 0.2276103908301257
0.5815585079216143 0.15258305747920553
0.7849393477840081 0.25833549464259287
0.21601303296671337 0.22224891650261047
0.1601751651512675 0.529213386594644
0.3985160961334955 0.6663596382784471
0.4080926360135033 0.8480886400036101
0.3602348093355765 0.9929019531319572
0.6172332645823917 0.6131317114168109
0.7566343156257327 0.630051354756956
0.1586329603196266 0.928128603887348
0.845015159812458 0.984089944652792
0.11437713465855426 0.772306954486816
0.7407627066952904 0.9798303452074237
0.3975301382592371 0.7470494691610197
0.8020085761164879 0.7077787028700178
0.9368433862149594 0.6496446540927219
0.554101429249656 0.7973875403869666
0.7905160752538003 0.6925315434506958
0.018403296643445977 0.9977246643808648
0.5080970112239347 0.13164161624895776
0.9921480591245522 0.28788657873406054
0.27023868879223056 0.5179012912364922
0.09415791640490245 0.879468773118044
0.9318314574170701 0.18297330895218855
0.6954155645426467 0.06517238370460099
0.45510208797921003 0.2572461757811717
0.40376860836652884 0.4398573019404364
0.1714286050619802 0.9453050513014414
0.7943015031689367 0.27439063485158677
0.6990747075523462 0.6821600722070833
0.11147908311047283 0.017605170653899993
0.17173645372150492 0.02722415362902919
0.9265137453171 0.9200311174034448
0.3663585910574958 0.24702033648051414
0.6721885280374833 0.634099552069608
0.4589489461348215 0.4808960796300159
0.6186065528056426 0.8136282336378899
0.6252918795063691 0.05008605927562404
0.4676618818566396 0.8778883669217041
0.3589794692331285 0.6544354335843459
0.5681271910660934 0.026883464454719563
0.687196982766954 0.5034469781584296
0.9725839370673903 0.044041600525583036
0.537483922453303 0.9257275596600893
0.5644530172908386 0.3695605490005831
0.8446068551689663 0.3066443195723132
0.8518292504244054 0.8900959349985855
0.07330168619354827 0.5485203481582941
0.8378286679358444 0.822148829280517
0.49811213400004517 0.46933422577154715
0.9762331576918151 0.6230158552024474
0.9781180229326669 0.343325686648583
0.9039268385388184 0.7737763293647817
0.3464833955177318 0.4231291025138799
0.6479012087338138 0.20271673887199237
0.3264647587057832 0.06964900294159992
0.5438848275387478 0.07115074023269163
0.5186247572418037 0.5298478992564797
0.7660766792107443 0.5811509050538421
0.9590357139892667 0.6071108946324151
0.28464684088016523 0.6716831286055609
0.36461040569084746 0.5366982267538485
0.36835394035663294 0.2267336222551528
0.4692619591005749 0.1096597842629834
0.8342645576551357 0.9299614550376494
0.4310571061773898 0.09965723899555434
0.3912947239171607 0.7634124113620411
0.49357115445795263 0.8218394518620065
0.6882294483745783 0.4371808655577609
0.25312249945110743 0.1542997198684284
0.8152953393955105 0.021050337779597195
0.9927285186979606 0.5454472293398804
0.9808980283439979 0.16971443682648202
0.7484815985649254 0.7447710172599893
0.41952765770571987 0.20089762291857705
0.19300120446037106 0.8120344532524595
0.42071339159491195 0.4468221977049458
0.8890933922221336 0.9006103676002783
0.11943153059372347 0.05176135722701414
0.8367661290411961 0.13120826691320842
0.4647892259553075 0.6802689611401611
0.40806296717254864 0.6392130446521425
0.9111897539805658 0.07839308380685517
0.3319647067289908 0.016144921165199166
0.34533520882664837 0.9454998780296284
0.5938012203050635 0.2405141186879418
0.44288230168163434 0.9749607037502008
0.44748597444530436 0.0965934646925537
0.8479736625289731 0.19447935163008
0.9934147368158623 0.6501016075062869
0.2983898894683419 0.930558042496324
0.0026129369757743603 0.5437192665857384
0.470859228669791 0.22915232363147076
0.5564521864322549 0.9907167912709154
0.07008273479418436 0.19869146297029872
0.9143223081210516 0.3677158801765146
0.4010573869510101 0.5054552376349495
0.1309134455336698 0.41329171447673363
0.5479626173204983 0.17727342427659343
0.8527322371978769 0.21298590223977976
0.22845896683781497 0.9203916299048274
0.8698395486760642 0.5519831007928122
0.6162043385977987 0.07229016908815633
0.03600789100293533 0.4422738138917943
0.3148380054941786 0.8445797495756155
0.04748749693669807 0.5099873456719106
0.4921840216790929 0.5848865160681691
0.8723529211668946 0.18747963544568313
0.7302193123981444 0.673143417322142
0.49621490691545955 0.982654742187969
0.2661356368996053 0.0499028715639096
0.8715042692535488 0.8437102238736669
0.4340422499414047 0.932529420540978
0.5747485980961382 0.8358900728020275
0.6816866502261381 0.6619594225661236
0.9537416605832898 0.32041156254989533
0.05290070165219807 0.4875993980217026
0.7795127521345204 0.5074843783862208
0.6836563456343927 0.024824389249875844
0.11768478757413603 0.9582074299267906
0.12375523588911141 0.3841665075503633
0.9062614848603097 0.8356378879393767
0.07640212753768316 0.9206085905119368
0.774679318835285 0.548178274376977
0.35772204669612084 0.6738029229861238
0.3865978794728946 0.4952482982415496
0.6302815130691637 0.20538456486029388
0.4402500727002363 0.7650783014670679
0.44962123864796144 0.9895375267819444
0.8993657126695533 0.3166536204022181
0.8095238682288941 0.20409716901509944
0.8159210911284052 0.03291055593419734
0.48867794681714893 0.478931287639935
0.14716019958581872 0.5481664391007408
0.9845531698582897 0.5304840651248057
0.49020637837191305 0.0351145497917591
0.5631717984000035 0.6720529048816637
0.9691170540381253 0.18551863091936371
0.6359165961364621 0.6606978333112037
0.8002985406381784 0.6059049654160737
0.9013922686729026 0.01732998480804282
0.565592557789012 0.2564959775709925
0.3962724388144141 0.36221413796461466
0.282035072321563 0.9252402997404832
0.015228109985772287 0.446355950768212
0.890963600028404 0.28375277867730997
0.06446481372038915 0.0714723962827879
0.5147427723899729 0.675882481781082
0.17693732320236055 0.3155080526169176
0.7356582808925685 0.7786886048075443
0.5091179981722289 0.4065308650354573
0.759720183999093 0.9358351844126376
0.29062375023364906 0.17512749796098337
0.7093500938881998 0.2220753061347429
0.8287918357335498 0.09997224959907514
0.894689697134547 0.8001569420431554
0.531862687681748 0.0997897923369484
0.0850809370510921 0.24225411635563088
0.3177211825654833 0.4413687920898217
0.3089385730208474 0.8754062572688528
0.20079703206766109 0.18830280427319002
0.7353549074043408 0.6783342877012515
0.2754329832418836 0.7104710868307025
0.8833710798385701 0.2338172778917429
0.22833987344148432 0.13800340621652252
0.9053520311229537 0.48370013907935716
0.27720822240882215 0.7669491292675241
0.6383230707196741 0.14310431649265198
0.07629891971955449 0.3917487133084019
0.2245260158748028 0.1963458962130511
0.522235563986436 0.3027259280563832
0.46543807845722607 0.3186863458323801
0.7024006887539498 0.3955857714133002
0.3572571118402166 0.41254089610053746
0.28758100426226596 0.25395539494225106
0.44987309125683694 0.722875672710223
0.6269600878590296 0.37764425127088574
0.07812074203357389 0.7147993912415171
0.7293256940960926 0.8806699264310112
0.2312858545548082 0.06312955748575111
0.2744580947192572 0.7503825986986523
0.9730700076130359 0.39838571243270016
0.8886890688884517 0.6451780011295738
0.8246917252666783 0.50618114314283
0.10626180220401404 0.9497275872538411
0.2340347961102467 0.9314351408681276
0.5205313340800279 0.6737573477283281
0.43013967116177465 0.8814588659068849
0.5455603980586607 0.01068684098232664
0.36417593463083553 0.5563085249855
0.01932680539341103 0.23195537769334162
0.40711398818971745 0.7026421158965988
0.39071102980581585 0.12044005334383856
0.3314218739155157 0.5489392900442953
0.11656644471214328 0.7850124557686426
0.2807656898014139 0.624861704653326
0.9613336352766564 0.24559410234631596
0.6209528178367689 0.1462869113877321
0.1405043181773038 0.8641072228492894
0.5744288855161932 0.8186598270952257
0.24783656683682098 0.8899903412442196
0.12754016576586125 0.744954682479186
0.8785744216264564 0.37168603947147183
0.4780577883683754 0.949891227877284
0.0016921184908254006 0.478021016929715
0.4432652517500102 0.530594497057028
0.7892901373054888 0.3037003760603807
0.27610949239251226 0.09607852228413671
0.19243704789200566 0.9428791128323577
0.6770070239202548 0.870161732621223
0.3770636776643017 0.1659671486604033
0.16838195410335555 0.026597945624120767
0.5547356992489836 0.6699824362139117
0.4582865726994463 0.9179768529613721
0.06995421482100328 0.7193178833572429
0.1620077131162101 0.3446375179964005
0.6839198110509797 0.34103818581842327
0.35593432797744073 0.7827537060837171
0.9764694322452714 0.9908384691672396
0.3677634213826879 0.8654767055212758
0.670644774932275 0.7196250539662041
0.7231130416233953 0.08806056100067972
0.08907168289962808 0.18506838171065265
0.9242079555326075 0.35958790280759634
0.31629504985144896 0.32300660491448063
0.6803907340541244 0.6296234833229313
0.31952116055232915 0.16565766820415706
0.5567975157317493 0.9825066583893669
0.4291450571198965 0.7376978540611603
0.18067291754040626 0.6255411994247986
0.5747330746465287 0.18280262980168738
0.9877275006969981 0.6641936727842184
0.08582450599375147 0.9577021773351171
0.37190528619950736 0.35192194664924226
0.8396949779221405 0.3364784235022893
0.5583123515890343 0.7290580546196901
0.9019517924532738 0.4346919059212455
0.12454133156849623 0.7060009872564526
0.8182469075503034 0.5090046050444113
0.8093888742068545 0.7623725035657403
0.5670773223932604 0.11595165266005658
0.7462478479964303 0.7994616192879509
0.6097744180969145 0.617975188178832
0.0891015114584155 0.05217135739789058
0.7055020205078604 0.17158124509141937
0.9647931770039495 0.5854318092190305
0.9877525471268906 0.09891219984291322
0.06481795440820681 0.3457543014634723
0.017118200866058864 0.4781716910894902
0.9756606721734644 0.08736750160168394
0.11659057802922401 0.7833500384127043
0.18681964434221143 0.7010647170090807
0.7437596627880445 0.6928461846630187
0.22366892274212535 0.6768985914801839
0.29299384407466356 0.9441483276248759
0.6627371089928484 0.966431033013625
0.5974153284594437 0.737654291239056
0.21964102828160637 0.6476316922631862
0.2772201639849232 0.48194093451792885
0.6934557724774513 0.24761794597234443
0.5681434024144714 0.13307315320104118
0.9265440407617516 0.508035070996854
0.2104859446998808 0.6488739819343412
0.7715680454737726 0.6315569659861611
0.781098606472818 0.7647292186556747
0.5203908545338989 0.26844718996684347
0.904005905980835 0.3593082576738573
0.7050380630678372 0.5388512691883569
0.033084323333304466 0.5161165627135347
0.11577870531803836 0.9441401032969077
0.5620699614400673 0.2760225158783687
0.3337743597739604 0.14302735678101874
0.9060514763300833 0.437199347726861
0.7325595229697981 0.43874347384999934
0.04606988639940268 0.5246946242523385
0.7655105128900019 0.13227981455247773
0.31191021908109495 0.8782517237480985
0.789927391374144 0.7823174855003625
0.2991525151531629 0.39041279396975925
0.5695044599871273 0.2992126292242441
0.22021887258653972 0.1192893141277851
0.49210561572352574 0.9258987619731005
0.2384177132856926 0.9386051038137628
0.43258996177930786 0.6828381504109315
0.9024214045715064 0.02164401953714834
0.8350846950917243 0.8043664912325694
0.8030314869264703 0.21470837424360645
0.7815616200218594 0.8464666307535966
0.559344598880614 0.7636009011993368
0.080866001674049 0.9991741302082671
0.37016993799705755 0.23264462751627213
0.5918645586987374 0.7176569484906941
0.16891171452865872 0.6594190038737788
0.9366940435378566 0.9803965840324163
0.37853043370278927 0.1828486044838884
0.10133076966828614 0.8279646857694007
0.9009711991815132 0.5868490171351983
0.7187387448148634 0.8135863647188357
0.9304732328671768 0.5157016523170641
0.6843523423479125 0.880756055847401
0.4944619763221927 0.21261296399540375
0.7037889521122593 0.12486001251096712
0.8960656429245799 0.17647271386157115
0.672957548735658 0.07150287013691092
0.2826055785766799 0.2555996062170651
0.6818727862929874 0.4874618693793269
0.1000344720888593 0.05452177008138581
0.9465781750608173 0.6899705814693198
0.043267011416414425 0.46632005603462323
0.1597763036448503 0.7576319295252356
0.027945156743496513 0.6736418890211857
0.845841440985807 0.5986541296566945
0.03117887899019789 0.581858904609146
0.3004053135416773 0.03783935147987738
0.18265260011419127 0.724652818261214
0.19516137105735742 0.2729543278383433
0.5107115434225022 0.7198215153655614
0.6786427696086328 0.22412526954788992
0.9695560251329427 0.6045665175218313
0.009333727760014732 0.6534323369475099
0.022474670784537798 0.45363374993673444
0.48221141626356645 0.02045067130987399
0.5863744672921298 0.44436465261983704
0.7145053031813982 0.36095019978888043
0.31482897179470637 0.7873365532762793
0.4605996450443324 0.8487860145605615
0.9501553989780798 0.8760857354687062
0.6064730841759287 0.20570022627817286
0.23948735758999096 0.7921937558234746
0.20749642497385068 0.6409867396739306
0.7624130332897512 0.6142100549926679
0.034980722008892684 0.24375041764453353
0.9866635965693777 0.7461969069024665
0.24054962167794458 0.5043397317912692
0.2653817864760488 0.754684316339882
0.44625636959793025 0.1464804964584605
0.4778545865076098 0.1995950596123257
0.2950279770385589 0.5778222036245662
0.20355499791016785 0.4264565892968988
0.5176984070736663 0.26568963955177227
0.6205252827683378 0.7699344568125781
0.2636061068518596 0.4402758276170464
0.019200567364975774 0.3815441884566473
0.6600382677693575 0.05502773682493656
0.8335582253788343 0.9600792533419154
0.464356519470847 0.6924675255255419
0.19779145709088408 0.9240161218396423
0.8396933910779041 0.534343313409084
0.6456078764168491 0.8136884339996897
0.4039274753333326 0.7215770426324024
0.0875815964843234 0.4574063325724189
0.4866811604922343 0.6748391763145267
0.7266956685829489 0.911296841236144
0.32765848915359697 0.15277719302157533
0.17091587038879053 0.5726143721567487
0.8617569610119666 0.4510485117784906
0.2109710496869417 0.6039204929265571
0.015331815673639948 0.597561669076349
0.9116279067539002 0.5356658333756592
0.1561725330137942 0.9557668110192001
0.22381301877009774 0.9285927119558584
0.16253477670387206 0.24460338292528228
0.8790979975868585 0.4637979562675012
0.673093042705069 0.37992693703294433
0.22064214037319063 0.14037597767895726
0.6920328999746981 0.7452501197562393
0.40364996989697044 0.7686751586866154
0.1460398829387599 0.9524742196665896
0.7277156431566414 0.724039963069492
0.9681946625094744 0.24936583066579487
0.8565638552662729 0.677305110910855
0.4397742666315543 0.09493970763789705
0.6228525175318467 0.4694711585890545
0.9841015533771227 0.6210296150060968
0.2064676049569769 0.8007612425897228
0.649559010958433 0.5005260062856574
0.10194956404064626 0.8877278598235152
0.17217009346094003 0.7830206466954999
0.14487647463758346 0.7994616237147352
0.7713849628685099 0.38120985547179753
0.31566014375117746 0.2722512740069596
0.02848746429744975 0.18300755890177767
0.9195071399027204 0.5147162499675133
0.8832452137366944 0.6935445449323518
0.35378250139070344 0.391737927323522
0.6378874196169417 0.920887042938666
0.03402244395342069 0.34782697171560883
0.3347304939794209 0.44840654031406113
0.4695620648450034 0.5265836669205641
0.6230968389626768 0.7083539145423996
0.5878238512001848 0.09137696932801709
0.9733205318379765 0.5393836994406145
0.20098606580909073 0.019934471366651385
0.2086650990511929 0.7311802831441627
0.5451362691466031 0.3505911222154052
0.7023614818512536 0.901392909157563
0.593315277112527 0.8697950311440747
0.44202641715721414 0.7894215155022581
0.4094468406177523 0.26602915593910703
0.8229465939768592 0.3190077071354134
0.5269849110785754 0.08388505069647723
0.6467167692163387 0.8387378612294427
0.16958813820311303 0.01151694445846263
0.5646111863524157 0.10568548949896961
0.17777542936685609 0.865185786853609
0.9728390099850244 0.2656959381248438
0.019386801077888594 0.04210417249633713
0.5831924678812141 0.023265977724967524
0.7083196873879609 0.2795329798321964
0.11655955105623206 0.2040937459468788
0.2791386899895083 0.5181750484948073
0.943970967741635 0.5428334947436364
0.8012924695132602 0.1259607841667849
0.20463942589378625 0.739502086689763
0.9622483776939352 0.408357226279052
0.9377896993083259 0.14096385010629642
0.5833234393512479 0.12491325459573077
0.0774651526141934 0.634780198696316
0.07305940512197884 0.44075551956202474
0.09321497154066694 0.8116211177552755
0.21833605071276763 0.3712993261939781
0.09185573257506818 0.004758848121008352
0.7131993158937513 0.2081556583296078
0.015744120337694234 0.5558805699914748
0.03665195211580996 0.1486175519364954
0.7260220214116786 0.5013656540057805
0.9242896552589532 0.4738364857966746
0.5747762451054383 0.5117402431108553
0.5337879037841131 0.47986837010219663
0.8673193478019408 0.2579111053766019
0.40879010563093554 0.5874872422383406
0.22200185495890534 0.7803011592054605
0.006800833092278635 0.5998530665967157
0.07022784086696454 0.45662775611606143
0.05703063433621547 0.697972724103227
0.02577464011528874 0.909477746650025
0.9791446559268318 0.25110746217860314
0.08925160436380786 0.39182283650877503
0.8530039668465998 0.17553503205826737
0.2764116680369557 0.05061996997638718
0.9370816662586279 0.6993109818270025
0.21675543592073754 0.617805805018117
0.8796490320345698 0.7705300544495679
0.6969095476820466 0.9384731901108438
0.030991275308788202 0.9620225724480076
0.7149037974564914 0.7792876813652965
0.21531014434228424 0.8885101746107877
0.06442487811316666 0.18922202674265964
0.6133407342397192 0.945923024134218
0.32619952183581025 0.8339624537681143
0.20332324610962593 0.035105566201117044
0.45113454867237923 0.49604454542577203
0.14436870299693538 0.33270947488398495
0.8064591984336589 0.1610333795035701
0.03810421254196816 0.8066612882490349
0.19279408363655914 0.09799961233383092
0.27782134086398114 0.9247320549361409
0.2688765549965164 0.8547562594426157
0.6292860166107106 0.5282509196788607
0.40064545062092694 0.028542064437202308
0.20025150892909704 0.9061849391970958
0.7263371501607028 0.4333286097210456
0.5280348264417314 0.657884097597629
0.16851752471897008 0.19041087690031122
0.10241988309841243 0.6392309377245984
0.5742610719685515 0.18222338659301074
0.7451722611629956 0.48318545537413526
0.19812640836493878 0.718111947257402
0.31605990846889287 0.9872809278339958
0.654947149475861 0.20339606077959638
0.14504744445957884 0.837144786872962
0.803618521573952 0.5703868116101889
0.4013216571872602 0.958941312471121
0.7382987408692949 0.5019067223785427
0.48217827760192966 0.6898626163173618
0.6248117627929257 0.6286496175517358
0.9919939861381377 0.0040369368093904345
0.7695412050369708 0.48140662929736844
0.8723505978441426 0.352468351930175
0.7292006248533494 0.834387894086434
0.3267224952889618 0.6194695594852764
0.6635362263507636 0.014187102772170057
0.8699130722621771 0.924181599507689
0.18171649020624603 0.5486357430932502
0.35602382278050904 0.36560241770549196
0.8713378638592457 0.2756132553016699
0.14489268202848105 0.8266388515880521
0.8262914415482909 0.7023961967433059
0.1933001025850598 0.3780994714213981
0.28429585387436784 0.622954138360118
0.011310783708287975 0.3080102604609882
0.35210856981360217 0.4183737645226555
0.6223305866695468 0.2967501625666824
0.5950512225013038 0.5290630879953411
0.0902875264698999 0.42245381743536536
0.3638152578022189 0.9641313028009475
0.8619174048708842 0.5404659053059822
0.51366206122139 0.22303252378562743
0.3358104662903749 0.9602826544268661
0.7978595884198951 0.7412759363736554
0.9235554085766735 0.22151205478365288
0.5065609815511931 0.19321659753893616
0.5290979892492129 0.43085172882008993
0.07758729077235893 0.2128510514970654
0.4042722570058186 0.5770018703742177
0.13658088656757017 0.0036631242806648423
0.3108236789819825 0.6552053411508652
0.5180323205011299 0.5574151311330271
0.7433706857785145 0.34741941193790793
0.40186455968158485 0.20229942427197956
0.05391909585875365 0.9239735039218151
0.37960848846615813 0.8916299412791333
0.677075991365961 0.15271189146126773
0.27655904323157476 0.9334311652865315
0.9694449252583262 0.46157275882046633
0.8449761903757063 0.5493828326431944
0.9228094084581979 0.12590481690491528
0.5305984021397185 0.038699667422953166
0.4826814466628566 0.15236877849440522
0.7753683378864356 0.40207373503063826
0.7761659910769891 0.9009737909409954
0.8019394233947501 0.6705130642842885
0.1411260213740011 0.630757797482767
0.01809459450023443 0.08539620801073577
0.097682183234443 0.01637765951511594
0.609562144719705 0.752472531750495
0.9136599477095204 0.3638467840666677
0.8496116445469526 0.9554490431953317
0.9624565728399175 0.5112294774657826
0.3940863690096661 0.5507382626416577
0.7000181725486536 0.991615684786082
0.8223259405206409 0.1302333942504461
0.7839209110904382 0.3905313099741492
0.019372257956234984 0.9532550321597868
0.09888280183012066 0.08172931208099565
0.8357800063286469 0.7808327511621544
0.0513280103332554 0.9574208888146793
0.4294955006860026 0.3670265117592162
0.19381532958889558 0.6348863701046372
0.2817790546199026 0.3898501248655535
0.9122913063205236 0.9302717185471625
0.5572181903125042 0.1461862316911844
0.6020483549759228 0.46937304251415024
0.6149520475464334 0.9200829296728568
0.26136829675117057 0.36797917686301895
0.954451590607952 0.37496847232648056
0.8729006260354213 0.3915897975022882
0.5638838350303728 0.5114936252423923
0.4182972823084403 0.6891123935557659
0.44269577843892227 0.7840307433609759
0.4477208943019144 0.5660308586041498
0.9065572743013706 0.9635694775597294
0.041662252245810105 0.4939159119308738
0.05096683117706946 0.07010653654522248
0.010568905008904617 0.6442454550804206
0.48393576967720264 0.5642654063210022
0.5995708744939845 0.4216355349520957
0.6019509659851328 0.9258541486595482
0.009481363807823717 0.694348883375598
0.5511723003662803 0.7523706903181369
0.905006884360791 0.029969879995409343
0.5097585562069542 0.19730640742208472
0.07887672904101817 0.9237811892850276
0.9788334485962451 0.32562753392106947
0.9172578620475744 0.29721041606456255
0.09284648403126217 0.88688134302555
0.33707044225899496 0.734341942818292
0.32675795778089034 0.4811630928668602
0.755783785978877 0.20136181040275125
0.694911999948618 0.9281489572541783
0.5678418818125552 0.5646241127949976
0.46448956668796115 0.8964343986567456
0.44716437741090553 0.6784411057310653
0.8416692020157996 0.45210831606280477
0.378588254305519 0.8864292121853512
0.1412030430809581 0.7482681437267857
0.02007735182838033 0.709315755724371
0.3410861066846729 0.11011847162730448
0.11301394474877746 0.9680925471737392
0.6715148779632816 0.9762211834579013
0.7159230163517405 0.5288416354212946
0.2252117762088761 0.5533046170379288
0.4892615628861685 0.17221906567619638
0.9565789645059546 0.7169171328381427
0.33615088308011143 0.01728946642690743
0.24172562307467582 0.17966866634524248
0.5524742635985544 0.6631092239056122
0.46774307821560646 0.35356987128009654
0.16931078012862688 0.28236743863639013
0.5773086568933923 0.6950336558060621
0.3803855165301524 0.45771548440975196
0.11235209070829932 0.2034870732954832
0.016829416142720044 0.9115572993306138
0.822009565159411 0.8802867198285977
0.48332380007864195 0.1721438826284718
0.15457380995507153 0.2661064700420477
0.7725330527666687 0.8109292491261069
0.6148087562630562 0.01385019633863993
0.3908556333863984 0.9345662337709477
0.8547546956445413 0.5929643315606479
0.1153173634658613 0.7539521215617524
0.8533204716080249 0.7620918365159217
0.3449619357315923 0.9902841437983658
0.3212433955322911 0.8105479067575969
0.5980049226506916 0.4747804236208222
0.34908201202293543 0.3166143075773784
0.9581533397602295 0.5965628369682161
0.8041217484551264 0.9207788451718688
0.7052025956196315 0.9937519723296386
0.2462722686283294 0.5583252365218094
0.7397185520111758 0.4119449478408801
0.9129929578312281 0.8200058058646902
0.5426355545219779 0.11827862516483556
