10 8 100 3
661 906 879 825 841 859 1071 1050 1053 784
919 707 902 961 1064 1018 1008 1067 901 1045
898 895 929 847 950 803 873 1056 1176 928
937 731 718 1068 887 1152 1186 1000 1052 1179
720 998 1014 894 965 870 1047 1026 1141 1110
698 978 1032 1033 1143 1166 1036 1181 1287 1232
713 838 1027 1078 906 986 1006 1314 1300 1640
992 954 835 877 1104 1107 1107 1142 1403 1351
776 809 1026 841 960 921 1231 1279 1179 1265
766 800 838 989 926 977 1070 1066 1115 1129
0 0
6 7
4 5
0 9
7 8
0 5
9 2
9 4
0.47530389326799605 0.6577704480914526 0.5888578786194434 0.8198361182221165 0.3055270233411892
0.7884130124636294 0.6130170317755088 0.9012859279939192 0.8989028812275657 0.19274958597903924
0.9959014318268495 0.6144670411718346 0.43303348605760184 0.7745030351810781 0.27460140997078397
0.5828243447884083 0.6571879891567896 0.8514048350045373 0.8370717430055274 0.48753833222880905
0.9882591615862362 0.7359376081293141 0.3393430948924451 0.9233706901517837 0.16929361779368496
0.3935199502773363 0.6663966400108102 0.7527566690539167 0.3954364516969271 0.32658467222929866
0.4581609394180195 0.9767856546792792 0.8465734162354144 0.8779286592842113 0.10798722194425975
0.12038063537376864 0.7929228747395229
0.9012691075059873 0.5382801322097279
0.10645017263622769 0.2711141105419417
0.9874040741468664 0.6780181987827021
0.8796314177303006 0.3582014066045196
0.9147070383941973 0.488695773431312
0.9767664781479595 0.882305533888218
0.391256176924178 0.761191645001748
0.9983846153770914 0.36553450895845185
0.9456963333714439 0.7821215545562046
0.7318734405587761 0.9501440930228382
0.8557873045567825 0.7541485346909307
0.9331567605339615 0.132080789070411
0.8149660501212104 0.040227111072044464
0.2433019849609166 0.9732733553038608
0.5178596265251538 0.4111746273803272
0.9192731064137274 0.35789553196121227
0.9615685569091077 0.8790873531693693
0.42394770555517747 0.49185968100424926
0.43149220315113124 0.8429084354550342
0.160692159429227 0.11814835796265588
0.46488406002962535 0.8939185623081543
0.047214646867477006 0.9433077388521609
0.0167581400975656 0.5224165746553224
0.3347309421350433 0.017671896389868325
0.13710805370375168 0.1803237154787738
0.9085155774094851 0.7621160159728588
0.8003913481035361 0.3980782809434864
0.41113358640851794 0.7370251823965561
0.10874101404217895 0.4073606460513308
0.4474571545718651 0.3954272011220361
0.016758214929500692 0.18552405303519248
0.8209472661989559 0.5888626590552497
0.3913517926656218 0.8087831127260596
0.14902743560742593 0.16088927360618244
0.08344989425341165 0.4542474795358127
0.5046435731582062 0.042592936563041306
0.014207188086734712 0.865789177308987
0.91695238847576 0.3904059986352988
0.001419481666278477 0.8933622553909293
0.5423710369426797 0.22775837272569688
0.6543473744894874 0.7890314856015912
0.181230896499176 0.18219481032951412
0.3232160421454662 0.28994773102571547
0.9375671070934342 0.18608610696437955
0.20997480437200378 0.42526542605227746
0.6456825046747492 0.07051063584016304
0.44125511302645526 0.3321828235708004
0.07263196116610371 0.6801320712700509
0.8962619280146931 0.5297223542468135
0.13437100687972214 0.5943479145982571
0.656075908238001 0.671176869203324
0.7442941825294083 0.11209287665871615
0.5507204411984561 0.3183351598290045
0.06015307693560645 0.41829994250475644
0.34652323600275237 0.13881956686147356
0.9229846387333394 0.5635270105220005
0.523554135184789 0.15903815640591157
0.5933722971080493 0.599246301371942
0.15590136064216265 0.6353248272099321
0.06981504044647124 0.225996149189567
0.11381574244066406 0.9407779390970334
0.2870802651164768 0.6783519961234896
0.2641982566079646 0.9391729830082429
0.010616399578823321 0.8130280849818503
0.5736811249203946 0.6300251054437016
0.613261549512585 0.833969474793504
0.7452622207302577 0.3782222860378217
0.986056766716283 0.5729670535838542
0.01822833219620601 0.7571804118358079
0.7240373262340409 0.8555872881566262
0.4994970705506485 0.9832457623204194
0.32249057346145493 0.2397608241018665
0.5681078652789577 0.7890298236768609
0.6552085470667659 0.24952558761869437
0.764101739800938 0.038149237715604745
0.01999512987573482 0.5771690458474632
0.009017393948444807 0.7446770493444301
0.4076408208137987 0.17756326090458519
0.47000451109518915 0.8795511231192834
0.8102067981673908 0.9122978388370035
0.7338632309994215 0.5115342817445183
0.14104799645639154 0.40849851751222577
0.006747693801314236 0.08518381580024537
0.8486490938730447 0.44336703265193633
0.9064914848340488 0.6262364984592921
0.3639143979282582 0.5268737198121738
0.9387628738414813 0.7896085669398647
0.7149690693490405 0.22835371386791925
0.5929438656416015 0.3772235797184178
0.6828165937415203 0.3824351719252512
0.9793169877652961 0.8811258067272578
0.5378683252189358 0.0380212357530314
0.42684828683136167 0.9137512262736531
0.9430300349009053 0.5560135900252265
0.1919821857456343 0.7832141387763489
0.7233735791878868 0.07576821154814661
0.1115924369784227 0.02331478060777048
0.2969671194358565 0.2996429685351589
0.48284755331069706 0.2982702864575808
0.7231348843758643 0.5439640253236249
0.6890789376669462 0.41314702296351435
0.49880108965626646 0.5666221119137835
0.06078159489903778 0.6133940672147344
0.13959937590399996 0.18822993061737003
0.6928927172872186 0.16803175609452814
0.8376763923008816 0.38322860957611793
0.21054672763984605 0.9458199954163218
0.834694162745159 0.22468084352725715
0.1831767393355319 0.8039480023724832
0.07577574887586724 0.6422912007851518
0.016268149156098977 0.6780307714471911
0.7931959820931991 0.5109020130721182
0.7771999460010444 0.7401952936834089
0.505507002752904 0.672028406640589
0.735440173048614 0.32193575617911163
0.7474252507373942 0.5489820803660126
0.24809685312382768 0.21761933554288726
0.771365161368573 0.8860026164336245
0.14346337772932372 0.07361166787439477
0.9706918419011028 0.166774702338909
0.3678328228535297 0.9746731202647845
0.12777770458565496 0.8570032327810204
0.26911377461946695 0.5535907129199404
0.41300908042615414 0.8045388197144732
0.08015299172259116 0.6881085487971177
0.7135993818175219 0.8070408454637259
0.30077113211487005 0.8743239688983697
0.012273407346551357 0.24601179334731316
0.2756516650649625 0.3971850497143212
0.3267552122774233 0.9056886819275551
0.4064080873274416 0.6724459534558622
0.032917032635544796 0.735083447696689
0.3523729809722169 0.43047810455670454
0.036001606148453824 0.12250782742304378
0.7938028506285377 0.8002804106336754
0.4161617006112084 0.9908941005954008
0.06842336922569281 0.048354533018407864
0.7656190001220957 0.30786987114938125
0.9839157789843131 0.0572820613810483
0.4087384454031924 0.6773927264213093
0.1596257923018436 0.45353995730513974
0.38010871061542106 0.012692861021825097
0.7915451987214337 0.6116672646423478
0.765854929334328 0.02479377010548678
0.22384639277399265 0.26723015699143193
0.9574180168192632 0.6398297054805868
0.8548541535595044 0.5917099234687626
0.2860764963649922 0.8411782648012285
0.6406216727653324 0.9913259544717701
0.5301474494152292 0.07478622416301683
0.13079188427255728 0.743739327708933
0.6084018418600532 0.4762202481947253
0.33266487845818316 0.9544153041634342
0.7006139528520825 0.7703446557153706
0.6501875528464989 0.39215185383957274
0.5584853326561772 0.07961786761053569
0.5351194498017269 0.8880106641463446
0.9722842410194339 0.8787600878176693
0.21221020688577807 0.23158785730601128
0.28085456642009676 0.991173951734212
0.4592290639616061 0.9671390620470004
0.2027852721924852 0.6349725737376084
0.6945425234078504 0.8395096134363011
0.7789949859179879 0.6565255199711855
0.6081577025214151 0.07618489910785287
0.8496809254423621 0.25461436311698926
0.0527798894374103 0.4444505465721935
0.30377771949929255 0.6387670475100888
0.48874143785214885 0.8783673458549293
0.5861431403076236 0.8412318871839257
0.7973239258058149 0.05269629311968571
0.01132284543183304 0.6762875481898731
0.6715965348899509 0.26460390819641955
0.7910489071135649 0.567306069130751
0.4995657860392062 0.3259118972714179
0.376965771289528 0.581875379386158
0.13225076601037555 0.9542249490796084
0.9870781719342876 0.5989293840261638
0.9249380208291713 0.6825778596842453
0.8561621481849502 0.7026041447143068
0.4049314587685886 0.6864371463985706
0.6868462698341129 0.773520205967861
0.721555326125217 0.7753932521835298
0.5504963826689611 0.6778265238900103
0.5965292817336878 0.7117160480602867
0.1632918378391648 0.6202464706862056
0.24787231786585595 0.6467693119347173
0.28482476363800013 0.9839732935882204
0.13981483272089812 0.7948737917118374
0.8414753275702864 0.1683859054571546
0.8086871008339167 0.348787026945675
0.3175775748194476 0.9549641038426528
0.7122052820373028 0.17781226367133174
0.08273246926517919 0.7375399286862454
0.6395324934256301 0.4413484461982069
0.3042362455012593 0.3873703102263273
0.8459120829049733 0.17649031163049056
0.08753370834854124 0.670680553651348
0.33385098948779146 0.512692855050745
0.09038698755498431 0.5569996196919675
0.007673587619299704 0.2406568043364643
0.6315130478647506 0.9741525461462606
0.7957082676654039 0.22657567175587778
0.009846709825330091 0.8446037469715093
0.8641398915307292 0.8161305253702731
0.16099342609652956 0.7200422337434651
0.8352253371647684 0.5919396633843765
0.8228215489372712 0.8714004707685381
0.3605690536130597 0.9138109369652703
0.9582722138655124 0.8479811274597666
0.021190418536343847 0.5539676169558754
0.8148980598462845 0.9486257294147786
0.18027526356463675 0.1426595163282871
0.03413624351990463 0.29953471955242716
0.7228683970991032 0.33448047013462734
0.3658706912182452 0.037845751366268665
0.6147385470962814 0.31038289603314184
0.2756686033038711 0.4212319243857845
0.8761980372580738 0.5224187190936844
0.8993042075622737 0.9913604489362549
0.13182207297945614 0.9474921637919065
0.546694274740783 0.6845105615917713
0.06496610198021568 0.435704964781084
0.6536618868175965 0.9378231859013031
0.12893243503263552 0.08972220916583074
0.17584364316433465 0.09373178369053914
0.012300844622387785 0.09224393008746246
0.6522571545741469 0.9119459863587149
0.9891126158623522 0.22934126220884532
0.6207138405714889 0.12627485928665383
0.2781256096988811 0.8999017980755304
0.5662852041952653 0.0695262340743481
0.042616565957883434 0.38027236587935564
0.8848834455158234 0.5178527991981172
0.9361461377637248 0.4812978044044882
0.7892244181583097 0.9461983472960842
0.14354101025526345 0.5983126328637816
0.29884403957282357 0.44061766821006243
0.6623258512059971 0.8610865915287926
0.6204545839943765 0.41369253524012484
0.5109449085518936 0.09966659081316753
0.7713074082617855 0.4005645973888152
0.4034377251160266 0.8164663760673163
0.49607774603175003 0.5692814717997112
0.9153193133071513 0.8276939518887607
0.19905556698583782 0.5995137567890327
0.7739630995801061 0.1392192975402975
0.21153636536738696 0.19161277708395197
0.6853766573636821 0.9249834192570947
0.17136469322486025 0.5778337179352353
0.19217493111883033 0.1157046609807133
0.25142645308530476 0.7097162971987809
0.825502066199731 0.3829721350526525
0.582936722319648 0.9081144662821794
0.4885851883493313 0.23578144040711124
0.41071076646500426 0.45165988274318125
0.6812672938694475 0.9989170812672457
0.9375643578197608 0.574698602857147
0.8149160992753619 0.7331853573844667
0.3686967114708162 0.22094818053130139
0.693559827593965 0.5551927373330816
0.3320578696161116 0.03462688765561772
0.35947043807079515 0.3885282906423564
0.1359836899548521 0.8187658379652119
0.8199050991815051 0.47381682664567815
0.19699487660762394 0.9977089703803921
0.6428058168080473 0.18100979090526326
0.06442783778743433 0.06694017735192759
0.5492839028669547 0.7750888657340529
0.9276681849965998 0.7488035213052404
0.6654976573040168 0.07945158492123117
0.3186821089738403 0.5119717760997762
0.5054678063377691 0.8420059239008084
0.905965525493333 0.13372664441394577
0.27083445853755683 0.04342294729071172
0.499029498443635 0.3196008644893178
0.5986685651124148 0.9249937403312067
0.3320747552658474 0.958612649596688
0.4735498743703921 0.38979624242353483
0.00022787149705782994 0.02559694824238501
0.03858877661247617 0.8153111700802473
0.0763971718433305 0.4730296991905001
0.9641561978535453 0.026399458107332796
0.2650074988868276 0.8822232261415837
0.05636925553082506 0.42894711421645426
0.2766427208425113 0.5604350235841822
0.48112846721188407 0.4442504730585026
0.20228377271645814 0.002250532158682761
0.19984323417359606 0.6463321456575086
0.6930593132267269 0.23082079512486398
0.054728077865888514 0.7050248666655978
0.5569852181188057 0.048541667387758336
0.9338986307710073 0.08707213352233212
0.5521103710057929 0.7919894721922547
0.34963636520790353 0.7790834188718962
0.015129606411464547 0.863091563244663
0.7256515642650478 0.9434856647321106
0.33889346804165754 0.8936296303823599
0.8775088266581352 0.22154081599381992
0.5875637985341511 0.7811072141653717
0.42043059967301555 0.02964425208330068
0.8510067692763197 0.3770336584371745
0.5927997636298601 0.9834807838447666
0.02691702482415881 0.3121069481122689
0.3546930405543014 0.5790110724763067
0.5910723476598865 0.31225638437078307
0.9361980321176928 0.31458190445703016
0.9952489315110058 0.06426951188165897
0.12705580235936997 0.45839355990247177
0.14994864734419444 0.2490907674677183
0.22894694489807255 0.22085418271915858
0.274224160653612 0.2712883008310789
0.9133249643205699 0.8598001078675241
0.5033613254361937 0.8575664479684366
0.13636126991826725 0.6256124241856222
0.019751367286200416 0.2743136949917959
0.03385247710213779 0.6134189574798421
0.31365756686895385 0.2053492571788449
0.011691079420987016 0.17548713068663124
0.5782472957487321 0.11961697043131547
0.2998409292992812 0.26687321300330535
0.036997226139852124 0.16422976869645844
0.9923302499599802 0.45681581192507736
0.6337035193628833 0.6943312787655964
0.07091722709675485 0.3557672878885356
0.776269693611878 0.518928877423809
0.2408272125975932 0.042760037902902504
0.590671080587952 0.6090171245477263
0.2895751888208675 0.4322277390127347
0.35374327944408535 0.42469500131159443
0.7388880791201904 0.7246706846225643
0.23956197940954693 0.25891302589486087
0.5489679152915898 0.8157424561786113
0.5141404530653602 0.28951951634262674
0.4073798353180369 0.6813124999719837
0.573107754417836 0.03474208996208139
0.6333370112072652 0.4475613020711784
0.7347012666937538 0.09239165041574315
0.5593440008110975 0.4118239686931038
0.10514689603658489 0.7906415114465344
0.14457014451051564 0.7223783548622038
0.007694863967927956 0.0347006858950083
0.014774428952937013 0.4852377272213162
0.466684978798805 0.5620606784255207
0.5432709218678373 0.37934874990928846
0.8784513980894284 0.20076441947398171
0.7836986743925007 0.5407270457658262
0.14772235542015344 0.02125998863946177
0.7431876009141765 0.8251525090293979
0.01366881552725352 0.043318742229830676
0.8903108563477145 0.821235603257789
0.9065007883999341 0.03975400840518728
0.5149382753312433 0.5017735300493662
0.8749933274349906 0.5423720798103508
0.14845949607133413 0.9247910398006491
0.9500493381134063 0.3674447187682621
0.9251002218618298 0.3353320465563734
0.4324023403718973 0.0254271707493694
0.7673562466123325 0.806277069321248
0.4298556047544102 0.2861391579186989
0.33356440145119826 0.32183148823044716
0.53888791708596 0.9235976886345949
0.4740529071347026 0.5453923844458737
0.03874971736378985 0.6041542953831358
0.2776326758123515 0.3085530823474898
0.21766599893364957 0.9309710541295169
0.744203162036271 0.5541291730739952
0.8062803383779316 0.4024729248184087
0.44576237656938167 0.5307707154724537
0.8488920139255265 0.7413116778357736
0.8726645367832861 0.09490360594460046
0.18769750497146398 0.4683318128771663
0.32576903262774004 0.9479862386952638
0.37773182434421737 0.2738950589106859
0.12893810127968108 0.8563571706154389
0.15654027072043442 0.3424151183843738
0.6649506103613674 0.28557162553805315
0.11301669586467766 0.08632767537893038
0.7380999895140476 0.4176830573467605
0.24274981569478005 0.47916739484174964
0.9195397952136857 0.9370124040523673
0.23805513804241873 0.7919708358554673
0.12267733975350259 0.11244814349126542
0.4356833779851399 0.5345385934154698
0.5935540136284954 0.6672802094951682
0.5023586216839555 0.8019027074841347
0.6985322923380379 0.22300680288105457
0.2878306429743789 0.1563250246045278
0.9441637691480698 0.6765868764310037
0.11627511513474631 0.6517284039467
0.8855913166352045 0.2102515020005713
0.9365754740169081 0.4127939300548442
0.9823227701728636 0.8621497516977985
0.44087235573293726 0.9361394189470431
0.5429663473214368 0.6237027342388091
0.7887934768145759 0.5557986732126645
0.48734043243042446 0.0031480238622294543
0.3779857544931693 0.9348484023258872
0.030272095385751152 0.9162778256907689
0.9717214885743961 0.8766297937756489
0.66318370537226 0.5362934133791397
0.4889627934668537 0.319653601575977
0.3878552842306833 0.17065880295301872
0.782372699700518 0.7504050878790673
0.7283506035198202 0.5975149494766863
0.6580071479008867 0.29413733695183897
0.4433346546511636 0.4141203610517026
0.5989681575975994 0.6916457879490883
0.6749604632709414 0.6046465589077368
0.15143564310844404 0.006364123040299319
0.015640836582064166 0.3060284237894908
0.3171717407297552 0.22661349940474418
0.480267463683 0.8021158944922586
0.9133447362558622 0.7698181043865393
0.2267938417384352 0.21321222683731755
0.5014942144818595 0.5896790195079551
0.9937366747456982 0.07573231732553842
0.11854362972388488 0.014220609604228773
0.21184347054205777 0.7913704812946425
0.9714263174318649 0.8975794328688531
0.45210707055481714 0.8487615970383746
0.4133613209524014 0.1259738346133017
0.6535637645271228 0.056261370310873415
0.5798651567564526 0.6680590356338323
0.3627425782099436 0.662630159327614
0.512841542797978 0.025731015874012053
0.3657083848731022 0.06156114020876213
0.23331236890458773 0.10161425844589766
0.3495754139432259 0.14227911564632345
0.6620432449662426 0.3793308015230177
0.2230996164204897 0.2939807451877352
0.5549815704099381 0.6417638449481702
0.6898825188725923 0.6409197486599312
0.02770766803026503 0.2469202254796219
0.320403692910034 0.20808742522967805
0.587548010888872 0.27205533358588574
0.08610272004668951 0.5402726432689673
0.8780591927870562 0.5382599360718459
0.4624955861594975 0.8609385473630562
0.31444186799193385 0.9947915969047396
0.43424138887543484 0.7941591094321256
0.05654412701699485 0.3974971790062003
0.03829177482999824 0.7154389235038732
0.18974458758688728 0.9702038921087139
0.1235808298287786 0.2245788071300121
0.7911785554098798 0.8020601890564962
0.13165477477441478 0.461879071986661
0.04262901723379042 0.05911909236808599
0.5898603136152594 0.10454029985518343
0.04263885407144108 0.16740240272002138
0.6881487687879912 0.8763639909917755
0.42479605330799464 0.9325549290297848
0.4719704962650588 0.6017451768797593
0.7909837091809924 0.7608279212935598
0.9922488573749615 0.33558611035843566
0.13021354534874674 0.321049623574887
0.3627933081745922 0.5768294826757725
0.7486172444515629 0.5681203902113909
0.4446318008030914 0.46859873919034767
0.434553327419263 0.6580025560259024
0.38608197350462303 0.9580960050674991
0.5885752845084911 0.5032089417970973
0.9461072429038271 0.9126389934172519
0.05341112657168634 0.48842703754719086
0.8249331122970536 0.8718334090852182
0.8385717610311623 0.9519774745274407
0.5289771157160934 0.3489609133581082
0.3321406706436436 0.2571333374823144
0.06825999154003437 0.6101536132767922
0.6241310136912286 0.6048664118209626
0.3022736869228031 0.04056259141631924
0.43917873386961714 0.17810730636092598
0.7214398300247886 0.2460765658183004
0.7985869449542293 0.9509879008778777
0.9891203967390083 0.8137142804431752
0.946702482143444 0.5673955870546119
0.07469288720854328 0.6717961048769445
0.9522460165134878 0.7071772150269628
0.3023829352904128 0.13074786291281626
0.9344538126813158 0.28999704757059575
0.8304737357968082 0.564412636067926
0.1867617883520245 0.48580618550275645
0.1842515983703139 0.22725893664203567
0.9522525666019681 0.05146916516681466
0.6924528249977393 0.47027311581900366
0.1427419827033496 0.2950115894525316
0.9262170041615583 0.9142295762747368
0.47040284578551184 0.8603851087966943
0.8900360462098298 0.5723719043379019
0.004005419146177358 0.8312136354297683
0.4996858869442766 0.7341230875691465
0.6516750361037698 0.3975910897611683
0.6972791972847652 0.1880717811918058
0.1505464751545269 0.8483174980796153
0.8934022601047296 0.6254108350397505
0.22435360037318808 0.8763385740886633
0.9647061042171297 0.05871862325977095
0.6232377353118848 0.1514660275096642
0.16849741813696473 0.3100062866838922
0.8565965707864263 0.7884976126672052
0.1557555285461063 0.22448999433112093
0.780948142748314 0.505692160710334
0.2557134215350647 0.34622949891696675
0.5696379563624119 0.9466227155068361
0.9507884518430776 0.060081577371366324
0.028662609867966093 0.16853492149188298
0.014614700126650337 0.3496627753565025
0.8287360427772832 0.11838685248390624
0.16855424304582112 0.2651475029492132
0.44507448036914 0.9301701156542852
0.6249608991392614 0.42979636423968093
0.7913386754809768 0.10804978921694897
0.33770011421930146 0.03932139207504459
0.5324181194726645 0.6253200951509288
0.36048160557127473 0.5306252182966433
0.9333069090650694 0.9270096694687247
0.18369150970187342 0.43494451269522827
0.3892966077610116 0.023390818544655412
0.30808688227994807 0.550080832929962
0.9744953118528727 0.6321082645779197
0.871583666690438 0.34069584023890087
0.7863609564502194 0.5628017865631039
0.35449387425748036 0.6404999259312825
0.5922800554634178 0.6180335843214115
0.13800959805255375 0.27549215545657146
0.7048338223171102 0.6324841208836958
0.8097133261241685 0.14096481018668894
0.1606422195725028 0.25125696461997804
0.044863352936510115 0.1793075507634081
0.3033121244640944 0.7124831853295208
0.9537539584301769 0.6219554098937701
0.46397050503495385 0.9343784751138502
0.05287730199732543 0.1722225844521097
0.6903435331818417 0.434995486937956
0.41733701098879084 0.3711617487029746
0.19112532091300305 0.060667006338325224
0.24441085002696727 0.9874706457437323
0.295533524706717 0.580947215559702
0.7617283063696039 0.01990265046703632
0.8415609716363461 0.04841326635496701
0.1859071104402068 0.4869652589368825
0.5845140171715753 0.24352438369632345
0.25704722444586925 0.5762956818229945
0.13651600214537463 0.8279148658655024
0.028034659675303608 0.9895928045882787
0.5727234933469674 0.5377978524589941
0.5115883229282152 0.2844150146477842
0.11135799299269644 0.39599219910509675
0.38898425661547886 0.3300461306707687
0.6180822925582439 0.42460008476859845
0.9215832178270353 0.037734087459876386
0.6728091621186654 0.052575948571895736
0.04252844924369681 0.8093932327656652
0.0036428505684975576 0.8974620203012409
0.6131009980810767 0.510263547014367
0.7672067515505891 0.9109925211363621
0.7577121652458558 0.4872408285836636
0.874721868013498 0.6274970423835224
0.7733597749109167 0.6013144090209745
0.48857482695933485 0.180684003892986
0.5999220333729438 0.8529373996286829
0.67360160809221 0.9418494660883763
0.7216959997020338 0.6383292263211351
0.6087747821769462 0.864204783811426
0.16840128743178084 0.7259555924719661
0.298817437725736 0.50333383048683
0.0626756991846269 0.8420323515328745
0.22533629967417812 0.8551633606847067
0.9645566285736371 0.47954804213949753
0.41555235754548603 0.5463438440887292
0.6569697717316918 0.24783996122197127
0.2720345439270109 0.8718502463911866
0.788381085038351 0.22503854933778356
0.34697593193901044 0.03547603905669949
0.7526443377318226 0.4492108859267996
0.09267117474836972 0.14269016034780813
0.26123534007563043 0.10369076321471038
0.5708812729829935 0.8629624686393673
0.47560842436017636 0.7478477650108417
0.2533726550481967 0.9018452182200429
0.37204063045470814 0.6462245141942526
0.3219003215899654 0.22089298032501525
0.14240103378178248 0.9516383231008292
0.35463629441601974 0.6753374660027949
0.7649835910199878 0.5621992232874498
0.1595584036476878 0.5538157756361923
0.04120328265659712 0.9335598068637938
0.9888433084094672 0.34786560907807784
0.3159093143086493 0.44579237742286426
0.06926295941131433 0.7390051527175663
0.2618416384293527 0.9397122693903628
0.8219655231946628 0.2812710848074711
0.9005709553862029 0.8393337523866831
0.35366951422344517 0.5842747556623913
0.9148461376154295 0.815862995337771
0.7430988635442688 0.3572728053782499
0.3459184195339351 0.9829218812705687
0.19662662429558786 0.1288528130809794
0.8570276283788592 0.6089177390108076
0.786883623692028 0.40698804051422477
0.29702316596114864 0.43978912114056645
0.22109104249357103 0.14107984126149153
0.015182236629495804 0.6952637981763208
0.2747390700343024 0.8451894991764568
0.6522448679269339 0.4005109603715935
0.8051676343354335 0.7804647575450203
0.7224430058685178 0.9131458573945421
0.9976260497856237 0.28116315411697324
0.49966658382067886 0.23954256377385397
0.48167275965627865 0.19380148561535804
0.10305136882153909 0.39732558155706665
0.8443947627215609 0.7904376242692936
0.4623434043869168 0.4963680385461333
0.5833524504823464 0.39810115738228924
0.8564374821790521 0.015272299936682554
0.3376303599084245 0.5816374021631643
0.7530773641516968 0.6557417103715066
0.8314650234814549 0.2647435904356137
0.531090268968303 0.00006288536925680432
0.13695885222528226 0.14370810961769198
0.647272702149418 0.14793485688248964
0.37655416731481206 0.19820626304684308
0.43005531882183257 0.7298755442303653
0.5330021451676652 0.9759660836962694
0.780294439896787 0.6259276285926743
0.8945633489104741 0.5917549370839685
0.7732289362414044 0.1299413893993535
0.9148668328319973 0.992190853096405
0.08017094572893324 0.5141589122760724
0.42506219482954744 0.9126155034958565
0.37716619171354404 0.18489032115381399
0.24089168641976189 0.6830941195171616
0.3550114448619319 0.7393871769670319
0.6530779495205026 0.5824886223489532
0.7184667233690984 0.052808415926378416
0.10493617509421704 0.6728601675099117
0.7950918993021623 0.6973052662388965
0.16497939314887167 0.5264041278479397
0.7300928345439992 0.6980019210180246
0.33338791836627446 0.9277020548922272
0.05047447867799537 0.6561537271513087
0.22238638230165542 0.11301802014801887
0.8369520078375059 0.9424972382528083
0.10069878917361041 0.23217887948050953
0.32586565010136903 0.2781500770669969
0.042194655815608106 0.8185255394109703
0.3072144248112123 0.6714477046302283
0.21921394585301224 0.6146695418585861
0.051615401521273085 0.6461507300337905
0.024380521427837643 0.47718248447784495
0.9549496996172395 0.022842838887155326
0.05473874013280278 0.5680358626493913
0.6280433131039236 0.028383395752232587
0.9458168222675327 0.43983239376832706
0.9839535866812592 0.12999776246833927
0.5670308261555452 0.9294124347194326
0.30547278388358357 0.1238558393084388
0.7755302169535909 0.38340984556774926
0.1641257637852518 0.326765138085775
0.6865179302372066 0.7557431212078729
0.623279087178461 0.29372877735243974
0.5849645202180114 0.7879720566220427
0.0381759421973864 0.10292838403193905
0.8015242016414794 0.03515036834204199
0.5211398435375425 0.2870547998290276
0.47768255010551486 0.20479808355939433
0.09337157731260937 0.024340934098072475
0.2685968046593461 0.7185272414315993
0.31934210457933654 0.8617482324455779
0.09872752567356757 0.9258551938592139
0.7642665903273287 0.4214062191964947
0.7435972559981858 0.9200682313889468
0.8498912523338955 0.8020189957262278
0.3633385853076101 0.22236515378985056
0.6386654271954599 0.10439868795742524
0.7591616045836662 0.9803376885538979
0.6764355242841453 0.06961685795181327
0.22171810286570248 0.31218757794952023
0.19055740715358027 0.5386683790186164
0.1273681031242031 0.9445490992369989
0.2996496149537402 0.22124691684006237
0.314464724437137 0.2724798003018982
0.5920795184188776 0.19650018207773567
0.2825676122009291 0.108409742059832
0.8152791659270362 0.22738641089325617
0.3957936084609628 0.3877749783899649
0.15297709820123462 0.1566250152240123
0.18034287672728566 0.939424029578714
0.06074870180581682 0.36685672428508487
0.47843975762996105 0.1163682147978411
0.5711626641502425 0.493154195798301
0.6162839650710599 0.6976818946107659
0.49051589176866117 0.9267971776763764
0.1757177134091179 0.0941007920450847
0.28827902497978775 0.9988765472634293
0.030707317806091927 0.8873252073532316
0.5476335421344567 0.2711060357129593
0.12655110439092 0.5287168345638125
0.18833287520430542 0.3327944152514575
