10 4 100 1
635 850 1017 1063 1103 1058 1120 1154 1160 1125
859 791 722 1003 1094 1217 1376 1215 1041 992
889 692 1023 963 1181 1375 1471 1318 1199 1366
769 997 1030 973 1140 1099 1608 1596 1336 1223
819 680 1066 1094 1168 1347 1289 1390 1220 1196
681 985 888 1129 1211 1012 1116 1372 1094 1206
729 667 862 951 822 902 1033 1251 927 1034
724 668 953 733 1028 815 912 995 916 1003
790 715 751 933 1027 873 850 778 842 1031
698 797 856 705 660 841 761 812 867 682
7 4
9 8
2 0
4 2
0.945884392066622 0.44708311483841884 0.6566833021651994 0.8684220374105482 0.19942629940848705
0.3976596494350738 0.9795496634872625 0.8584670759097939 0.43187548983924406 0.2968189588470123
0.9598912456240145 0.6396875051805986 0.8383273863570966 0.5893116426440148 0.4890290796621155
0.49334048459575053 0.8251808289074156
0.16332223714415184 0.9021656254130588
0.1247170093795964 0.6316715410461682
0.6485805834420872 0.9442826761222227
0.37667086225718815 0.35257142967539123
0.9847697741666503 0.26650073619809667
0.37711645282090456 0.3895652986531113
0.19515162771607564 0.9051419550322497
0.4765938091742321 0.5243380087611653
0.02462138257536095 0.49128268037100553
0.1653758303470967 0.1223990964038375
0.7851475010201474 0.6175593123539915
0.12486004005748708 0.734515149076062
0.49873194392820364 0.6993311304967147
0.19696666778281857 0.12469671891727896
0.09758718312689019 0.9510395529646785
0.05113381355450586 0.29933534029381037
0.8946010716572779 0.07707884239203389
0.8919094763508104 0.6503494836626706
0.3992632613124474 0.2986030631034815
0.22220247687185601 0.3919299077292995
0.8482978074270353 0.83121410571309
0.8892513357697736 0.7223469190930496
0.31429571641917886 0.3096642914792027
0.2572527005681764 0.7778635230032205
0.1579537527766448 0.35764585577351937
0.5104310214786136 0.7872635556242109
0.7560261776512402 0.18480004822292972
0.5872051261733318 0.5416878596173602
0.7716420970002971 0.6652102670440747
0.27961865413589915 0.3728837982056086
0.12547938998113328 0.9097947582498003
0.01162981518007622 0.14041435478547304
0.9265090290034297 0.22628877668590652
0.16235886977428837 0.6932389539335619
0.7294970790764872 0.3391488585186955
0.6724431362993761 0.947167815820251
0.5954176215962896 0.856491008018375
0.9404755532426039 0.4437787685294252
0.7524053030154723 0.821915152204721
0.0938136399395968 0.6132660910452341
0.9666252030293827 0.6058323740671971
0.8979942292943426 0.10904319171418453
0.9474935338703896 0.18470222094400723
0.19824994511720573 0.0969145913372591
0.2743271276039072 0.10407546096376619
0.7783063025865937 0.6727124761179823
0.026116569849985893 0.9642854514019739
0.3466354191101957 0.39907242504345963
0.6970750955695357 0.7658771555244761
0.8909489857162853 0.29371986647632986
0.3063157058935222 0.5559397115424975
0.7535128287612256 0.527150294371421
0.0767107820871995 0.8216966953925611
0.10611729618100862 0.45556870811918837
0.9824978724843776 0.8825450881031138
0.01630079852903843 0.8478354377090975
0.6437669275456517 0.25802290179016674
0.9540221683755401 0.35532171463858875
0.8885033204300596 0.6413267803428928
0.5290005719844342 0.4163089660965664
0.8923329274992946 0.12526440301356945
0.6592721514712527 0.3331886594237079
0.41562291214565295 0.1595382342620133
0.5083834101020617 0.7833526315397028
0.663333186093596 0.9553075740851391
0.8354409058592878 0.5013994991178157
0.5573425178765006 0.26805362544828126
0.916109104410026 0.6459212365600697
0.9487861407550682 0.18296716193338303
0.4931813010122563 0.14059358350679618
0.9290714673226339 0.6920072323386894
0.657216513263382 0.10913050630180599
0.6764613864449585 0.5918938363723252
0.9731562805475915 0.6124984555975652
0.1492288940711919 0.9205931579169537
0.15725897410770906 0.41916638550325835
0.49797189707854916 0.15314057385189006
0.1487703272175378 0.684903558575517
0.9827651752223607 0.9262067191349601
0.2858447196297147 0.4147078796045538
0.6105956560731516 0.05334179234269132
0.31182340732563385 0.22371173960900492
0.861593213601906 0.5181749479147737
0.5489482017812777 0.3129900491931439
0.8300242428885731 0.41079432198829924
0.23803522979751746 0.055553036183983995
0.8764128300689296 0.5196027490222845
0.4826863237233099 0.2895487302988
0.8013607145965409 0.5595302865974658
0.8542705388692473 0.33990513284230794
0.6298480006651324 0.5146880490053432
0.622455277827664 0.5262972233490861
0.1527913957227891 0.3988765131872254
0.6409751832892869 0.18401647377854036
0.5780453197471425 0.7031654385614055
0.028758027553677623 0.24776259915317644
0.4288242991660651 0.5803147359456309
0.12146493755748256 0.6338763145153892
0.6809134705334252 0.36332209973624163
0.5542069784351962 0.6899344659257631
0.2509090505758016 0.9289914697162374
0.4860081179728535 0.5853410202993241
0.8326991692644252 0.1416589307041125
0.7247421565881602 0.05516016899130771
0.2532636319495494 0.17709449275899702
0.4359498854792718 0.3201093302572757
0.7842375311312484 0.3059164117539148
0.7724614427206722 0.23514486754716812
0.7551001666933863 0.37616633369923713
0.9139655174001606 0.982211427324452
0.5932657762334668 0.07749789991082134
0.30863532939570626 0.16431195716383362
0.772540296424131 0.027887562930850818
0.95123374712651 0.41750282457820664
0.5490976974591633 0.3267662606700621
0.08035579783875213 0.175604611046853
0.3748212978523835 0.2683593015202168
0.319612243005569 0.6977045560924715
0.28117717043735957 0.9503085214817708
0.43300403010171307 0.7358323175240089
0.580549397027827 0.5658323596988724
0.47096425215645943 0.872180101005769
0.5046808292303782 0.7847624656720249
0.30054492450667936 0.7216737220031442
0.24370772064963275 0.9685945019970981
0.011630861149160898 0.2612184357114522
0.2380849476415341 0.7637604561145972
0.879138310628452 0.13594051757602266
0.34238889903548886 0.03129799859872584
0.634940732823086 0.8669024360588939
0.7640547056695979 0.298860738696773
0.6582886252330016 0.6968530620578279
0.1000900533140967 0.008117673708988749
0.14795889013575558 0.37447230691024647
0.7675258488925445 0.0494096092123546
0.8712150920288206 0.09691754882684367
0.35912146266663947 0.4905930686782751
0.3365368151369208 0.8743556339600691
0.7820592649210163 0.46159106654641313
0.39105770784127425 0.33956907812834625
0.9975958089440187 0.15983524623703116
0.5338826223175066 0.033239413992052436
0.8330324186414673 0.8530994627826014
0.229313219004591 0.7984499516452723
0.3609859171190224 0.7061286533285149
0.08074743445890542 0.5803277458422327
0.8733155976341151 0.7282120905025156
0.9565527384694339 0.6817186195090945
0.9270303114185232 0.06541200258774715
0.1562199520731431 0.5644240425669771
0.40171476417412255 0.5015935343571696
0.8356409886670206 0.7832958521630808
0.27832936958932564 0.4567074691812236
0.2044772690862906 0.8837165474959057
0.6969795845740228 0.7090649888521907
0.7164912116794155 0.5975125480452546
0.1752331095043287 0.08003251957794921
0.5528789691517475 0.5103946272140945
0.868809238467176 0.8416719916680815
0.09851395197782953 0.9762920174675473
0.3403300836128498 0.11993283375984576
0.15109942138651666 0.9576796896104478
0.36563951722571986 0.8323694943981954
0.7846477223017434 0.9886761407532774
0.05907603308769538 0.5784239671166362
0.29319165883494525 0.6166282244464139
0.4055381548346535 0.8257591160976694
0.1249731440205224 0.496423846839094
0.5020622999684268 0.26943487599673643
0.9221842316767555 0.40584500888335784
0.04968937334939305 0.50123691225867
0.5257067046102337 0.9963660709942317
0.9734121918551075 0.06956410131469015
0.23182097055433726 0.612934511331358
0.9638710965600847 0.6343911223951999
0.3750607185565522 0.9714417957439223
0.06497698692797527 0.1622958303053168
0.9208121635948732 0.22522884157648182
0.27198828933657326 0.8333288206062974
0.8253981653075897 0.19846316617000492
0.830442529473636 0.5163587578116158
0.9590722713602371 0.12353105130970143
0.035151434767757506 0.3664389789946658
0.6607520292099873 0.029947053173316807
0.6503092693185317 0.1782331106384223
0.0007897589329290966 0.8252924301469311
0.8355267800413575 0.5351311809268973
0.9213206034100523 0.56218031521778
0.31373779974285987 0.7842190278939343
0.895557091184837 0.4803097329674493
0.6245075648850271 0.44606573643238345
0.6760074944014354 0.40908777751882486
0.08725970422808782 0.7196425616558466
0.16949151314562028 0.10603181327563238
0.29682208373985786 0.9785757800712864
0.5111997261066623 0.17905267371917
0.8805030457895773 0.38315181498021134
0.891780484200968 0.8428584462711006
0.5256775282391961 0.40654747500142707
0.6509085634918668 0.3251940116066212
0.5152900310309663 0.7809433695442882
0.30181141386074684 0.6147701114341304
0.6641179885415132 0.8039512046412101
0.6220716061328395 0.6545501436560681
0.5241210170939767 0.8940215676643939
0.03388940196511414 0.6651051372398447
0.5614602042824561 0.06331321793509193
0.3252324074573274 0.8391805845553884
0.23926425159244458 0.44479195180658593
0.3677902395547694 0.585583820906669
0.9273497336979266 0.5385320622040861
0.2044871338631007 0.6448015574104131
0.15045935291558044 0.9246733187376845
0.3820147590005234 0.4490313119099336
0.9841590430550204 0.47619952811310373
0.8114270202311458 0.8665077062946775
0.18268566636045724 0.8342963150459695
0.7041256710695238 0.4889084682913154
0.4154803984767035 0.3682267228635059
0.005026552356990122 0.49855800007013307
0.9332940111851893 0.4017750933481734
0.30953332502408726 0.4887249627561059
0.30607101961418026 0.3796956199290302
0.06973040454192847 0.7427497342157972
0.34276408263280844 0.8031859843445806
0.4096748088279123 0.08320058420211973
0.7847701551642898 0.11097488528148958
0.5773148354963442 0.5332803557639028
0.35740366212003316 0.20361771840817622
0.7185306696429188 0.8377022047212122
0.5803147771465909 0.8408953100369576
0.38192811136158666 0.243081493670378
0.7513068360479933 0.705878004521606
0.5416888893039709 0.23605765377496168
0.49995676109761233 0.6199223546570176
0.9267872867621041 0.9888406473412945
0.6053397728466121 0.8538845885361659
0.6347189985074446 0.4979283184910115
0.8188884253226378 0.6715716177412465
0.3237636813958418 0.9135948099240827
0.9574777738814817 0.938082456745492
0.785236486266834 0.5109855717804157
0.40744097405338264 0.5496971400275259
0.10133533090843305 0.39915155186733875
0.3429585718110906 0.6104688626017183
0.8058599229591175 0.13090703070964715
0.020811004927255405 0.5047376507430898
0.6064158392610963 0.04314086335000322
0.16254954064205096 0.657288656521444
0.5768778178914127 0.021804590059160134
0.11708060433090783 0.7834041994672569
0.724575428062179 0.9987498616970385
0.5730769733416701 0.9255542785642348
0.5447672242013135 0.01938550495568614
0.4292689129567291 0.8282839864071243
0.7481251911847715 0.397306648424147
0.6748505869559565 0.8342765363026203
0.25934947008725295 0.3396018239883083
0.8206426250684604 0.7115157024546552
0.8704403478455358 0.19431942711195083
0.1086291032920852 0.07943539303446823
0.8992292729932689 0.2577342304836385
0.5301878704591783 0.6712358974264869
0.798914698316225 0.14280116121616504
0.5039701210208367 0.37201796757528194
0.42848537241461204 0.8720618746327695
0.8177691429291303 0.6964222678872403
0.4902073096731012 0.3043208741098311
0.07255574463707926 0.9687577383334718
0.25854266401605686 0.6208165052142023
0.06044029384335681 0.815303890892568
0.7138119554497004 0.1677480514730334
0.523348969880316 0.43381326441135304
0.16805119218724696 0.39571860886588284
0.22129927339750743 0.14721478546252853
0.23040679448795132 0.6116425041935925
0.8831237414970294 0.9310285231567585
0.07083626216620975 0.3143076625609953
0.7448090191298777 0.10425912425779327
0.7194971482951569 0.3845063224568559
0.47282314520562996 0.22308924228871896
0.6571149880917229 0.8181933550102722
0.3448772867650889 0.9487637671073248
0.2961442741423439 0.22460541813220414
0.24525022930585028 0.1825579979321852
0.3383724471900602 0.9456521346853535
0.5024323121642655 0.326811730761148
0.27858440898598213 0.047520571576271875
0.33947969857908333 0.44181714730063226
0.8987429808462137 0.9106003285770077
0.43239759414201195 0.8869841101589417
0.12482926554313023 0.20980647774796846
0.07617599680345832 0.34540211544471844
0.9698828301725262 0.24482425677736774
0.44313117381734424 0.696133865040155
0.2643981382065097 0.33902715357225355
0.17565304556793016 0.08973082782140707
0.15726337362888065 0.0809578578195067
0.005518373584614933 0.5738884543523914
