10 4 100 3
802 1052 1069 1062 745 756 851 745 665 811
914 1006 1072 970 988 806 955 833 656 776
1069 1109 954 1078 1140 718 771 743 747 902
1280 1508 1320 932 999 1012 1008 661 952 681
1244 1722 1332 1379 1192 961 1046 838 802 781
1517 1935 1432 1509 1245 1192 1054 944 820 732
1576 1675 1396 1215 952 849 790 706 871 823
1410 1309 1067 975 967 969 899 745 625 800
1073 1092 1199 1108 961 929 661 737 692 885
1168 1068 977 1111 1006 902 728 693 778 818
4 1
8 6
7 3
6 9
0.6445841346719577 0.6739542922189865 0.9557769510245093 0.5306157680037181 0.46529302801013883
0.5121245139780146 0.3931219687592059 0.8733514318480349 0.6289016475513438 0.1869667729614017
0.5865477877959475 0.6938647411431753 0.45252128070693404 0.7928968990465601 0.1304101934402735
0.8769807854654028 0.651071884185078
0.44655911916468094 0.3101527998221807
0.9307336921773972 0.9896751937092592
0.5740289677003194 0.47891163949152826
0.43142467063896106 0.5821705154044277
0.822153566366723 0.6188550852948367
0.9571704608132152 0.02021614361487556
0.00785150620870545 0.16504542514385734
0.08755564326932475 0.76317975836051
0.06845784162578505 0.06809770076388477
0.6684984427697203 0.8323275441728322
0.8866163989779969 0.5413759252598243
0.412847317452238 0.8195909734767985
0.9325988633453226 0.6859058266610698
0.7873785511506317 0.46496131987486344
0.9878952910589516 0.02451692312055731
0.6724940057279096 0.06651633960750303
0.6127600781566478 0.12604741710365364
0.37192479795132516 0.737568820585849
0.1111986016778681 0.6041405758751759
0.7493337975809538 0.6911739376633472
0.5815989941744781 0.7185496720835758
0.9221099436303748 0.49712556225122895
0.2811136788767903 0.04092428188774355
0.8723239022087521 0.0634827056085181
0.6076105047024842 0.9144980916216938
0.5359686614245756 0.3519542776250142
0.02854933918681879 0.6801282722863198
0.21212459710294262 0.28122629030184254
0.025399908026649376 0.8588924558184103
0.5941919034692955 0.579520509783038
0.5894893551108478 0.27313075109153573
0.500977518928883 0.7630970870387732
0.09732715547373205 0.41541741463714543
0.41720404510391473 0.6301175280502642
0.47343510747315976 0.24384797924221768
0.8024717654542328 0.17716785015676262
0.17599639537935485 0.48903274929141394
0.8040392943831647 0.9600392231926536
0.9184320441203346 0.21253118617508182
0.9302248896885559 0.8754352857972205
0.973288680484522 0.758955754062214
0.06016719636483181 0.3199413081999436
0.19195804600818778 0.2493899623166982
0.9050589031598624 0.902781402845704
0.138432194065363 0.7641356184209775
0.9703652214057088 0.06716666792604098
0.9072888181823868 0.8311169195887456
0.9313660310179064 0.5536924685338813
0.15790356710334796 0.6117711511597954
0.452848240365642 0.21713301022002907
0.8777202644538611 0.6888808148675636
0.1641637408388985 0.2139313859075911
0.04377955536678235 0.45188495586246513
0.9006075424527378 0.8923048555087398
0.5463150317857093 0.7520666055500573
0.26884687209997926 0.14008364972046583
0.29435371504447283 0.6485099424649448
0.5934329163653485 0.9780281109068507
0.6737843423394763 0.7475519124623153
0.6112846735394377 0.8932168903024689
0.04334801419113732 0.49421299960994425
0.028776513509301216 0.674929332981876
0.9579109700311783 0.310361586018997
0.1391858035899607 0.036127663548727984
0.3408795028229332 0.12064433033256416
0.3713884205318345 0.7653065665328178
0.2584948751179066 0.6228518679761625
0.36421277756373027 0.4661117647776045
0.11652776274938637 0.186062507101749
0.11381800998626157 0.5620840826744988
0.20239376044189927 0.4382159699003514
0.7625613433539795 0.853256071409102
0.33418469001196693 0.8629580899265583
0.6365113852000299 0.9021046427166795
0.2589084848384584 0.0723069962330447
0.4149500173632934 0.813812077810312
0.14197416095989634 0.8579639875816363
0.46404718148616797 0.3222380066570312
0.7681755477598013 0.35348097870747686
0.4203434259888248 0.6776030207957522
0.8222258640453557 0.8942872545998644
0.8360830556536536 0.014449025892265821
0.292951431602531 0.7465926365478757
0.1610976898357026 0.5167336906386668
0.07511356994989149 0.1898950163552542
0.5772439540277468 0.9575861506816028
0.0182212261371153 0.024782662925292742
0.593849025581827 0.5645919776766841
0.7328190633852494 0.713304251147574
0.9493622830522568 0.972001054242426
0.7013237909579355 0.35032339004134183
0.33051328906214383 0.4923225289800852
0.07997931389741786 0.06138855224475526
0.7773482459639951 0.7919645685344863
0.5901072267969185 0.14576344246546902
0.13035357655066804 0.2546714316728875
0.6346672157045301 0.1749492445881229
0.8804671802206911 0.7934895824601695
0.42203759157900356 0.08831197972303562
0.9481205824754912 0.33466810895875554
0.5016851260657826 0.8547681350494218
0.780322356468427 0.41277506431163347
0.5266822770608952 0.7933162400209433
0.23557134077610287 0.7916004472145166
0.24671304556265783 0.9465418775323671
0.1368474466891365 0.28656228197516587
0.6155053441100382 0.09782784433098213
0.6286544140357224 0.5962475339898605
0.1964312152871528 0.1730438973396362
0.9138515866432604 0.08029140023738779
0.9085261642606361 0.24350831037215337
0.042171846111464406 0.14595010671893727
0.18000117578006192 0.041064381539296146
0.11401365198362279 0.753231380726779
0.7872608689547673 0.859284454189498
0.06587250259076427 0.12827671076142444
0.051829935783302084 0.7635910131190737
0.2936616547927182 0.8130646684573326
0.34798370021626646 0.3609941439173532
0.6610913955980939 0.2431133317029066
0.9610782905776223 0.770549989379762
0.46227358666466656 0.2585226142045234
0.37553090338702266 0.3777556085095677
0.6944598523725425 0.11300704974400078
0.7342690020331004 0.8769330599683405
0.6556005720777214 0.5974644738213997
0.16865089725419868 0.6436531457161658
0.45086261697852636 0.4332504451201711
0.4229495852694869 0.7968041830206753
0.08325606304134969 0.697467892867998
0.4806044574713464 0.6140248461293258
0.4659124542287607 0.6263133007570221
0.7775662985537775 0.6172147698294566
0.7281204079773633 0.5482396019637148
0.3864119194165625 0.8170853039867538
0.4019705942816123 0.5465447848788512
0.5037331593009235 0.05660116724654363
0.024334198521483774 0.9159713927651374
0.37379511291006584 0.9408865485990228
0.24825362533197848 0.5344178231527275
0.5213903767988619 0.20470202940315474
0.8822972870316905 0.19617761013456492
0.12604716308105046 0.6918472607774133
0.7292329152460089 0.001256805371139924
0.48754948512823293 0.40527374434322905
0.8855714184680108 0.3556751493529564
0.3624712124482501 0.7283280164582933
0.6322806558119409 0.8076246423301094
0.3703998141174507 0.05365590072325199
0.4397818615506155 0.9957578632079882
0.8535093877371631 0.1026990817978044
0.31499072202378375 0.8794190778975088
0.24467434161247126 0.029603517068780727
0.07886975570074894 0.8285116843476936
0.25648889255429497 0.5583394337160943
0.736416457629008 0.4664854461017536
0.30168275127855004 0.07487204008496873
0.05669639750990485 0.667740873227215
0.4648418917946293 0.010216327301417527
0.36080302462171665 0.996901697621964
0.5941502719564442 0.6400119148945156
0.0025298705538425725 0.7957825801827227
0.7850803550533443 0.16997888116851656
0.4780250192094919 0.7094518491643209
0.6044247894993946 0.08820725989992506
0.7765831235994618 0.5516158494316792
0.36124640717148404 0.42534651565982684
0.25415854141004646 0.6011928455864612
0.6839361953900447 0.152989801275909
0.42360792956138815 0.7242375650932291
0.23977840341113343 0.11352699402274857
0.9356516207832064 0.5032523525987918
0.849719405027942 0.7954518812062363
0.13319073155343064 0.970175599244445
0.3960868119025678 0.2831664664085469
0.3859598958828212 0.28549175759499823
0.8277925976844029 0.9707183072938201
0.08492998192426837 0.6746046557320424
0.005462697091167534 0.408912716429529
0.17886240613902915 0.8939585306210098
0.6058128587202833 0.05034756940673746
0.5082398299645852 0.7672253391462451
0.5245277562942918 0.5556245891110159
0.6594787494885099 0.7420037552996852
0.5427701229491417 0.989600218381739
0.5942698984875958 0.4036806645029092
0.3936574675226421 0.09727848812756346
0.3928213220431618 0.11774384803922344
0.6574805451699732 0.6842348402497305
0.8442690196726306 0.3922758936341564
0.5258303917571481 0.21125490239026012
0.4430470760429286 0.36533933630794047
0.03951523624847009 0.618442584798937
0.5052223871907184 0.05169842365435673
0.23149980409756887 0.6529677262719353
0.1936702957212968 0.9738594575805217
0.16719593267365784 0.2631829248361939
0.09465739120932626 0.36892626617456803
0.8753120388245395 0.7125122863103013
0.2005103512215587 0.8637063701775993
0.31329373815544215 0.6574375289278036
0.016800182998055746 0.5836563142990621
0.6990920251259019 0.7304575650852034
0.27282347579328614 0.3952687423011487
0.3124891384369035 0.3018725712968884
0.700015562721934 0.5732624681767358
0.05223189525538596 0.26576122555837034
0.8167582907503306 0.6344402343575211
0.14683109131901162 0.17952433741278817
0.8105019748521574 0.1649969983517876
0.17882337888836308 0.01480429690196794
0.9617937262982814 0.7598224383014045
0.5438525981107558 0.3808205522000998
0.34963406546490616 0.9083874122231717
0.6071936075753073 0.8643105948803098
0.8665976127613926 0.9340542692280076
0.6849473532281163 0.14607471615231304
0.21080504046962223 0.7609711292126002
0.04284043013768546 0.4926029489953714
0.7963548461741443 0.970228423423015
0.5743690409012618 0.8583622964348594
0.19328690549326155 0.9229261194458107
0.5550631602145459 0.6343856944497892
0.36959031269954434 0.39016102370598027
0.038730141216238634 0.4121428105029974
0.03214819491317811 0.7074550469144156
0.013821573698205025 0.5100440195324032
0.3055235259988842 0.9684889571371555
0.5512758974178356 0.0062514616207896
0.16031511469050397 0.2110465797614014
0.984388279575712 0.31390846665265637
0.7482536186105075 0.6520920946738333
0.7935102634762954 0.6597594331556142
0.559720273422802 0.7277256252710462
0.22653522700057405 0.556087864307744
0.1243114124962541 0.6281258763473418
0.8058457205619645 0.7616604806825966
0.5413929882425952 0.7923486191447584
0.8443448612849251 0.0989530712677007
0.6823661094002123 0.6259276878372053
0.5083483843667236 0.2788512077566234
0.6293351397815161 0.7486356961948777
0.6852754581432166 0.28714727006383756
0.5844672025439486 0.1509770112363178
0.9206329756703835 0.5179780624708237
0.758443926526631 0.8401589893576962
0.5613454195136318 0.28026802354413327
0.774779554391662 0.8214433783955482
0.8596140248450441 0.02543314516258599
0.15949779807937392 0.08575608029716664
0.9450375557268567 0.20335945349966922
0.17352823565699116 0.28318512597307777
0.03981385298046014 0.7430465388609457
0.9787646885323904 0.022274537603157007
0.2941469630049869 0.00703350262563629
0.7903061323384613 0.06953704267493599
0.9777704739499489 0.12280589500365546
0.7055633354453319 0.43699372561433236
0.8023018919038694 0.6518805545006221
0.8971756241675655 0.6864832800654788
0.793459041263354 0.9375671079583447
0.40296403593917174 0.8491991447377212
0.6812098219447718 0.5451618262401958
0.2001586645208946 0.813943592649633
0.5787340839701423 0.37865908624002165
0.41128270537514466 0.34146620901538416
0.5055625609881287 0.833660880826717
0.637663635286585 0.4872091844998483
0.6475317951763297 0.28291425579286766
0.923180764515894 0.5793047219222862
0.09366018674809351 0.4350256942964854
0.7417814576769857 0.5124402980736116
0.31842536608225513 0.847578143173694
0.3331001049552984 0.9786285965938744
0.4282509844898499 0.285110926339214
0.8937400861512899 0.011742142415662293
0.9262271230489403 0.8704407272610526
0.48674949638898823 0.847686841351573
0.455285869719813 0.09241140633615741
0.21878816045085592 0.7529380409575148
0.4652099567706123 0.6189715572297347
0.5330347420675696 0.08953108503291185
0.5415612266164638 0.46376798167993805
0.559356768537103 0.43673461050029827
0.0333579550321228 0.36659600707982265
0.2150191442776206 0.9316719070727688
0.3667072946637262 0.34879269566737303
0.03921754194921312 0.17406374364540533
0.08707701284813707 0.4219534137307628
0.06360744978457711 0.9042834773032637
0.7102552536905098 0.2826680638175827
0.4884775922293141 0.1103191482137349
0.03626364309127972 0.14132598238602312
0.7068930890601202 0.06846417422370554
0.5898115301899234 0.4975604192770944
0.021299706457426737 0.8229083484620707
0.7664465935319802 0.44457146703362205
0.012095165340257452 0.009244314642055773
0.1536851848668528 0.1561421530121232
