10 2 100 3
579 603 406 985 1146 494 429 446 1262 1328
939 1662 1654 499 675 378 584 449 1111 1580
1017 738 687 1032 910 1818 600 1429 1346 383
1538 520 417 551 479 1050 403 1511 482 463
1127 1605 754 1291 862 1793 1910 1493 763 1969
796 746 1044 801 633 991 451 393 623 1508
575 1238 410 1986 753 1554 829 1672 936 708
1942 424 1050 1610 833 786 1453 2295 2302 677
698 561 779 580 1812 1083 1150 1353 1360 459
817 1968 1023 844 524 877 1585 730 1035 593
2 2
6 7
0.5130133934646672 0.3030664947349079 0.5295369237364523 0.7710241728694166 0.43672557428943093
0.9302363802892244 0.73452001682011
0.45610198397842683 0.9074052120931433
0.6483246340298296 0.14412476238318672
0.6629898198755106 0.8630888371955305
0.2053894224282573 0.4857751628411553
0.3786297618454715 0.6453074411395932
0.9441519674369319 0.1530661570473575
0.462246797746229 0.695134959359446
0.18874577906791346 0.6828478209303044
0.055334122333415836 0.8695756633706462
0.41790043760192463 0.3482628729065982
0.054970473063402636 0.9270027708632551
0.48633519815278614 0.8559222542170708
0.21598989153455528 0.8802835080383349
0.8164742141233148 0.4716577068124661
0.6483554279902204 0.5700081092126423
0.673375847401908 0.06309874319863895
0.3117708517475062 0.017758332561798262
0.605954523605045 0.7271332688560979
0.8499494168995769 0.754520027696109
0.22933497174804107 0.3495137127800425
0.6840414516107454 0.013937635022015726
0.25100530127886667 0.9689845349283797
0.5291915911755676 0.2427049259373255
0.5920938002414864 0.3143557261064083
0.9383036897449515 0.9633078697634518
0.35331641966082206 0.5890595712701581
0.40711804027841714 0.3611791970312148
0.4642471636377903 0.3640064648365895
0.3143181519794027 0.7012343156850138
0.22268173048752593 0.9505292017266118
0.5026995359722051 0.8226386553268659
0.30904837174659505 0.5500362236815826
0.17694285407499755 0.030684874088617864
0.8090885599846647 0.5910463694287005
0.40225564252481494 0.006178872084438458
0.808393470271219 0.7197108142148232
0.16928943462501467 0.20344807328863523
0.6637930285954021 0.48959064364192795
0.7788330412777804 0.2735052514609597
0.6013330637007499 0.6130669644380364
0.5374916709204292 0.8807582028573415
0.1356303161943031 0.7157817148145489
0.04686735566449807 0.151780485490689
0.31664238550684676 0.5157117742844808
0.7421285229170183 0.778016993446623
0.8203083980562749 0.3093139835933887
0.5890369104959445 0.2870415975086169
0.04073613016492117 0.6124382783217215
0.933498268736658 0.5195806012854995
0.7266375311543902 0.1572798423437065
0.6854119521513593 0.7312424836557343
0.6939920482804678 0.26852375135332185
0.6158768989787038 0.07377516069498813
0.35241669457557356 0.975678326116425
0.030447005091093216 0.21431170440960434
0.37153795045864646 0.6673518905794757
0.754821236783833 0.7303247587747939
0.6122693047617851 0.39651206855427845
0.46934756749767415 0.16106082897530904
0.6741132795525588 0.4404027317803163
0.7066632592877564 0.6353005023604819
0.22103717161573422 0.8051062880663828
0.5960620612278 0.42050719319570207
0.01676029658639644 0.32431554413360697
0.02081102281531777 0.6120642478863143
0.6370635843936852 0.2731171942146735
0.8348678795388857 0.5133340183898765
0.8841278443367933 0.3015508820483268
0.8337192538286766 0.45602683893956675
0.2743541352119512 0.7097494626039118
0.5797483115286346 0.29659209998048586
0.5693575742564563 0.05231185498295399
0.5255122425593071 0.9069112900283252
0.9679918801993561 0.6536244910371845
0.23427364364211756 0.09642428708383899
0.7514146659588603 0.2340871251650416
0.8793729894260218 0.8470015502696524
0.34194142424387275 0.1611798979284902
0.5710504120738453 0.8710196999033348
0.18666379816235668 0.6584678043261245
0.49248954515395815 0.2745637083745025
0.22106126173767526 0.8657471487733817
0.17823380618876072 0.0837040066591721
0.5331939653695035 0.2798391219098808
0.09408331675290715 0.5290248370763906
0.6156076982893495 0.700613464409477
0.6122114810559969 0.6296241981429345
0.4189014282665622 0.17454517221484123
0.40481492817375386 0.24509431186068387
0.21091649708048754 0.9993041791621955
0.3389723481488014 0.3972597968987224
0.7480796595153312 0.24912079228608053
0.5589406214943788 0.5606715033093563
0.9528316696405266 0.21999533961652706
0.6591865541886641 0.25637664831009
0.3509519543184323 0.7962255562344387
0.0492687115527255 0.902595859147288
0.42365758549252375 0.606263487715847
0.626998150893723 0.5144426302554637
