10 7 100 4
1005 803 1052 1018 1378 1624 1455 1266 1201 1198
845 747 1053 1468 1402 1342 1422 1351 1295 1115
598 930 1113 1335 1635 1878 1531 1530 1310 1495
536 919 998 1068 1761 1304 1439 1603 1406 1109
950 686 823 1072 1283 1597 1341 1685 1488 1359
441 884 716 1077 1292 1093 1234 1164 1113 925
553 677 707 709 813 953 978 1375 1064 977
330 834 500 665 1158 693 1044 641 584 724
635 310 673 598 454 547 967 595 689 655
769 372 815 489 836 738 615 359 820 324
1 8
2 0
7 8
4 8
8 5
4 4
8 9
0.3629694906978172 0.7954517160269412 0.3331972100247772 0.520876424090777 0.2598037982969048
0.4606740617006292 0.5312581834608375 0.3998100198396111 0.588881036280223 0.23022020861547166
0.7823778851341301 0.6896175421807471 0.32858633528475967 0.551703394682669 0.3092976570054831
0.3442144003350118 0.6098231138215283 0.852599838112579 0.41309466192244854 0.1963662822474709
0.6615603591575716 0.857436931165594 0.7558753678913086 0.5454628364805549 0.1733157262432634
0.9680400317912621 0.6515099510178082 0.9827485438470123 0.9084121871113142 0.48828797326127205
0.8105686920312183 0.5865605846433752
0.514307362651526 0.9478540720413373
0.49878725932400503 0.7241386135707921
0.644135589434544 0.45438152859152336
0.3380733357396717 0.7395055758524931
0.9100524650790223 0.2199169486789989
0.808387816165383 0.8347622799075658
0.755926882474953 0.39436192334012365
0.004111239060883509 0.9327103507401058
0.32667831475821174 0.4892891607735095
0.8227803703555825 0.840505990705364
0.5561809148931844 0.7910211355171766
0.23935292302493094 0.3050282048504256
0.5371269772425555 0.7986710349082315
0.7632595502058905 0.8040928210688163
0.348872292427292 0.806515090326245
0.10634150965251932 0.46390279620473107
0.6897056090346676 0.17065422599636526
0.8111625374145317 0.30218787494912336
0.6868308477394778 0.9640714661022118
0.4035653371122425 0.45814474872314404
0.3742992549548203 0.45627723262093833
0.2623087073346091 0.470730145425591
0.34344068802585004 0.9795247061872439
0.8090013412545651 0.6015167438384388
0.6891743998682218 0.29930812855904976
0.09277287575746995 0.19120700284264114
0.31735225485788443 0.45886083035282677
0.7028291176960524 0.33150492028099965
0.426000952621463 0.02135173178557981
0.5418596012385 0.7062972156719884
0.9706982908813302 0.15425633983841136
0.7637649337068388 0.6489427869164979
0.4277344980507132 0.48023087158553035
0.32816510873741045 0.011149921254449024
0.5104519535215362 0.825363106869107
0.5807128345657662 0.8359672515950034
0.5459597671312255 0.49867930988394926
0.7382892824813114 0.7124177229556132
0.6336946243108124 0.011187296072813213
0.5355695502829165 0.8124997861121623
0.6706000963716312 0.32262710315871046
0.2913281212710144 0.47016653750997994
0.2789706954936464 0.24306988296945398
0.6771690817409675 0.7717340605164527
0.9230577822652717 0.18568889605795502
0.740518907159087 0.8515574242338566
0.5787668823955925 0.7176639690255351
0.6518232570725899 0.3173013613896476
0.3018043904469543 0.06069616460358507
0.7400013434343469 0.46046486938309705
0.73907313888506 0.6105581643674141
0.5517029391531671 0.09102912713123246
0.8324639424303655 0.5359051183217078
0.08895032040393525 0.8557217443227927
0.7401343057537122 0.35541393976831714
0.6972619554356339 0.6284628917447892
0.5438693956367053 0.5965243035323675
0.006786810156728329 0.21129196194399813
0.6993788642381591 0.2580444115284699
0.7232686917394298 0.09540353113427225
0.08073732271270795 0.562352094119237
0.5745322782123861 0.2650348589218201
0.6046373819031496 0.19659429049254418
0.5617402298036547 0.19862193739075606
0.15339389912453072 0.8521744411619621
0.7954374929778298 0.8650662818667803
0.3152424138334251 0.4552819211218251
0.6896122423274558 0.3137089595155138
0.7246490140030397 0.18186754746479283
0.6825857722825135 0.2857047449376824
0.8120863307281534 0.7733046701573136
0.2584419356266572 0.20649667221282098
0.5194557966352578 0.6583891121942023
0.7591127742148873 0.4068417569152467
0.1316592820659377 0.29407805106776275
0.6937115467737189 0.46082675390479433
0.9024278577259 0.34882900239189496
0.9223493324651364 0.9306781902593435
0.39668921910931854 0.971612770451219
0.7752636405450297 0.09944530033460941
0.9966625869981556 0.9322230998570757
0.17719711256891046 0.7468557746098643
0.9740369078690527 0.007095037273432414
0.6304503735628988 0.5195273575631043
0.46475637835446126 0.4861960178065632
0.8698006942579333 0.5463924625242009
0.8755395604789615 0.8824683634939925
0.5014843908733089 0.018162883506521066
0.6826470585775657 0.7217624681044958
0.852697206204353 0.5805636975406299
0.3540476244758426 0.06713876148403974
0.043007461615877096 0.42546120836250934
0.2702325723240515 0.312683347397005
0.4404596083233252 0.3071535282602249
0.8602702817016714 0.6782820549599882
0.9178277456510533 0.5660375917726435
0.6359645729990122 0.5277640813987186
0.7189218046772516 0.1892157657771527
0.8648848444864055 0.5412123155589543
0.31099235503207856 0.4908310937146563
0.25762683552036014 0.8029052758213779
0.4051526203333895 0.04927851626405966
0.5107902202823966 0.948603825605749
0.5577643876856293 0.12218007402458908
0.1980693814243386 0.951126101913284
0.8906455742692005 0.356118389226477
0.9226532843416728 0.43303079195899463
0.3819550583080855 0.16064773945567046
0.764734906156497 0.47755930559573234
0.7014912895116925 0.6396339656762371
0.7222592204445557 0.9283619509239327
0.12956948888747521 0.43680190232848637
0.5788596239599793 0.7105843977576225
0.9678759489682187 0.7430305354202151
0.3951446776468921 0.7394970499825244
0.044796393015874125 0.7060097072035316
0.32444840950843323 0.6883194814155593
0.10762041492523422 0.5121080821985018
0.32455112823150634 0.29270605567387586
0.9347019374631638 0.22460556146842459
0.39771486192587147 0.5971181705702675
0.22554576756772016 0.8495912322176613
0.5480594560371275 0.6585835383949263
0.023405641195638482 0.9443388751006712
0.24720805707559235 0.9918479463692627
0.0672721138926553 0.9105420999409148
0.01995996773599229 0.22531491576960572
0.9001307541693571 0.6074012177872365
0.02028560270761104 0.9149180498398233
0.500511521844661 0.3018691604924437
0.5766001312283582 0.8604015313924518
0.5573845016668275 0.809604990806521
0.7555191987424161 0.09944975711530302
0.23469349091274982 0.41577289473858525
0.27988724867350223 0.17349301456062016
0.07369392718096357 0.5473240383414899
0.958259107750079 0.4838084696871441
0.6068144784113987 0.8316633941567273
0.5971601646887947 0.6092814968401885
0.83249227187702 0.08626203047343228
0.3955345292632 0.3705616717767042
0.7482415539087464 0.4934481391037624
0.49203080887151396 0.10608789195799151
0.44850517489947905 0.31338124936093137
0.8587251547601602 0.39964204224353006
0.580412973730408 0.09223583366226995
0.034254511470679816 0.25745246780482667
0.9746241644713312 0.17398866888476605
0.8412206779634135 0.9543241053234837
0.5707514819111146 0.16790756012813635
0.9188751127366372 0.7462128102940608
0.4662536789240517 0.14425764064444646
0.40777918774272615 0.6439797932355611
0.9994141344480814 0.061287596119636634
0.7701657702345583 0.35890018418937886
0.6518486256109444 0.20708720513499834
0.9835606092288733 0.40186880964182614
0.513211904210336 0.5007916922590085
0.579227217519827 0.1934226199098732
0.4282497946520487 0.5291419233965522
0.5180051727294113 0.17961897316328224
0.23720367949201626 0.6455859249025091
0.11881379773618561 0.7150603347097728
0.5206052870340765 0.29641065670500044
0.9244334533947474 0.04212773416763449
0.08561636697939701 0.06457802666794943
0.8635530996322387 0.9632745243844147
0.4399953947628237 0.062047265625605474
0.23906165620682684 0.7159084000150384
0.04655685552949418 0.9147399505245655
0.3390444505639718 0.15839390092489447
0.40644859224487306 0.6160792720107355
0.6059239184380363 0.12989780949025054
0.7426574110253532 0.637662576451623
0.41055955882262496 0.9864633044117734
0.17729502856099288 0.46743890287448187
0.40187288713822356 0.5937623595619927
0.46936765962843063 0.3250148389112075
0.3723143930588293 0.6031712355779861
0.768427224928314 0.2534493382125629
0.9267404828490913 0.6073790178651941
0.3298793258399475 0.7817120466482432
0.7537500655816849 0.894809760502703
0.6715402162922395 0.8373965136952848
0.8225909075154332 0.7864638576019514
0.34319005244049716 0.8735138480651985
0.10063253202457689 0.9003334901822364
0.08427226134995558 0.24889298986293396
0.6348012430317991 0.3980055800728437
0.6812999301229419 0.19021109867013708
0.712653416217568 0.20012224187265448
0.9259931179096423 0.3182490684246202
0.5693976530021558 0.6159436083724228
0.9537728582962399 0.07105603204572475
0.6679665533036734 0.2468484430640392
0.03647522346611409 0.6286996984567768
0.14164828802534268 0.15589879603878298
0.1313078863172532 0.8816576887630572
0.46724656538259923 0.9473149360957289
0.4353050088893349 0.9762475323187461
0.484852738247991 0.7560699022309811
0.9883674004825678 0.7752782682789017
0.5418569379912033 0.13073204936982719
0.9747320124088605 0.1480532756566657
0.26126211744206507 0.0737250022242355
0.3579008870692404 0.8709315363291665
0.016911272607911032 0.9457032242275019
0.37013661064734404 0.026362430678400495
0.5294303512179155 0.8529981247389358
0.923555780470237 0.5754443949390127
0.8358185402932821 0.9392879736865354
0.742490634818296 0.003099470362787571
0.48147955571250645 0.009598316394246575
0.8767804492788458 0.37829411973538307
0.05880423557232173 0.04646110843328888
0.600471114788502 0.47290800927261256
0.9642073987764503 0.5472602537225713
0.3710684015214465 0.16001767233583153
0.8460219003511362 0.873487748230052
0.8390380081363562 0.6698424150911013
0.6066998510488191 0.6849493490539147
0.3026933881865579 0.6783780288892234
0.037743327129317494 0.8855951956604122
0.5280488419917939 0.029938265146108867
0.11909800006590943 0.3327670774203013
0.24804001025012834 0.53801367370594
0.08345135966540873 0.8304725257256027
0.3150526815967065 0.57180584106585
0.9424172532820925 0.4352436241672213
0.2586289172045728 0.6093210404959086
0.1907388815215303 0.5786077781993697
0.8872794224786111 0.7335699517361511
0.585738440702428 0.003033577605547455
0.7931710780559114 0.9547284699698182
0.5356018978966468 0.4222105626205652
0.2178277688920911 0.681116404807099
0.5981767145998695 0.1280491009746123
0.8026938409299744 0.9557282371563611
0.05857075699763703 0.2684843932867822
0.09448125877116187 0.12730649374613812
0.34928373587054606 0.47877548970389894
0.09753137710344384 0.4960946744921191
0.12764891682157287 0.3872587583912197
0.12200431653543653 0.10517377113026294
0.28889269046702726 0.32193250561046316
0.6828641342925594 0.24475807220104007
0.5370135149474753 0.06127805350730031
0.5339764729330774 0.22712995052851825
0.16354700580967374 0.8900549348759812
0.46193978168384864 0.009101360604908404
0.48503983198977685 0.5596939763894047
0.9751430364582063 0.5800026665978082
0.06317835517550252 0.6673358415396637
0.35218397730737405 0.5598769999162483
0.3467991028891866 0.40076460770333755
0.739760113420415 0.9395821482490601
0.1297344645246683 0.4483810493061089
0.9857613767635194 0.09386421947198409
0.9211411272921066 0.5651611616693508
0.18406567740097834 0.6787979381510971
0.6609937143352946 0.06690584386183995
0.4351713318582169 0.923252968900526
0.5323251650491694 0.05903459523123433
0.6408009423337979 0.6223564016374312
0.3553023557046511 0.41462065870708265
0.11107072883148383 0.23727042742652493
0.2937332562714541 0.33594002773077003
0.4524854837462209 0.8493215877604225
0.5406508752939794 0.9611574776647647
0.3288722572611895 0.9952689521814571
0.47508801943516343 0.9838177065084488
0.26447004936580343 0.4118994782344798
0.08151952320291866 0.09048268690436778
0.263289053035461 0.6843227333675563
0.8316796225785583 0.07547912922065048
0.4386165422166386 0.33695351249145444
0.32328845443871423 0.47569700296091466
0.3599464706167128 0.4004473945878493
0.15944805819371122 0.018310299165347432
0.040915510278620504 0.39606769492562877
0.9306446046139449 0.9843577596281179
0.0896040505896154 0.1312803470082866
0.6814949466494573 0.26304497180139474
0.9533644864814876 0.8433239092434088
0.2993318736974655 0.8376205458425692
0.9164353028255192 0.06946002257628558
0.4541269073582874 0.7651244882624137
0.07213587434900348 0.6564360449995958
0.5646921905738165 0.42113697369406244
0.9131165906906609 0.4961127600148092
0.19426157968069413 0.10745981225707224
0.3447252532543712 0.8866908983319639
0.1853673364298658 0.961701064646133
0.9284341417593878 0.8641991972705383
0.38675450183043325 0.5238421460640563
0.34322514086403233 0.8260926494387371
0.7388692189477775 0.6175845283667718
0.6091484271389453 0.4618459007033593
0.03906646691980664 0.2444330654532234
0.7134758872433713 0.45870951733352006
0.7368103276752196 0.5775010136582233
0.7694825944274966 0.2506028711493471
0.6730302472824794 0.9773672015438393
0.20645030630956773 0.5721311255936516
0.23697369109763167 0.8242510283886195
0.5157916307213792 0.6049548345084463
0.16541443891771146 0.792584796883095
0.032881645715993946 0.7345677130590116
0.22992276604856277 0.1275653701672088
0.43034030544162616 0.42327858250581585
0.1642097981479742 0.24137056620430974
0.6766864886709882 0.721160966391206
0.3901797526867319 0.44543541815632826
0.5587120597200452 0.10699620073622085
0.455342914529544 0.4362560681275469
0.2711448634882281 0.31141481768771007
0.37398140587091744 0.9207066513959852
0.2766521245248532 0.5879644216263016
0.39964183447597046 0.5370767665416138
0.03662972915587459 0.908838482271791
0.7828815962893709 0.43222070230796517
0.25253694493423673 0.5425542004797645
0.9690001246058637 0.060911759600566384
0.05512682024895765 0.24791526329475455
0.992777523305747 0.21909709456633464
0.9932443053549458 0.09432514465962649
0.39680329953017246 0.19317748122534129
0.3609327389921837 0.10776865262656576
0.986492168406562 0.1965478629964188
0.711307422733884 0.9819779462826987
0.9566995181735314 0.27187222467072214
0.6324856214240024 0.8154899733086869
0.5660470157466753 0.9423346899394858
0.6312596147472747 0.19271272162413822
0.6393488987747213 0.6144739602189111
0.5913950667387586 0.109734026379116
0.47681241616896464 0.5450740050587155
0.8268134106341698 0.790918518011464
0.8564715320623684 0.970564497864679
0.7078050896537587 0.04847669305469693
0.4479519102020406 0.6406857952328784
0.6629957920163643 0.5790150001567049
0.1138170912244354 0.022156481576659504
0.4482921127075332 0.9991255274206392
0.5193949938239735 0.5848318108108628
0.6861738833177788 0.2626856016645718
0.2163558302168458 0.3642076023222858
0.8762147791725434 0.8591174494418221
0.7627897325895268 0.4774773992844277
0.6717415056707914 0.5387517273233706
0.7287569025189147 0.36393571007623127
0.8902504752139575 0.9395750442651007
0.8418075400193508 0.8850178782541607
0.6939564472087316 0.15224091108536686
0.90603800047191 0.6655205456816333
0.08033456219683077 0.47954331974086606
0.3944779417140767 0.09811218933868249
0.06133785950988502 0.8641063185417241
0.8333360484257297 0.16761033753066368
0.038283055794518406 0.5449832113449136
0.7406419911558457 0.8427210194284853
0.4687895190394462 0.8106402725573885
0.4508847464296113 0.26606739485637476
0.3074988130404217 0.6589697540242092
0.0403567501132891 0.4587283808374307
0.6927566246150854 0.046330688180997504
0.03347433077144757 0.10025702105901102
0.04213494978518639 0.20547164367354576
0.20266120506998275 0.7296031374162584
0.33296317937095665 0.6421093369908766
0.0020007913981099357 0.3198897311632525
0.10990433343348682 0.6161487835221713
0.2358124606246521 0.4994290146306821
0.35965169873880964 0.372970332409589
0.4184912777607903 0.1390735551298059
0.6602414976219237 0.8674644296207057
0.13794785398718123 0.9596496441087636
0.6166015801236862 0.26494341801992505
0.9253155633121566 0.30856792223500773
0.7277890723299705 0.1590289289404625
0.4226114325334629 0.35025454637746334
0.21592673553326303 0.05575925759493705
0.2440113979836802 0.8673720339649025
0.8917505406250548 0.7047606778662541
0.16946579600190903 0.4164180668174364
0.3103815381733319 0.20267684976593614
0.5366263692043989 0.8534547985363488
0.46017174834356145 0.740732372058273
0.8846520933781434 0.5298022780158675
0.08664587490489817 0.6999389032516119
0.25589509788615006 0.9020902309031003
0.6063057513372838 0.9373497999705969
0.8486720166608774 0.17466873397895566
0.777251517836409 0.35220395192437026
0.10451429969577197 0.43727719195926307
0.9025651096314011 0.4021326575887789
0.5535125178255786 0.4725857936769482
0.987609804532058 0.35600324336459144
0.8938421006063006 0.28596595981508566
0.09399886446969385 0.5260068614892555
0.6874913411283594 0.7405447440116815
0.6177369894219169 0.8451363592128285
0.11003935031194678 0.16192610643776129
0.9783654182331651 0.8378669784059285
0.9261749190275206 0.6084001671138204
0.32123103383549156 0.12485106246425537
0.3273946826806906 0.3714345223154252
0.35694111560143327 0.970237954976146
0.5381963736897357 0.29426136215952914
0.596066399770679 0.4589336352509348
0.9805390559359655 0.5571358249857687
0.48936521191938764 0.9666224040009477
0.10309788181425827 0.3067733484791295
0.27034983764329956 0.5140322208404748
0.018810944904483318 0.4814808047587513
0.5447281524111363 0.6475548128393436
0.4135263149138768 0.6711296801577005
0.10283623882847004 0.9643767445650571
0.8383872093264271 0.24947581723712076
0.8604142267972505 0.7004615795104401
0.12668097636503095 0.8950870639436777
0.3848279851213541 0.3910798195215397
0.11750176620598407 0.34402713521052086
0.0074432520598692875 0.3174305585993229
0.38080959684642735 0.48225569493612297
0.3230655532700686 0.33959327975138986
0.9240494610546881 0.33315000293497166
0.33041858933214097 0.5827411597320709
0.9065279767589334 0.7626956737363719
0.04710837112648614 0.4264695149166964
0.4938364819387684 0.9015107718894297
0.6273632069981965 0.9352228030867251
0.3162472210861369 0.2218473613144889
0.33538088544035016 0.472164661987857
0.9080186708811631 0.31018002048750426
0.18956843157000813 0.23427097703850674
0.1358309277230325 0.6956379545255162
0.7241206205287865 0.7488027675754672
0.8357291527272586 0.4252767027132618
0.051189858479142814 0.8243760681641821
0.8079817562248139 0.9503790787153872
0.06271726337760164 0.35799984308594457
0.8070508459627088 0.6662447330032402
0.16340376867698403 0.28508000010566326
0.6511896658357428 0.06833451296214132
0.8559341246420689 0.4673827895324014
0.859681291571583 0.39991069114126976
0.7710378427435356 0.31619117632699534
0.8863831282635772 0.24063207648095641
0.12044410271976225 0.5055212815920871
0.9534890854634885 0.080884049600356
0.5636243578952116 0.7784896360158042
0.2723120449795817 0.7980091189958134
0.10967189150569312 0.6592471172412255
0.7195474495392169 0.8232547747109975
0.042867655188099985 0.8485845068043492
0.7007813950749406 0.7685740657057625
0.041582032515583345 0.4145115430754749
0.23531588513397184 0.7369633347178004
0.9565098187454968 0.46643229063308733
0.9283205834046231 0.7169773098972938
0.809155770826196 0.9359660016416471
0.6538794364650464 0.28983408454092485
0.23195898694077877 0.5703725464497038
0.24366739502865586 0.7384671724375211
0.06574571964434961 0.3017128227666275
0.24839414294356876 0.10128927463269632
0.6394204944803594 0.0012363226188181198
0.7774839115489631 0.20699791824573222
0.7600956174825397 0.43103999886941935
0.4365172390399932 0.605156140911824
0.41961812968058076 0.3981669362493656
0.031742806690660874 0.4912343342129841
0.04199384659868488 0.5246795815649317
0.8540917246895912 0.5478682462799529
0.5382718365936741 0.4254937854987457
0.4307244493018543 0.9171509138371132
0.7987171770075334 0.20936084252622522
0.517163707539396 0.7682758159030523
0.5644517375948803 0.3624947798043543
0.14222335007787112 0.41279761353793853
0.8768747107602719 0.9867526370721318
0.6562347972521738 0.5854508876564384
0.4139196176552562 0.9679953613704031
0.00263901134616229 0.09669344156774429
0.58822192017344 0.5491980507239203
0.04233819505850622 0.24916512162401427
0.13024746933904452 0.24807464106292687
0.5841412016374687 0.39348792919945486
0.034190381294576966 0.08167155116060565
0.803894585620232 0.8535309853394015
0.13422173579154406 0.7570941582504178
0.5274832160516061 0.9572066390626344
0.6260600172562205 0.23538669010183777
0.3507859095431891 0.517240637369579
0.8302896059829212 0.43004330338312147
0.2594336722158781 0.03920103923778595
0.6003198507987337 0.37951157781619327
0.832570963333487 0.2203310935156253
0.6435689075282542 0.878297764527276
0.13375538292496025 0.8151027099182333
0.4591083156168294 0.16577589245880686
0.1667735969251556 0.3925192176465748
0.5965154130723656 0.8285114221864687
0.707255167295537 0.5075482826787499
0.4136024876850253 0.8893178230893108
0.6534877946466053 0.28794807838355196
0.5698841682460238 0.3982658639851142
0.32444239829506727 0.9516045634588266
0.6301667589194169 0.107654737389546
0.8318153299413016 0.32032870500737265
0.25890906196486796 0.048248916065714686
0.5875111497935415 0.8215582906147065
0.5723494069247599 0.7979321474140442
0.8240801415783958 0.04099366447260433
0.7943855549184962 0.1378553427264677
0.38382384569767125 0.7760735724764014
0.8125822026083702 0.3728336135433874
0.4219543120765923 0.068334374249305
0.9011484369678899 0.16126687974589315
0.9956794149787866 0.23370920726157074
0.10624843851910337 0.40603151091705714
0.33932439708797024 0.7290608641071454
0.26285073778409496 0.7664470146476732
0.9855955101655596 0.2530744435157066
0.8711440140988225 0.3319766959671926
0.5161202080646201 0.5335033633488608
0.5056431270222566 0.7016359591810406
0.565860494837221 0.034625079584855945
0.6644221391183611 0.7292311923344421
0.16398534996983827 0.4798675336037581
0.13774069613724005 0.3005714411777982
0.2472227087585206 0.8210364055689616
0.5401865943487099 0.6739211341578608
0.995959045810193 0.23870772596997103
0.41555985547312035 0.9598689964336045
0.02553485834589675 0.010908670668519083
0.19134973585079385 0.6877945679955262
0.25209209456354076 0.7209378221844993
0.6377726082956556 0.529334336071462
0.3834551885594357 0.9905806111240172
0.6359194506850874 0.7714960401486495
0.7825477191695149 0.5027121940969677
0.1167868819138107 0.24260570448081298
0.39765077693214046 0.6107105134862585
0.9384327099095477 0.8170852925923093
0.25342634912268136 0.9745724596203567
0.049926140649802164 0.8125017320580663
0.7994440205597986 0.9387356304438741
0.821708185789541 0.47726919240822396
0.17101974230297778 0.28973493445796783
0.06442900812242414 0.2794738585174277
0.45965916487812475 0.09446233357545109
0.7788392120660577 0.9665830642694271
0.19091977583605457 0.8147300897301744
0.17741932778557223 0.2948923545979514
0.644971014938367 0.23561373399467422
0.9279735312654342 0.1594229645151748
0.7655973292094649 0.5383372560554267
0.777940367067808 0.5855246757234789
0.8753662356961536 0.48876807904120656
0.7174228795305642 0.7781060690801498
0.525484883776794 0.6020605469947617
0.4742996251089209 0.44472649180842083
0.4590836245536194 0.047260298036079895
0.19266477762092604 0.7257116535737227
0.7591560094533756 0.39845152573256826
0.8398254774149121 0.9439986162016052
0.05342940978482602 0.6564675331446088
0.5938841377053381 0.9770840823614604
0.05406170652805797 0.3673374553024187
0.4535410768349357 0.3890760581634176
0.46636378503767273 0.6383700178695053
0.5521285649218801 0.6638315543559079
0.7782175844584649 0.4358881238915422
0.2125645500128024 0.3824649656752983
0.3491720803787084 0.7425011527146097
0.34226610032165805 0.16871420057733344
0.7187056954005884 0.28111144756527584
0.9723981398299499 0.2477409218061266
0.43091362230139185 0.28150987920076
0.6638673709225875 0.6144984598173224
0.8712644940820604 0.6463644883285777
0.11637816112680532 0.8175476735476443
0.7968010150635385 0.3482670396606744
0.2414116006810143 0.4222836189796546
0.12436049653492742 0.7528028934318742
0.6410427337319475 0.946833020679466
0.8668777570420847 0.6676196533898646
0.5565663117877917 0.5877468061449362
0.9981114774106017 0.7605184049638194
0.4118730217098163 0.7773666625691249
0.6716571295475271 0.5712864776041131
0.3197216181042115 0.8532410079741946
0.639693682794924 0.3303772611416962
0.27698292926654156 0.8344119184714096
0.12007772651776327 0.2954112707595251
0.424730848866711 0.8443617805950083
0.8619304552452769 0.038328981911746496
