10 5 100 3
1062 1153 1057 995 944 911 878 858 836 824
1154 1292 1154 1061 992 952 913 876 861 839
1298 1539 1295 1154 1063 999 948 908 879 856
1542 2075 1543 1292 1154 1062 998 946 912 884
1297 1542 1293 1150 1062 991 950 912 881 858
1154 1297 1154 1058 998 950 907 879 860 842
1058 1153 1062 994 951 911 876 862 840 821
999 1061 997 947 911 880 858 836 820 806
948 995 951 910 883 860 839 821 808 795
911 944 910 885 855 841 824 804 795 784
0 3
3 7
7 8
2 6
2 7
0.4018945348260581 0.34410631354467536 0.7708196949815131 0.7465054201858696 0.17433040152707385
0.6972684533513644 0.584343785958469 0.7554153302140978 0.7172574938449601 0.27061345742842247
0.6525881660075511 0.35009477329604394 0.7771116089354568 0.32618500732820815 0.37577848730693053
0.7671038896574609 0.7878419221865209 0.892916062890633 0.8512034909595609 0.24561154759331832
0.11890897928681743 0.08650402018958214
0.9350522193623039 0.26984577677067856
0.6620455633046425 0.06519677885638653
0.879596308208918 0.06833043729009614
0.3666634594399787 0.8445768979676174
0.517537045035348 0.8338317396774924
0.3206721907541188 0.16486624092996993
0.07948395439575817 0.6940834724107472
0.5651708921963261 0.48020193572881564
0.31990615293182234 0.5831701807466831
0.48744342176193634 0.36437990065301373
0.7540604396131014 0.4224278948442004
0.6494558087494047 0.14899139203890543
0.4165899912158 0.7626057622620124
0.6772813256738504 0.09915669625527479
0.32029948326126223 0.1712302270804329
0.6858628227667842 0.6921674165959857
0.8554336143682628 0.6333608947261744
0.6629810411440042 0.46630163328713126
0.377874811418659 0.4728457077781911
0.8108061139706828 0.5261314459288589
0.7099462985617107 0.8532360575163227
0.951656347982712 0.6163504145400012
0.37476246049409134 0.23344067447030548
0.01891356725139004 0.7192957669757503
0.012600975259075886 0.5945057291704618
0.7235174252053411 0.6370404035326667
0.546117757133201 0.24115535850152603
0.4835635573506327 0.5422391357650478
0.6144560398706485 0.16003750199687006
0.6051449943510738 0.10770915055773744
0.07795947364764921 0.8260104200334544
0.37549659445151806 0.958814996602867
0.16970162689985901 0.33398295801077715
0.7197866540200992 0.3655092876106085
0.14102832984665592 0.2800452128314277
0.22443105481472547 0.11769262047603468
0.3677950643048884 0.28843669742234646
0.8470769600824359 0.7166286632453316
0.2818594176011928 0.27619324760769026
0.8330235280192066 0.738728637160345
0.7463105069785023 0.7097008800805473
0.48115704833646644 0.9794094265869797
0.23937526134143527 0.5125925929894577
0.5207550395417686 0.3699338104838883
0.44780048935571437 0.11599111717793575
0.026979801650167 0.8495964105286811
0.25169721830075087 0.05424260666064118
0.3379499545893834 0.11965392726760449
0.7947675943889214 0.7012703861421752
0.9991276907815094 0.3914654219501905
0.37267202876229844 0.8629807592616241
0.6553164293121869 0.09585809737222628
0.31868029188068014 0.19072015385762553
0.2554357396858744 0.6177917665063601
0.34528108483575415 0.6759364475667529
0.4433442596651782 0.0349049899851821
0.5989114137002738 0.1863194853221939
0.9119208521426603 0.3345711909711102
0.9165662373153616 0.1520476806016937
0.36333530527679825 0.9173271941502215
0.1863136259579219 0.6945045679587727
0.9212057049226816 0.6221369425764443
0.15033629081537714 0.6491515772031351
0.7369620755030006 0.3320412488769533
0.6221654450648699 0.5240623076541147
0.9761188641829508 0.6300092296376381
0.1519338251060629 0.888200421598984
0.19933734783857315 0.13156726924438789
0.9565925219136178 0.779481398349881
0.4871001281158114 0.9517873218047703
0.5581498524463215 0.8194000754781183
0.23984692869807733 0.8669999028617021
0.6063312180114195 0.5255237687734904
0.022575954200339643 0.41109067202391447
0.3007133855267392 0.19573553690045276
0.2937971800792285 0.7159663335322475
0.4240172147363621 0.6405533732253719
0.677615753287411 0.6382676941126182
0.18287193646405964 0.25411789411274
0.6745921010530886 0.9326745555044043
0.510260019359265 0.34978197330294813
0.22718504153934083 0.6856179601554611
0.7404472916797915 0.279333928725783
0.8224600068574592 0.7932919075340381
0.7394881261871256 0.9691518751054868
0.2349240814848388 0.5619171487999077
0.3000974516228425 0.4216749513434983
0.5336829215326309 0.3148755739567719
0.17642869307134346 0.4835715737881543
0.5112898788180613 0.07664237655043982
0.098221689339965 0.6444302055579849
0.33053860894469644 0.6758872938468237
0.6072921009343377 0.4694254055170246
0.07829242815271154 0.4342331026789541
0.5287487261346537 0.3764525486208896
0.24662404740242172 0.8145485678846294
0.0959523790172978 0.6933875236796567
0.14352866647929274 0.7488460259446765
0.5172393647381099 0.8519354020673942
0.5859057023290066 0.15367400939992248
0.9724577459639803 0.5633263498960086
0.4981232239863831 0.006538169946353367
0.3326125960747017 0.5572929855602562
0.47000555429588964 0.4692856072812821
0.548006398016512 0.4134244710261694
0.8256805833929739 0.6400658601285028
0.9996946472653001 0.4860862177845844
0.9049252413576798 0.43446964896747753
0.12467972711911446 0.45120913294084564
0.13859932734495328 0.8531544892863403
0.8933175389248618 0.8091771649175137
0.11278608024865422 0.12315105802157689
0.7254365292621889 0.08648172695962231
0.1943532163195747 0.15231923656704227
0.7678714727366054 0.7842631098795436
0.7427311601921762 0.4115923135151227
0.37193478055847673 0.7033845241994161
0.6102111794532881 0.6359590427995812
0.4490912271622025 0.7262102610839518
0.5190170038213378 0.6994589334014456
0.026990095141305348 0.6676583206089213
0.6147978427915475 0.4166392382422337
0.9787985409699105 0.3509719820682442
0.4617776233182713 0.7922571179274265
0.17058658427303408 0.16580340956578254
0.911012767945315 0.04000505190828729
0.9255416498129438 0.39533625832424124
0.4341038313329786 0.675186967341344
0.08385327442120372 0.27507752375062156
0.49268555908314005 0.11324451978341665
0.6490723166166261 0.01668772740289315
0.015110460399272663 0.9152577925077217
0.37371493712065496 0.7805969041306897
0.26428476327467143 0.12087869784458194
0.9893859645340493 0.368713887227224
0.4217270816821008 0.6194643403066042
0.09255373721287596 0.5372354156216732
0.956591753019131 0.8132205424847714
0.5069828874216669 0.21589357443160417
0.8463699681704262 0.9961592477569912
0.4582227907823351 0.5438446447268883
0.5942076430422087 0.6555827858366576
0.978166515516389 0.4815410886938061
0.7224287318831959 0.3110914077561864
0.3598624467384848 0.8067654960125501
0.6886708050516035 0.7596931143944958
0.7897558210522491 0.9087708317400456
0.6710222287942271 0.912666922229443
0.45355838335789045 0.6968757531845469
0.7417954803762159 0.40841887196041315
0.8756871886193092 0.49775718219645415
0.0670011368803003 0.6177550131188234
0.2682538702134494 0.39125863464377253
0.383768681182022 0.7864897225789762
0.5655910978964724 0.8468192405225847
0.6296035249780003 0.4465819308851282
0.9443334919226518 0.18182808478213608
0.22729774275510306 0.18380191042895055
0.27806525708193 0.007763831954604727
0.32708595097147186 0.06331583657761786
0.12492516039800328 0.011009748243149486
0.04765761766058607 0.9858286813277826
0.9187919627750458 0.9694938501887258
0.8472955993595901 0.4277095361158998
0.3733735439506227 0.27620768613470403
0.7372633044360701 0.6046468942373651
0.5617173269650242 0.4207388127072269
0.5277502880265761 0.8661001740103333
0.8614867045001222 0.30590553548444155
0.7344280722881436 0.6635770550108275
0.9434183413946275 0.661434844599093
0.07130476135265917 0.884741056312736
0.32787959277507994 0.8756027946774632
0.8599312979392573 0.3954147946833917
0.5144933535834713 0.3128770857953893
0.835856330335158 0.7859926791412328
0.6822111924147172 0.02550912344321077
0.9638927431730078 0.5703080021307401
0.7708326199682662 0.229444097530918
0.8940909938648252 0.5325315131103867
0.3383603604427041 0.03240036371157795
0.010469003162758339 0.6010400255309258
0.29096995597282516 0.3661890312810725
0.45586332087354364 0.20886788686514457
0.49981022177420464 0.21119983280497734
0.8585799361775064 0.9553971407742854
0.029184545172180387 0.3201619918661247
0.011573863362818626 0.46381998283563175
0.34470825203086597 0.7840773293562295
0.7973787395908181 0.11189250567086906
0.07030458463262934 0.8783303618839517
0.8264122465207473 0.23732359125506486
0.5586746078983704 0.6824952666791491
0.40912374637020954 0.674790184363635
0.9927016880408521 0.6844895686839509
0.4797156193436638 0.019496265007558522
0.1754203358093125 0.002577868212878087
0.10517263923620424 0.6168008184850158
0.13323030876945063 0.7956375709252657
0.8261464088266397 0.6546504622377982
0.512315672145566 0.09220870553083071
0.7407188104418381 0.4869329175491257
0.12122990165410874 0.18346733967437467
0.7694961749431064 0.8670559185126583
0.5051975872110428 0.3135365387613085
0.10977163252691713 0.022913484595552536
0.19649739214078443 0.4688156679922364
0.7839777464160875 0.3415508217651355
0.18250632610811368 0.04682609761978118
0.1984177596002119 0.11921558889206119
0.4181161001821967 0.32668136867446496
0.7300754622968328 0.15042724743391744
0.3052341818698754 0.36284011991355136
0.16764069835204354 0.17318895401205392
0.40098839266331443 0.5540984940866416
0.11664495844577893 0.7485779886254564
0.7681746414386355 0.8834837728043494
0.0875905898870244 0.5015793767858532
0.9848086945289769 0.16499217991551496
0.13904402749661404 0.18290749108194082
0.7278528488525788 0.7244402351324482
0.7708835619654084 0.3032708196337721
0.6327671471114567 0.5131259960021999
0.8297310670871585 0.08131531404149261
0.07559816234447814 0.7429971809228773
0.3506865419824854 0.12638133750777558
0.2830273399684615 0.49084597624932647
0.2882050745960141 0.8872903947272146
0.7969324250675418 0.5364134701017771
0.5418168775742842 0.3532009804114169
0.6618934703000177 0.8996284937849643
0.4866094487261061 0.5121369472879453
0.83588231047666 0.015202850399108403
0.2138517227478185 0.387532316905288
0.24767809873943536 0.3438394520353132
0.17718679414565042 0.43680356363012995
0.05720448502052089 0.49219700321653614
0.36152737260629797 0.508628853418521
0.783594778733278 0.5590123988440119
0.5859679138994887 0.05641473514451545
0.1837341614781145 0.17159542974314346
0.08143110566050415 0.03611660279132267
0.9125205814645165 0.7984359045584302
0.9531884406884481 0.9010923210380348
0.0024742482936765953 0.3418582321701653
0.2414430649754209 0.7335986840981514
0.8817281906010892 0.850348954699718
0.03662168230475582 0.5454738957592948
0.4594424607226455 0.5819750617988864
0.8996856819972614 0.8297274852269958
0.3714021265548362 0.9315701952770432
0.43571940876959836 0.0951890156176669
0.6328533653637005 0.41230877212812733
0.826871773435004 0.429031879799318
0.20197165181685706 0.0085522234810389
0.5725986649424506 0.9324896706949308
0.8409086769967458 0.8278214543755724
0.7142219015052416 0.8253319770324306
0.005796285454616745 0.9430148781846714
0.9373958030435356 0.893460415221718
0.19333784062939285 0.86236984948984
0.7118843971233462 0.1662454322794169
0.09664010755598906 0.3587970710764661
0.9637995152457597 0.23483657541152314
0.7516993653851589 0.700734118456191
0.6619554639084553 0.0352562962575349
0.9198620360913783 0.33092161689140775
0.23585213572820485 0.7518753634186575
0.5647204966555888 0.43971085388638964
0.021878733459931743 0.35328506095311396
0.41622547770772655 0.7333004193104864
0.004908452894145876 0.8619854384450789
0.01484284969583971 0.6527831791104974
0.01612321912666803 0.9187030325163557
0.34576302274900694 0.5340411082857162
0.36671277152685966 0.1827003819031121
0.664064429778106 0.4600596224652409
0.06701484285247994 0.5243082911351711
0.7211604806495258 0.43107347104211513
0.2967055777662646 0.38355247101683054
0.1784705956329815 0.011638982659197605
0.5882603927391772 0.6684685766976095
0.39818833154354727 0.350367932912518
0.28183649977287994 0.5183525697640643
0.7123368943878099 0.6092073743920898
0.10384224974662404 0.7966098469266476
0.7562446519293795 0.9616004029077967
0.4785803618720639 0.2965185841414544
0.7029533171476277 0.38733641504626304
0.06299251244705695 0.4891046131414549
0.6437536900119369 0.2140403142584375
0.476653327812129 0.6502702691305804
0.2434042960815892 0.5764807343152616
0.6080526898020009 0.6694529248510601
0.44708025686477026 0.8790487507372142
0.65458846690193 0.5317776455496004
0.8121036096077128 0.6459368944750343
0.8310064347583632 0.23605331911680638
0.11472977610420276 0.12794330383583863
0.9649905970596018 0.07394381442534903
0.8664933464674069 0.12516808740431595
0.6477772310451873 0.3874381822253987
0.7082679162291508 0.9915279457084516
0.5793194280683134 0.07035602224677207
0.5348753435787199 0.533486279699467
0.9015217560198387 0.6633252107701189
0.9955842789601765 0.41577448389556015
0.6037554980510167 0.5951894360882859
0.03923841590256005 0.731680185986664
0.3894673913589992 0.018207512479196053
0.047553850659842745 0.21921382941272616
0.8180226099536048 0.18280284198968255
0.9509051909967183 0.24788897802687782
0.36332233941449354 0.723948737674543
0.4823209760544167 0.9999557107237131
0.010698970234110705 0.4438011143251499
0.3469055245548227 0.1791786382568663
0.8376213574527818 0.9906367187895699
0.04388369403229819 0.7624997284656763
0.030579057938381338 0.05665238893427582
0.7798100993533776 0.41045000450228586
0.32193102802534024 0.1311000021722475
0.32917329098036596 0.46731206188540897
0.352630835623998 0.1505292189053491
0.5120066327678232 0.16777133081088524
0.5049371205105302 0.9171680245313725
0.4174011329965279 0.411865726170646
0.7194869699303117 0.5958166235825084
0.5874727288676107 0.8297296273069932
0.6445116661553256 0.3806234083889777
0.33562470206643624 0.6769799277243389
0.7377360600611504 0.0981885955796622
0.5373282049162169 0.9907696910529631
0.16485938353394847 0.7969340900473154
0.9529299094537116 0.5340387937537567
0.8624539126517525 0.5761774592630342
0.5938801765660131 0.37281467106245203
0.0879381484564874 0.7263739278069834
0.7724065843779826 0.11919369689989101
0.4640246587955352 0.8384493016147869
0.5115305477702392 0.1901614507091116
0.8408239289132879 0.6519563933773025
0.039836245346287935 0.6493698547656581
0.024706326603347595 0.867268113297438
0.9782668028672219 0.9465288069483617
0.7870790833030621 0.05216863747831946
0.1509536756414358 0.18213723215497368
0.8651198839186498 0.5713830668128057
0.7418712285514151 0.7257815528488023
0.31443838700377347 0.9354715977253005
0.04824858292217482 0.025300631738708113
0.005088767331967503 0.4182433561722094
0.37696855098569704 0.2541960367380218
0.8946006783256635 0.37501016083954797
0.09712191619189481 0.20859990202746848
0.772410026626903 0.06326871620516195
0.8282469045600198 0.18358049010016408
0.8111029264477554 0.10213332349575133
0.1522894782083446 0.8868840901757231
0.7343273712569056 0.27615735287109167
0.9972466834094347 0.44751624581783367
0.6130049796855923 0.3775423786402359
0.30632910324079354 0.32807225034865195
0.6376760828952488 0.5019535680469125
0.38331338342923504 0.7522507456662371
0.6118666717993171 0.8268369492837593
0.5597239473885582 0.9472212712421966
0.07062828213652894 0.7397456328640115
0.3410211630105824 0.5491031153519561
0.48019191176246445 0.3809654321042766
0.1307252621260393 0.9431439578284322
0.4331233403928154 0.8029553691045432
0.43371306217100325 0.9782350143468608
0.9288164828561791 0.1666921870165745
0.30942439091607854 0.9764960136934748
0.39064423776317114 0.47671792957140324
0.5722022544073841 0.30525158874558156
0.9320201532670551 0.2809899481758149
0.4254857070957345 0.32417211334054286
0.9358907323513768 0.5990309486976222
0.12378715444497645 0.3947842634753487
0.04200803167456901 0.3742992723366545
0.7446899444705248 0.10218288869587688
0.928212912631625 0.5550072712740086
0.43350584613901 0.5223566002975155
0.5096587255445635 0.6192608169904703
0.4501477068933455 0.9814077159364425
0.0485631576850134 0.7640259027883838
0.45369729698015426 0.05726802057024383
0.5637486853494962 0.7296354942721164
0.5449176513662797 0.8162049665791284
0.9082478652733759 0.27643315400816215
0.8978112747747562 0.6901442082968343
0.052770861425394555 0.8544866352254306
0.4904952619319556 0.9496094106213289
0.5247367504686868 0.2817717262359032
0.17408113502583733 0.46710059603947496
0.8098237781883557 0.7820276603326588
0.09713557936756745 0.8337832618040928
