10 2 100 2
915 596 991 1051 590 1023 557 784 806 783
952 686 608 824 942 640 949 623 568 756
564 761 999 1153 841 983 640 571 554 747
920 588 1149 697 1109 843 1064 608 819 514
1009 685 920 1211 1132 846 701 789 953 563
861 718 855 1352 1180 1268 975 806 770 1031
1165 949 1081 1203 1256 1082 824 1157 780 648
778 1078 1367 1200 1699 1135 1090 976 1131 739
990 1234 1465 1442 1702 1701 1484 1303 983 920
1205 1535 1540 1970 2337 1748 1304 1405 922 1079
2 6
7 8
0.8620971560561868 0.8508630843712008 0.6329218454241867 0.8150997964095239 0.3765314167392825
0.6907804245549842 0.007088947999007722
0.4580314303919901 0.286915545903619
0.417857699081446 0.9233277017673525
0.016514863090533627 0.8130235613299281
0.04566930557260296 0.7500337063109934
0.5972243124616887 0.9411356735934377
0.5981298809244595 0.036476273796004266
0.3561552740410836 0.28445555507363207
0.6037579799165835 0.7495272281014387
0.8351589936705817 0.12039254852035053
0.4644927494104836 0.19275280638471615
0.5881225138920105 0.6179083546888164
0.7749415108530491 0.5759906638247709
0.9536679497401921 0.2734228875787248
0.4225948167362308 0.9001665447722673
0.29626495760760796 0.3680284814858885
0.004269674230320097 0.18640256938574762
0.15317990526371172 0.09946475612888284
0.6868897904422979 0.2314934919366891
0.19573899003975148 0.7461746630728721
0.7394415997589012 0.27729115601479415
0.8565941835507083 0.638298950822666
0.013100899164710134 0.3043347248696451
0.8867700989601213 0.9973581065837913
0.6568298805363297 0.8741627018507594
0.23837930616015868 0.4497721836196882
0.08083755378930402 0.9270609008109321
0.4212704264076834 0.5759711374238083
0.9982978489290046 0.8700036528057451
0.6744156095573661 0.987518222286345
0.04643892930154303 0.6762221076211417
0.7648006221417865 0.4733122693547436
0.00944259627617372 0.45494088831278034
0.05231478046911908 0.20353011764784923
0.16709766114064029 0.16250332882591056
0.6200881337067332 0.6993270876238942
0.8225077513393593 0.38428037536339343
0.009875382897952978 0.9093313056369516
0.07707673166024631 0.6341586409793512
0.9708711089838653 0.926373881552319
0.8626445619543035 0.6468184790863869
0.34358716581717985 0.4406577355570671
0.8431139697706078 0.908205761749767
0.12021321409431684 0.4399180953169026
0.9500122478728188 0.2828439113261265
0.7207351366097094 0.9985167040097549
0.16052370741783384 0.7517088509115928
0.13340252196064006 0.10422865211428456
0.9849472569354696 0.23203532415054018
0.3657243295836947 0.2435621047362435
0.7556580444054539 0.3864422857078189
0.07757519558476189 0.5381291491925064
0.6098225924117116 0.7254272389953564
0.9370645138765619 0.5213185602832147
0.671758415166601 0.10946772816937722
0.663074668400669 0.7683427691019193
0.4611349915130569 0.8374454653042243
0.506947095676781 0.19364181299677208
0.1254297966671969 0.6182733519100865
0.08763960598186737 0.04502755770162392
0.22522075040274858 0.602040473503727
0.9205486721393821 0.7801197953158654
0.6313305570805079 0.5889199476597984
0.6975277544428342 0.908417269230531
0.3448770498010483 0.21451859922786376
0.4044050295373687 0.4041554660574309
0.5821610503164634 0.5132010201002877
0.24395432300235664 0.16610104405593495
0.9237859836475704 0.05302262066536256
0.5253250835498215 0.06834780838826116
0.6576268069326727 0.5085272206425919
0.10661017943061069 0.8687281475609714
0.48665064665185853 0.04025942218488132
0.6788874935825551 0.8736069794739671
0.3747919335869123 0.1874648180679146
0.9782399313072871 0.6762697229535852
0.49315072337842714 0.5040899305479807
0.820488397268295 0.055973801238059506
0.10749220484816191 0.07208782749154219
0.996035019663706 0.40881252262724854
0.26586398613219786 0.36494722686904746
0.00544570596180094 0.0020680123642269344
0.6329069000944452 0.42311189504851154
0.2854198508373673 0.11497700270875555
0.7691456023356655 0.42821864237645535
0.9662118825224513 0.05550665470146576
0.858975504856851 0.9029025267167305
0.4583528072662284 0.8796540107641022
0.0620521351967509 0.6746112896979355
0.9586417526922757 0.9669206859774777
0.2190692539653354 0.9919832681738017
0.6588026264732505 0.8779535019410001
0.361562830450179 0.9758521327227225
0.6329766958670671 0.12803794293110804
0.4968131885141067 0.25606672724527524
0.4234705802378709 0.38534208462120834
0.2316409379555575 0.211739110334499
0.04068227339529762 0.6327697172653426
0.6229420321059498 0.9368378518220406
0.17198923968655477 0.06653459935513517
