10 3 100 2
814 986 789 643 811 819 780 878 853 857
687 882 991 809 973 653 641 868 850 706
676 929 1000 1013 917 721 1035 851 644 1017
861 753 1095 841 1038 789 924 1003 941 821
814 964 815 803 969 956 880 806 878 692
1089 875 1209 959 972 1213 1158 1107 798 1108
1039 1039 1221 1087 1286 1219 1037 1214 1033 859
1019 1289 1248 1319 1115 1060 1302 1150 921 956
974 1212 1276 1218 1333 1456 1392 989 1183 797
1124 1247 1406 1555 1630 1306 1182 1222 999 862
3 3
0 7
6 4
0.4180121870300112 0.5540688544806864 0.40945945926698946 0.34461090577475406 0.4039023721677788
0.7494530752531317 0.6477339478483266 0.7245716366324453 0.985465449901699 0.4291242688296494
0.681370064374041 0.9105171534752869
0.6105044211939341 0.6803709674239196
0.5181410693995281 0.7642690034337793
0.39131628948642305 0.10965575284856355
0.5421711878969919 0.8648363028529309
0.7553439716211086 0.6782952060548522
0.5316892185660431 0.7724147807945101
0.1974725715443948 0.8099856077798293
0.8236665904798277 0.682153848065336
0.7004358857915702 0.18244185893798948
0.947877941555568 0.46630533824746645
0.2502982136330816 0.3918897329644673
0.10306210849674202 0.6468883631541407
0.44821956022660525 0.1729777489395672
0.2764534075031888 0.7848117765446396
0.775184877853135 0.43300201461052534
0.08159626577226864 0.05863887006944424
0.09788248921279652 0.5263644039719821
0.011327195957815173 0.7231395056474506
0.7326168178381294 0.31877578070345636
0.851870081491068 0.1314795355230256
0.8599296824903753 0.6502990346338702
0.9272823719940027 0.834280934204175
0.5755938577860142 0.9120347098591348
0.8792524586257888 0.20910989469845775
0.08776973586495251 0.43630588508369295
0.45955477536968337 0.7849733749058974
0.6202778725369564 0.020599018603726815
0.1691036825340333 0.2650612651503901
0.1615272636939149 0.3622425968789167
0.16115816264182237 0.9060901034747733
0.8760784499350691 0.3945817059312684
0.9029507810067261 0.8082526469525912
0.5590443642800829 0.890154172474837
0.06545603458631066 0.116266843635356
0.5028784652593188 0.4854213644809555
0.725413753922342 0.2160779432437414
0.6520498367643179 0.5284255631479029
0.42595793692013095 0.08308321603450719
0.31862881010869915 0.9971352883007816
0.1531947537055527 0.41202949516358744
0.28066694182264396 0.2584920922777081
0.4948542591962448 0.8854112976641615
0.3207563370104449 0.7393761480822791
0.1411972261990293 0.5400672649665696
0.9424645173333763 0.43425256181006633
0.6272257252331392 0.8716902281239978
0.23705070430663633 0.6455330821565137
0.21755792274360086 0.9043976335219996
0.6574014122821028 0.2430145256684504
0.7317602974832083 0.2729197950698392
0.8374535510851313 0.516397978517475
0.2794044332912591 0.2814364797733413
0.5641790849959785 0.5953861183203772
0.7812908818674513 0.24926159654959035
0.5363605167378107 0.19066159813613348
0.3576026363564888 0.8860603405073124
0.1117359619311693 0.7109394591887215
0.058046167873504695 0.45143896378574055
0.8853035955191959 0.24564025983027538
0.15786506687548596 0.9897711777078328
0.16146081063790718 0.19386545030704228
0.9151749071007405 0.1682717569431711
0.2976447003342786 0.664059142708399
0.17017756662920047 0.1666111205323504
0.6633485033874937 0.5446904086378908
0.8640304080651762 0.089996878832028
0.919598932926728 0.6529860439908848
0.30431290203115835 0.07759014090991667
0.695105962254575 0.022833324868124727
0.6838404549414501 0.19656950006138985
0.008984957238279634 0.27631453735571965
0.6949358876779965 0.5314777949725398
0.7450306091344803 0.7433576237768051
0.16279855234286322 0.9319917582033515
0.14637220488872016 0.5488910815930674
0.29522308600649927 0.5453115305592082
0.40631484889702607 0.9866375675042833
0.1903552183051893 0.6408275327335797
0.877064081966547 0.9656983581357166
0.8601204991338189 0.3160481273581144
0.19461424452944343 0.1659917379903395
0.7614839969204268 0.674304456478102
0.13396323678905286 0.44216023016780825
0.6300086052640905 0.17266037049201421
0.19600380952094465 0.4240004562009341
0.2129102301311505 0.3204575130609335
0.8278988582930134 0.6585197761217048
0.29808512155393774 0.2596372507766931
0.15648014186067538 0.40733358188489754
0.19396228664448678 0.44451150096182057
0.23578295283912754 0.8339382257645833
0.7554328432587945 0.7451665362207369
0.15474871924653133 0.6996564680119484
0.8520086067084358 0.562866168297848
0.3210955851910273 0.6349086995189448
0.33750472879782634 0.13706319262814293
0.10399587919173303 0.3736476158591724
0.2430759295252949 0.13144347782622345
0.43034465759282736 0.21969486327394216
0.6683829667070578 0.8089288704125608
0.471368763761864 0.20611201945343804
0.42244257296447096 0.9339785789005355
0.6200120125129795 0.82536272685065
0.5499189525768551 0.6715263767265969
0.04186145407454611 0.3937013000030496
0.188776511716797 0.8038371467108811
0.8890651612999914 0.5618925738786655
0.866031965267938 0.013004229305008774
0.2801287886780641 0.20479069525458016
0.7152897007736383 0.5139249537227675
0.4014304846234362 0.45668360802923047
0.11211383318791435 0.6552569064757072
0.025467840489718396 0.2794693822588421
0.7156127059460182 0.5333155973717523
0.16277006358070145 0.6097250433592869
0.9246497736227233 0.6595481903289806
0.5109382196731151 0.44350006383611973
0.39589754754925033 0.6933859242002911
0.8451378068623738 0.017603455965108816
0.32361225562366935 0.9407433968016972
0.10101991434526703 0.8781027792920537
0.5084593879541435 0.07959343446908762
0.9743019121222611 0.08545661291753004
0.1855885776754702 0.7171935984252684
0.6633791575496688 0.6834106416069596
0.6739203505795612 0.5618624274076611
0.7766601547955421 0.2537891677372335
0.9473607436786378 0.30488715222986285
0.12703844067569703 0.4204242727115104
0.3798585435597204 0.9977195045793992
0.8872952741543572 0.3393871273930249
0.5550520912988679 0.3556813770494125
0.7681611677891236 0.8373294075947064
0.41730042210509066 0.747284364050623
0.6557258219181492 0.915677669990677
0.4381330201774043 0.5465491930163917
0.2855455379851972 0.7807898290441626
0.28332024166893044 0.8573913272914557
0.8246474505392627 0.8815395687511258
0.14006914428795847 0.4355118094531898
0.9196665308125194 0.2619455782958944
0.482515471715925 0.9537227061561824
0.8057263001002486 0.08198246312374713
0.8179943454157135 0.19044164301233746
0.9842075344722594 0.3393652693277409
0.11059255714286964 0.37239027274939596
0.6466482271535805 0.9445522021223591
0.5587860278524999 0.39742541905708717
0.7169241603164414 0.2308537189514619
0.7814034725999259 0.6279290976253129
0.5894877784919563 0.6894400455223093
0.8984181236937112 0.465502583164207
0.19718501354659423 0.6252803899834338
0.8625842887027675 0.0509590489845706
0.7739738577675641 0.6081488566836843
0.5372834669263211 0.8568986735246749
0.22276880701401214 0.4821349804783086
0.4433208993293185 0.17455855355603211
0.7577269910646462 0.8559230577585646
0.7215005489961979 0.7704920699005999
0.990272908523292 0.09009107139016237
0.04598184165499308 0.11026884959935312
0.16489227829084885 0.4332754948512991
0.39233939654487093 0.4629030741292661
0.6926078018837363 0.7589610157339866
0.3533774446237623 0.039389527809037705
0.23409212599958362 0.9526324285992749
0.12410127390488723 0.7711859954320262
0.014891107957471617 0.8724407619058852
0.37546922164762253 0.760133461673103
0.821086627690431 0.051814780046590014
0.7369836132429055 0.6210467441475012
0.37873311969234447 0.7238283321831471
0.3384822700001411 0.5509215976027446
0.98383571441373 0.9318814240337403
0.2707275867251995 0.5815584338176232
0.5485043068047712 0.8015886941539403
0.5391050555489443 0.8526965754132447
0.46017684680001647 0.3085090328756621
0.09094305879759568 0.058376654843095066
0.23672761165393919 0.11310615357977927
0.36082445284616593 0.5172146110315006
0.9866404065726047 0.5368980391855764
0.6205928225998505 0.5864810971062573
0.3285802999755001 0.7782971054588965
0.9329380100088367 0.1483422677906827
0.9210954470509691 0.28169676270460564
0.18103533992102916 0.019434974339533895
0.6987991456571441 0.5368355446468878
0.6541850274835685 0.016113449018282378
0.6746089220318467 0.7430350198207565
0.786615458139059 0.17426992791832552
0.33825196311159633 0.4806893793017517
0.14903260059090306 0.018788034353099725
0.9724688650438531 0.3346261332131315
0.08110781483164708 0.7105154355771464
0.4799069750675413 0.6221724173105292
0.07035680011121492 0.6385584587464372
0.2908697651023313 0.42592408552116656
