10 3 100 3
756 771 822 755 841 728 751 788 749 828
790 727 725 791 844 753 792 727 838 808
720 712 803 743 727 824 829 806 844 780
767 759 832 841 812 833 805 820 794 784
754 839 745 721 775 786 764 755 757 799
712 811 738 842 836 823 752 841 801 729
745 841 757 1606 1611 1602 1588 1669 774 716
804 821 1608 1641 1641 1557 1675 1625 1631 779
721 788 1667 1670 1672 1671 1640 1662 1638 722
713 817 1667 1609 1606 1629 1547 1561 1565 745
4 6
6 5
9 0
0.7988458453803818 0.8568786840150584 0.4199406194705192 0.5098779499220714 0.38119492830306345
0.8683586611718528 0.7772964985606943 0.7589938213828753 0.306476537655335 0.40273495488779687
0.04171383322078959 0.9412695383891683
0.38000344153790633 0.6612837781761545
0.14481167398752692 0.04464235540889261
0.8170747564057712 0.7917998998747333
0.9258779067939498 0.22350986767660563
0.8204072522705466 0.5578228970701555
0.49378286376762404 0.767193568182398
0.5470182386850244 0.4494266884504139
0.8192456382321045 0.8902507198059744
0.07283647199044418 0.002756332815440299
0.8573344106732834 0.8003417989441479
0.36450584367059236 0.20227506320570487
0.2759037436152625 0.1600715792897207
0.6761976612140279 0.6404955115795963
0.23050461076078266 0.700294528120516
0.19887738176514147 0.354952866374711
0.11450966325909828 0.277057102499241
0.6814697940661583 0.5250742233044288
0.6883228237577059 0.5121711255778709
0.28491376125501366 0.731907671186808
0.9838082013431872 0.0012742349712062673
0.39818661589172 0.5163760315749439
0.07229633220763954 0.7260566001495665
0.800731331153385 0.0032534328378237554
0.9603214898322447 0.6960432353692505
0.13158300690560965 0.9676834215553958
0.8143354463109962 0.25768400938993596
0.9821758174184312 0.5059283001399395
0.004290965581942308 0.7256154108258244
0.5133282737965548 0.7181640801734803
0.49592510183545513 0.44975574181648326
0.26296395299324815 0.1379808980603836
0.021225465701055102 0.268424149763155
0.3642074819998464 0.2044378142442944
0.734486157259755 0.1603847454720666
0.3542268514585245 0.5891463361461693
0.14816985178307562 0.02162341367635734
0.6318468612389667 0.005659820551738859
0.6660692056198476 0.9149354458620667
0.5643154509209707 0.5959912393820161
0.8534984239413101 0.3772013268124803
0.8734568455072851 0.060338633612778914
0.5364096994784104 0.07028276341844508
0.9973676787691395 0.9453258712935748
0.33136820932182176 0.8989358497799815
0.5783865615544759 0.3607268895127822
0.4669299839573855 0.2700726074343185
0.864528604339033 0.5202807417462394
0.6199225098087313 0.14729420461685883
0.23423012778725627 0.28824558800012157
0.8152550223178749 0.1828306615410813
0.30736765147768375 0.5362670861097296
0.33388472431822747 0.9411978719450149
0.3452164111718934 0.6739763666871073
0.5785505550104395 0.4206424048291839
0.814445282384082 0.18156792365007446
0.4097808168860251 0.3283954939126379
0.5992458223241739 0.838844949939112
0.7280596936500872 0.41237045015055185
0.4802088386105072 0.6586327160942327
0.19029291358110068 0.02558266064000181
0.2148343579300933 0.9875671292710111
0.8041063127966386 0.036943165318528814
0.8983911679366834 0.5112073358968121
0.5765103558245492 0.7627763825982283
0.5450330974282542 0.7597128363085444
0.9532394369912391 0.6672638074950079
0.5476425419287727 0.8455504902434889
0.41725915684480075 0.3823109789481567
0.5896674102519082 0.7038001579080648
0.8201102056262695 0.05541123402024506
0.6473413424119712 0.5323388176621122
0.08581196144966996 0.5622177647637914
0.8495627743523373 0.5164915727234316
0.1355865629069204 0.5758314633038217
0.2785415679349985 0.06288120578471612
0.910498900046466 0.2352617737917413
0.28334057559528736 0.05903357279171306
0.5027337302165549 0.6235191722171631
0.5253854183044302 0.9698737235577026
0.39349888284894563 0.0027396859374713145
0.6252390180703429 0.5570420103389515
0.8057321864691198 0.7585858975444937
0.2318091381188654 0.8247715225611045
0.688029265920721 0.18156469442431877
0.12971688982692697 0.11682024658530232
0.08576560103658659 0.7129381764891694
0.3191509571792581 0.4098485538799488
0.24785235621845203 0.14671163612717408
0.6936391890798845 0.2236841736195927
0.2190954079412788 0.48066621129398723
0.7720017668182735 0.22321305019145155
0.7279792215492091 0.41751675072510785
0.7698672252095862 0.08190728485268672
0.08335997630786895 0.6270384746003133
0.44730392932172136 0.7394478298080993
0.7560610620255581 0.5800289644764047
0.19139668959032963 0.8467918723858543
0.3459875559960588 0.25937895895643903
0.0803272723848596 0.06185761238348664
0.3354158339266562 0.19499365501025956
0.646875333235039 0.8731913887647826
0.8417459525129871 0.7103672166742501
0.907433567555608 0.763770422422235
0.49489912970755845 0.5304141867509955
0.6138128335297406 0.45631017936263674
0.05356859931490732 0.8527549178006804
0.6305328721295111 0.5098597114293071
0.6090189764957228 0.04053986417190214
0.24331899433305204 0.13005447056926744
0.13726297191599435 0.6863811873537056
0.759370144577594 0.8788898687654731
0.667781323828111 0.5911922563734704
0.03988110401076361 0.7009394340612769
0.8048364300502087 0.21828827600930256
0.771519997286851 0.8495743211294067
0.7102956356893031 0.9706290791404679
0.8625127869620253 0.44649265165595886
0.7947686040967132 0.6151196147388949
0.26393836746580424 0.03525144752273657
0.5858594953268019 0.9256910296738807
0.17929309295441498 0.07481863227984054
0.14271296006665968 0.809073649640143
0.1002544501109186 0.2741227509453068
0.5678158015891863 0.7105717911378133
0.9150476905023857 0.9391225176380622
0.2989518273663847 0.16073739450696922
0.8814459832970591 0.8157116837744509
0.7226302497508161 0.2682360034776883
0.04275500078330441 0.14126290350113013
0.9123556213894903 0.5893706644258054
0.9699514736802846 0.27518460431843517
0.8517874123819387 0.30507853227162385
0.8797954489400979 0.9322970233417514
0.5314848539112162 0.5429511784124452
0.950166497633917 0.44209943836398535
0.11975370658866535 0.2754302320616744
0.5651639619667208 0.37416234575019636
0.2517703449507329 0.7392837399775984
0.21570771482671636 0.8197934462606409
0.10280416757747046 0.8722890319654051
0.39408601984865377 0.20741922627480758
0.8367897361497152 0.1437800283263042
0.9406154145576247 0.8519610551804333
0.484623440827447 0.34866045446051097
0.5984312094408373 0.4348146444881247
0.886708315746771 0.8314247871487315
0.7656486963439466 0.2997958370273299
0.09322849180798598 0.7649254214644194
0.6562895766998413 0.9254945133345882
0.8403997066135493 0.019476408267762313
0.8528224601153698 0.8864309393051848
0.42780187453173957 0.28792440611683223
0.8317992079693834 0.03890200842890712
0.2512998235484585 0.05963657567212621
0.7058537518299137 0.7709979762306745
0.1217768141429576 0.8066307493833902
0.8353478139318533 0.4880211042636411
0.3124916856346407 0.4671535604322514
0.32341897149231214 0.8715001257225641
0.2958897268769036 0.3828291421181904
0.6332654355833767 0.3896222370113134
0.11610210525955544 0.9427643339174285
0.15671147442774802 0.418661135513154
0.9398686016555879 0.132282919776898
0.3997290828065181 0.6368353078258828
0.35899371891503873 0.614906929047988
0.31932516696347957 0.13793109707906503
0.8926309539624999 0.8552931207506151
0.674485754978468 0.7513625985875594
0.8821715759481945 0.39637886843151304
0.0556627897642179 0.9950840487863162
0.6369258971339007 0.6528319606384094
0.5991392413640209 0.02942817447141155
0.33664958853022897 0.08200727418963671
0.23338978364798546 0.29077759506004086
0.02525067174621909 0.3941715807469759
0.07618924948902417 0.32425589527039334
0.9570465907922654 0.35306281322929434
0.9013107190524363 0.011040289425189975
0.28307917742538713 0.26501323689407985
0.05460622384440539 0.026443556450497674
0.6848044218691285 0.5848103293115923
0.23624697845578457 0.8691331155369397
0.9684778739180389 0.9304746710420464
0.2735315097750841 0.09252570400049764
0.44706475434371007 0.35493335131790116
0.5373085712491923 0.8744808326895928
0.7253328174064055 0.13705378062093954
0.6000517486760824 0.8144377089675692
0.46964315045682525 0.10526163178658021
0.059079546689750684 0.7832313872497396
0.9231296634242578 0.8018257142985388
0.6654821394794301 0.247263066540111
0.4017002895634951 0.529435279616566
0.19810538214659634 0.1017584980699695
0.3112821414959246 0.5082570164516185
0.7780931607039361 0.1845328807325517
0.3356021635224964 0.31690691086229417
0.9050004586305389 0.7950828228789102
