10 4 100 5
1211 1187 1191 1049 1213 1174 1294 1230 581 596
1149 1265 1264 1085 1138 1293 1318 1251 511 633
1341 1156 1336 1376 1203 1328 1312 1062 718 523
1349 1359 1373 1362 1323 1293 1257 832 840 811
893 1210 1337 1398 1481 1296 795 854 863 769
968 918 1087 870 896 905 766 682 835 622
984 901 1091 1244 982 841 826 826 720 663
795 939 1109 1475 1005 892 989 949 617 758
931 885 950 1121 984 866 926 700 892 582
875 774 805 1033 1037 823 721 769 888 600
2 1
3 8
4 1
1 5
0.6577574273379434 0.7398818200599708 0.7748454311796928 0.5389433566105704 0.394053235200004
0.37751524553488186 0.8029764209628707 0.34179364803965484 0.6215213651174543 0.27260058582733687
0.44261849031807954 0.7238494966878588 0.6178689764746457 0.6867354809946858 0.31031237548331403
0.8975796772033202 0.9872237981487115
0.24689403725091408 0.7898749209020388
0.5719099378391672 0.21124855152775446
0.8151370779841243 0.6818409973124342
0.3239302124163419 0.22141628010106307
0.7051183309859994 0.6907072579050082
0.11790737445734956 0.5155747333321687
0.05574783788156701 0.08025126245783176
0.5915483765567413 0.7394982257595317
0.37542224253561907 0.5308114873476959
0.9833267915481774 0.9707522858285402
0.7553758298256139 0.13194371903243085
0.6301870196898853 0.7327105062876271
0.08068469328612093 0.8536600491534769
0.06234365238022699 0.6150789373262762
0.1549782450737469 0.6742368133576744
0.4269930924110139 0.5450701965668849
0.5072894249799496 0.7200288409598212
0.7420572783060797 0.46461059160088736
0.011102463142244279 0.6399626127034732
0.8205891578926305 0.24555889030169475
0.23320418056549563 0.4532842672457418
0.4277810313598178 0.8543000585853471
0.4611804694631598 0.09328295042623624
0.9960083677460077 0.29343068687376195
0.26885433068378184 0.9652424563503375
0.08504396278148096 0.4601847332756963
0.007999075718051696 0.8576694892539496
0.9823151630913527 0.864207786039896
0.8258130962916612 0.7609243576987539
0.7179836433204234 0.5803545880138821
0.7943250099543142 0.18679917447202987
0.019017994584754838 0.9367958297619172
0.03535557962718383 0.2909497136490944
0.15571707637365506 0.965002217563482
0.4786360984903717 0.8147574127479846
0.04469006098658346 0.45351367595501224
0.47664991686608804 0.13513008834572626
0.900023148661425 0.026176940896252665
0.9956950976173604 0.6614039013024113
0.8134226555511399 0.0612602847711492
0.702329425151893 0.6309204995932973
0.03745603126981467 0.8638887737545047
0.5101298159500969 0.2004703360829081
0.8939850053924401 0.0829522147123638
0.08044124355545068 0.18629500511693942
0.07814589660051774 0.7336826367055589
0.02346652463197274 0.2808735000793543
0.17297793536125905 0.5933109381094692
0.11332492843480058 0.13719422306776563
0.8916604239894288 0.27502717761469087
0.9692111227068048 0.7896241583280437
0.5021649083567947 0.12893556349610513
0.041549957664839265 0.5626584082703547
0.20531828036431343 0.5658460498863356
0.8450094815403155 0.977359582099391
0.7132600487363552 0.22331471973447825
0.002229092703072144 0.21880066046698543
0.9705348593481689 0.51887533764241
0.3115576219889751 0.8890690053457184
0.30508461919320995 0.102766866974207
0.12428321713105261 0.912345153937445
0.931953854493687 0.36451636639213003
0.48551848770528916 0.44008574458732697
0.505721755725342 0.003986653806614893
0.579617271865398 0.34587138624929437
0.33225555826335307 0.03819253603310102
0.6776417413047271 0.6692953585367358
0.5001712914495515 0.29554243471994046
0.9578922728025079 0.13207571144790808
0.5823195154009411 0.7087402160401493
0.235182919376816 0.9269194480858454
0.4151555711978996 0.9816374893367616
0.40926485123018663 0.9786540217790951
0.8549458083302937 0.1755920090632599
0.04768303129729601 0.7704589150685879
0.9599565662714216 0.6605351276678215
0.4215513967042164 0.3740249896584942
0.642964517201031 0.48515061652301794
0.2562401111228503 0.4339391663936467
0.8192315146452009 0.022677119563790482
0.35633923898355757 0.9566211998201948
0.4187357983925948 0.9452135491981779
0.1181584251172596 0.9852177448816495
0.5834538712985651 0.8921793554584343
0.5180462925678895 0.2786466240623595
0.07129436033745495 0.8725196564809707
0.5516156374591747 0.164880643003118
0.4025172568908353 0.3794793457204715
0.4838139215289594 0.24760645644613466
0.26246096748235015 0.4888246584976952
0.47192300807660104 0.2340743485219643
0.16719160158702806 0.09549221081710835
0.16480556351481934 0.3320806901482747
0.6426631723229204 0.20686494441148806
0.1605304714155913 0.5375100442166567
0.16800032357727313 0.6119359331250065
0.16261941577599592 0.7310163515964163
0.2950720027304372 0.24985186299422324
0.7462835087491722 0.4650837458518824
0.8866552696791281 0.7861958581788877
0.892225414585013 0.9234136636269767
0.4328396852966918 0.9319641405123218
0.3404793178805656 0.9472010887826854
0.6838512869929478 0.011392240964377853
0.8148410568183477 0.8249246404095958
0.05331670178988701 0.44379374581196274
0.67453850338191 0.742166424127364
0.04902089514534014 0.16747028000167186
0.6699086988913678 0.004208467205223165
0.5914545751897351 0.6833454958489371
0.9635015480777824 0.7493501009580632
0.4802451305037132 0.643707556375289
0.4575900974589824 0.31573941261830263
0.6188816459377318 0.8299238624993308
0.7528218769619677 0.795756638408657
0.7883063969271027 0.6766829829779653
0.09797853157019176 0.6125806566398122
0.30628933665002833 0.35108997306693457
0.4200271253007224 0.8826120769541799
0.09613455695863893 0.5716972106071252
0.6547881182936133 0.8170330702852215
0.5838126081871162 0.06010456896909
0.6406750290472492 0.04742287268120293
0.5839598638127004 0.632256453165106
0.08492540048105224 0.9552011552759863
0.09427223944110175 0.3805901985168416
0.7384721982624851 0.3404963153352878
0.10954121213799373 0.2944947733116525
0.5485259566221601 0.7598812887331119
0.5157994999542481 0.8429714644176467
0.35281140276435186 0.8734890490893672
0.2534044945754719 0.7184157746877904
0.273230344428546 0.6201896034102359
0.5080812175730045 0.4093636712518982
0.45339757198395914 0.21574015601551966
0.3103548166919641 0.05420676963472526
0.5857165702541516 0.7503563000606426
0.15375536130315637 0.21440754216341018
0.5211898192341695 0.19864543146474722
0.47415090465024656 0.1953413011683034
0.7969115777967561 0.5940934052487081
0.36091217122332453 0.08713510442873362
0.23197784563195567 0.21153469758680554
0.7002933241468203 0.146208339005248
0.22504557432277905 0.3689984008876448
0.08754505036303462 0.12498298011615327
0.7791016756077196 0.09112082977126135
0.9187631492322854 0.8131856050963275
0.10021203095407172 0.21592780787225907
0.15999631146742255 0.576252009891957
0.024083665572145474 0.008964424228455004
0.09213938353305262 0.7701102193075215
0.13117082208297925 0.19515582053340186
0.196283376426442 0.6654768467961758
0.734020435161423 0.31037974078416286
0.5450690228173631 0.9013579145426271
0.03752465435147978 0.4087766000315747
0.5664375952816034 0.39906727533055486
0.5272776245876261 0.852652520902621
0.1872142760008335 0.7287755126373006
0.4604793972899066 0.5581700958487246
0.5379435107286727 0.18576553970413756
0.46624292442705784 0.8654775674450819
0.2546451379590111 0.7996131402024733
0.7556590008438822 0.9504207772204445
0.5421833810682939 0.8640607801085647
0.3349204511898196 0.8990940178634035
0.519825189279133 0.15989894949735595
0.9429947962027059 0.44071541138551873
0.21241641722214233 0.7681218186109575
0.6306946763269714 0.2910074693529512
0.11776791736065406 0.5449922589107448
0.21452868504860367 0.7724001297668237
0.8070350742153682 0.5585789264434333
0.012092056541419982 0.007379535193652753
0.6707737691339595 0.03731706567117454
0.4180939073645762 0.43730374186245435
0.13459427616501762 0.3338644421519401
0.7634330226159121 0.04047784997266701
0.6464777124473391 0.3547429032265874
0.009469018501181425 0.8659658732749191
0.9077474205663107 0.5223782147571638
0.8827092123862437 0.9664010486203494
0.0017073428030993654 0.10297226927083214
0.044276607780256105 0.4089049218354013
0.3139886076376752 0.49773693714026
0.18337388079599748 0.5873100732409879
0.26917600758638316 0.2732334448414482
0.22232222059970974 0.6315336979161834
0.67260437757876 0.9179684759909965
0.7342423243073086 0.4504439948103729
0.2725444481920416 0.6715415593688976
0.7012514374519809 0.778472936182451
0.7754386307736314 0.5301247325610352
0.14487223484495249 0.2244713284664901
0.7902936358717001 0.27516443251914957
0.7637002205910377 0.3881402181805478
0.8305228570007763 0.5305855323824487
0.2067666319724808 0.15427284434286603
0.5600412616515609 0.1491215531423089
0.30058597461121406 0.7592581877031193
0.15548702541239945 0.7679338425958844
0.21900360605419666 0.3649151440138154
0.8858510102989985 0.28336095197726463
0.31955022014339685 0.44866845682480627
0.7250892166926735 0.837799023375738
0.02075722972228955 0.9134418248083971
0.11216159216556476 0.49357944146750854
0.41308778041577554 0.2648230718680915
0.5757484754868964 0.2399382394833427
0.8226797298423787 0.0011118706881545481
0.5018401922621281 0.3467840831672928
0.15848043586958505 0.47049396858349257
0.9274592177344221 0.016384958326710386
0.6782382246417846 0.9945289134255042
0.9320569886107153 0.6318841214995696
0.6422010990874372 0.7187487372081887
0.8917485943810624 0.06498340014725112
0.9791972651460188 0.05037195185228094
0.7741999079396704 0.29666492429695324
0.215748289266112 0.43162486391009103
0.4033897333473162 0.3072323723175321
0.920558213335487 0.7122548062301688
0.13971675049746546 0.8783601941748467
0.13753155621922986 0.6540885240384449
0.24513399921142387 0.15023951812749403
0.5823179001900951 0.03416922986639381
0.8243662024638205 0.9267883347239483
0.033798958017059455 0.983601864813199
0.31328440995735907 0.6173378849233111
0.7386277686543619 0.3392149102031172
0.5256636943077635 0.8168955494543182
0.3079049363200028 0.40530436252186264
0.4371539075277755 0.1903082315256981
0.041594695311866214 0.7879848314222253
0.753266360016978 0.9029311264028725
0.6526783605881474 0.41752542945379734
0.21878867944829916 0.9270784960467071
0.005683437692007631 0.13862996237323788
0.1296937227075805 0.6911908894386269
0.00008307803346219167 0.09045629669012811
0.4726230014683739 0.7332737449213489
0.3971110150041415 0.8306796128664755
0.9494789013799945 0.016049395462860216
0.38662169397205726 0.6285930154078243
0.4134358860344307 0.0916432257011437
0.3238800752285984 0.09739195933187883
0.7821403869708394 0.2941808838621809
0.8567887433808232 0.4489095710659623
0.7205354740312786 0.4729956830560449
0.8707288856558622 0.2678312923931352
0.28888477640620325 0.766244589998093
0.5533718914138648 0.14928120588695526
0.37076642970348583 0.477292595442244
0.4786320606368324 0.38798176045826405
0.962519536953589 0.6500648404924039
0.03173112026567715 0.8813581891365416
0.4034275274022552 0.7861988614058097
0.9848236984755836 0.8722414093174649
0.9245748411039802 0.03852842126948408
0.004586870213383332 0.8617867993028294
0.2336132206297472 0.3630005591356944
0.6416926799033549 0.5314234626972305
0.30717980482044727 0.7695120485149145
0.5269212731765878 0.8129219499252531
0.5082994938717655 0.3116681100690737
0.8426166582298884 0.7604661212665971
0.4233034897197092 0.7533455065272785
0.5212779413692012 0.10325956836787342
0.7265919615521108 0.49218338955951757
0.8028076283518752 0.9043652760357823
0.43466603694263495 0.12888628551094672
0.5943766995924622 0.005397972413467622
0.3810680382939018 0.8670768522231949
0.8301281426166374 0.6401914115248339
0.36940766676991954 0.23993716788208053
0.8275247417120866 0.6630683142128593
0.8726195312797955 0.6988363175122678
0.51556732460541 0.1062963321247159
0.11887326109894336 0.6401279516000171
0.9290242085192906 0.8636044760064334
0.3573256938455469 0.11992342478564177
0.5258802502019067 0.7924286464168537
0.8879650903758494 0.8432358452127737
0.7631297456332793 0.27054233272500183
0.9238881096527851 0.3102989481527134
0.9878745397741697 0.2741393945246908
0.26367038935248854 0.19829910729433964
0.8219842211127162 0.093569514779269
0.6513058204359319 0.7001418582401671
0.12176293860990883 0.45986690634390337
0.6483488347941726 0.2526471135080439
0.074176254056465 0.5871572154181226
0.7859484298396715 0.8185365030299983
0.6649716881569279 0.340415472218486
0.31635800498371713 0.6837541220834784
0.6957980942757822 0.5205095841252922
0.6740435630456731 0.9620364753135597
0.9981068516390781 0.5055592524681221
