10 6 100 5
471 647 604 491 781 626 856 658 805 650
605 600 688 689 497 763 624 694 832 835
719 777 565 745 591 639 1138 1630 1811 1316
619 584 588 490 681 1061 1555 2488 2705 2220
1088 1099 487 805 703 829 1756 2769 3573 2724
725 956 951 524 584 1122 1310 2481 2706 2493
855 1087 953 1003 472 605 983 1331 1848 1622
853 763 1066 739 477 652 864 960 1015 1032
852 856 850 829 683 731 576 834 713 874
914 778 819 821 564 543 705 622 711 522
0 4
2 7
0 3
6 1
2 5
7 6
0.35648787675763693 0.4861256691591726 0.9784707523859297 0.5335811651264322 0.37532251234400293
0.9007190913521881 0.9481763667995369 0.7309571365814305 0.5955621365026379 0.17468885729947659
0.9667409202704063 0.6778387731973069 0.3455105512405091 0.5118423564346 0.2187276141225521
0.6342787666276766 0.425616867800089 0.585539330028414 0.7626814625038734 0.44088603763874434
0.6645626281967177 0.4653120425261283 0.7894134312756882 0.8465941282037162 0.30489403251113656
0.7104213404598028 0.6731223306496563
0.17013495910570953 0.8662830300161459
0.09287394819331074 0.370068931786365
0.3715227459876542 0.5557062083678057
0.03328630323261117 0.14102888241705025
0.7405054221567557 0.7850459661439046
0.665332412263616 0.7725458312264015
0.13405693086740067 0.28160907837225824
0.6189742593657745 0.5500144890598277
0.1463187724672761 0.6799665953684075
0.023691951704005954 0.32539874284262216
0.267865509782508 0.06706646545825068
0.22939438722406402 0.019278155628815075
0.36087949258635144 0.5164429799467312
0.8104723576857487 0.5289930967911931
0.020249986058081815 0.5836087937112155
0.08170676533718169 0.5935822461158968
0.9830015830272649 0.9643768378686803
0.21058387819348545 0.9210951706940773
0.029634186510337557 0.8961940041577003
0.23620466345003943 0.5308044470378117
0.6171436380754494 0.3530255336314023
0.8642429529740208 0.9173644750923322
0.2828811867636516 0.16938349566586086
0.423012230409473 0.2326342304744089
0.8769206258759121 0.8706456768133553
0.5930213093233463 0.567395365010906
0.659192416302415 0.6666535529580215
0.8708361524641233 0.045639180021760595
0.6923893635574001 0.1827424834924718
0.6781710113869306 0.921181462393718
0.30993376139861994 0.5301387275607095
0.22191313056606887 0.17626678018654207
0.012897786556843371 0.49101589509190235
0.7833259481535797 0.7325729483997401
0.9473548960852702 0.3104004030879006
0.5827702906838779 0.5427537925706443
0.15173195719991872 0.691383164311862
0.38073500668542204 0.3542902168334714
0.2814151569417658 0.9216425653088398
0.9524686571176078 0.7983241894107538
0.9038179974618179 0.5453824694172273
0.5581049088491534 0.1490044965652948
0.2452708106605943 0.9061283830896028
0.010733024914293177 0.015134896326038705
0.3960778761996546 0.22379160134568266
0.9837608071626449 0.23425955611508065
0.12758053868164398 0.28839333976911186
0.16495583075497233 0.7085598821288555
0.26824705943381666 0.9462743013204182
0.0923032828611523 0.8332577223320081
0.47394424430590076 0.04239560330595271
0.45109619715710947 0.915112960945033
0.713243273756494 0.8204954725848985
0.7944085410465898 0.996394240211748
0.5571400027802886 0.4695804951991127
0.8967697341619698 0.22588179655247376
0.9924813837544575 0.11663538439770349
0.6539448463704298 0.16564113064082275
0.6365173472545476 0.16835419731080958
0.27817640117979736 0.46998519061795707
0.1776519052453842 0.9138383245219961
0.9620956978283244 0.6297602797819204
0.5155148635844362 0.39366025169647445
0.4821415721076707 0.7014454475214194
0.3254685963423529 0.5486993914333251
0.4562981088470235 0.5881840995822194
0.1632135636310066 0.5346829214808009
0.5565987940192842 0.8213959990875856
0.22636278740628124 0.1571513709904071
0.18511831949827973 0.5128771546919071
0.9513619123719599 0.2039975842099062
0.582998546339045 0.9780865023585132
0.7312597057763306 0.44475699304150496
0.15484891352322383 0.2232646265728424
0.38161460860065044 0.770786539396684
0.3036003636164011 0.6720350493384666
0.7067934607906001 0.5408111918744858
0.3373658119092473 0.19859343669776397
0.7339070728868049 0.7131185112780547
0.6585419594552071 0.32013196728744053
0.175020571793149 0.3605313920279023
0.7116777103629925 0.7249858101274624
0.2601295660487912 0.5384395463678757
0.7860796265794354 0.029480672194731827
0.012876294746002381 0.9954265138090774
0.4941499163258687 0.8869326178630699
0.8431249495319861 0.14167653118902557
0.3338553670804476 0.9553530349064197
0.2233200824305619 0.05633186505952259
0.07658781416152105 0.15990897799306847
0.20660920330591037 0.4747200668657283
0.0151289425192902 0.10823028482468922
0.8776603752663197 0.31274460275976246
0.3156617258602701 0.7040036564840633
0.8331995230475229 0.40986670264560465
0.14290338201717545 0.24230392152450797
0.9508309516687441 0.1531556946228687
0.7318627234896302 0.4576676980224539
0.08046502559937863 0.39939965459666715
0.1917632141970762 0.08322250861263458
0.8830000574365482 0.18394057061659108
0.11712103366521465 0.6630741246435226
0.5104097801427467 0.44609452365221514
0.4462187680841174 0.16372570347232962
0.6945876871300352 0.8183199296833601
0.18437330662802398 0.36669864900472127
0.2037667341904903 0.43426781375678236
0.7732980786781816 0.2935322805391867
0.8439632513872264 0.38560469345396875
0.6973912711332142 0.4304572625400642
0.4478959942984406 0.7608431818037775
0.5212870654013135 0.24056306505408065
0.1981276483073684 0.8088582887419367
0.9911953013920451 0.03780673763161069
0.9907829427549784 0.36098752403857537
0.34626489856669074 0.5649946080372812
0.07558111432923487 0.4371040748377859
0.5360895555618093 0.9816557703467881
0.06333185611677461 0.4582531414574904
0.45280435376022155 0.23919163255572284
0.3560772855437071 0.21157547764506224
0.3037065562465475 0.7916896403991056
0.2395113590427782 0.890550004150948
0.918992431696535 0.8349759939296084
0.28034303615358436 0.861429671498182
0.6904441186278774 0.6499297258297738
0.8058939857308876 0.8314451467164818
0.09200922677096646 0.6201997551611147
0.36954139885925796 0.8831727546554329
0.520381833100992 0.830021156980602
0.9333841163464434 0.29983898618973215
0.18957460795590952 0.029330217700232808
0.9554404215952537 0.452211039590793
0.49177198997258564 0.17743221215480998
0.8279040658668397 0.6226277598615226
0.08620187107197808 0.01960285997817368
0.005962659625218691 0.36221418548094664
0.44812127432465054 0.5136444890267573
0.6990806991342415 0.2637319344573743
0.8458712607408809 0.31608199016541927
0.661495456435685 0.8818524657587905
0.8084045842795413 0.16799271496107493
0.2235363048350758 0.7919961551113155
0.2331489809123024 0.3073454620484515
0.1044183989712435 0.7980800733517615
0.35696038293316734 0.199754711646698
0.24466014176113648 0.626731791877551
0.7000169606807383 0.5861297386484499
0.9213010408681668 0.8042939651074499
0.38515201152454526 0.19422703637293082
0.5130251441364952 0.4769801252506458
0.5580519489681082 0.4589899211516548
0.9178910220018759 0.920055371924781
0.6430698446319176 0.05974083700388211
0.25857340088309955 0.011006571645819196
0.7355194383443524 0.1510975725928012
0.28509122256598673 0.09735012090296835
0.5783750049633734 0.4681631634240022
0.8763105239233169 0.047649813936216256
0.44066365810819796 0.10360450581095093
0.29421668530826683 0.7967299044384784
0.3110815148448378 0.5352776470978651
0.4338263774047686 0.8867012662804004
0.25192946951528494 0.181812511152053
0.9308035788562796 0.13545806748070888
0.7858761367887126 0.5628515781208827
0.14740768345058286 0.9062012287446908
0.2027720005141631 0.6101887213546457
0.6915588383965807 0.5585310404557087
0.9695694784295055 0.1695140155245003
0.48430156662469526 0.5119784098630706
0.8908432195912925 0.4381291313342619
0.2699689625028483 0.659052023690323
0.3567219071866481 0.0689951473233843
0.1605094821964239 0.9031056296793185
0.7366840942602146 0.13154508598725045
0.8151933172358892 0.05022308264851505
0.7571697083583018 0.8856444428787507
0.7569541683044263 0.12238854322976422
0.43190573977108837 0.3113347776788917
0.004285315065946094 0.4466811991326385
0.5388860335490586 0.6728328409256021
0.14087184600904346 0.5235851861040077
0.31000732825402655 0.21095488718711453
0.6274033529350438 0.9735688013149109
0.36124481738901926 0.30440776505989375
0.37303034704320037 0.5831610969246184
0.08140109987366007 0.71186584510218
0.49482276705689276 0.16339682828896906
0.26119465217978743 0.31410956169323856
0.9903689633302286 0.9647114996169537
0.250504614130187 0.41060620820524196
0.14350397811373106 0.12415567247255477
0.364897857880909 0.0016954009486471744
0.2698554852787285 0.8063137705968058
0.33345151972412235 0.20904184824122485
0.8032118924717846 0.9511595067632999
0.543236345441773 0.964185845955897
0.7708310482304872 0.8397471048028424
0.407733001112937 0.16528105820509031
0.48183796197942197 0.7986174660255447
0.558814887969566 0.4197739044749309
0.3088846087564683 0.8369614834338652
0.6895977482970945 0.09336229451266775
0.1920631882507271 0.9636228987624511
0.7457162200770708 0.9897012753556091
0.19821775185819002 0.5188093822648159
0.7408673558404055 0.5728936397597097
0.20902466597091585 0.49376665015748333
0.9345252758775722 0.4822561303301254
0.42546383193099335 0.2994294783301532
0.4993172453111956 0.12557437537131477
0.34671715200962816 0.2942173264001393
0.6658796476243296 0.08939491446128423
0.5960303178845909 0.7408729881243918
0.5311007105083483 0.2859901211551559
0.30477268860707274 0.34978995109439737
0.9925024574842893 0.04590792756022877
0.8941088247885474 0.685065706000813
0.10754579767900352 0.9710630419254036
0.2501012814145751 0.6244497450292756
0.32099053503161956 0.8652534442272535
0.501985276294616 0.8351052063319848
0.6532404680616075 0.8539107517927957
0.11685466982068382 0.20623098463016332
0.6200405472199553 0.697694851210972
0.27580248319911194 0.5677039632961884
0.058212749678093534 0.14780387847700527
0.11365664578863321 0.7904935380705012
0.4411239809039713 0.3076569590074816
0.3632525887752267 0.48088250810834654
0.837280544580145 0.7198511069403604
0.8403091334018278 0.998219446741172
0.3601380804392329 0.3261178055291647
0.712114429069485 0.4344980363704716
0.3427818244483303 0.49547705477940784
0.8637788038742158 0.07956088426841879
0.5270230628706722 0.34089354377539594
0.24063116407118867 0.8270277009165752
0.22003282811701408 0.6629754067672913
0.3393911394180429 0.5407950470902334
0.8095752298024672 0.23171668576413817
0.3705955235883438 0.3093724267404898
0.5014443162579032 0.7974694965483673
0.48423300568212735 0.31994430871479596
0.3925745361672248 0.4162409632366799
0.3719713463045 0.10029762387009056
0.9287106058924635 0.5789637062782298
0.6301697641803063 0.2489158942619596
0.9067030500063118 0.9962563824029727
0.03254997333548615 0.2980055872563232
0.12608382470399948 0.9785630830932557
0.5298924867571859 0.973859703642256
0.6864948747156321 0.8708703868552161
0.6181772726578838 0.6533763897906948
0.42305324715903714 0.4808160438390554
0.6020523531970932 0.7090413307226606
0.5747224250330385 0.9952322933399973
0.6633187898306918 0.6267169492798934
0.5499722093739232 0.011731923625980967
0.5984224952619863 0.47467101972725945
0.41478452672355326 0.7790187821056147
0.250842183932656 0.8231350131011221
0.7433147117760905 0.013629895988323204
0.6473051743585692 0.6450777424583463
0.1934042942263603 0.360200395839644
0.814985227087009 0.057743798250237566
0.47923494758493024 0.690688879945214
0.7368727896737166 0.33102616252215933
0.9417915928890839 0.5998751298959049
0.5511444420981695 0.2510694075313551
0.7592124645599798 0.11600483120800487
0.9883752958162795 0.7470130607114964
0.18110895689194617 0.576956935488953
0.35971093966841305 0.15530792981404629
0.5518568742731071 0.3837594793671708
0.7724060115537679 0.8932675854126768
0.610400076191236 0.49983477394388864
0.054498244936917795 0.2488286380640008
0.23815043764624488 0.7292802850946103
0.9143030465910562 0.923112678349642
0.0051433778303651145 0.9158773442334873
0.3496132264658802 0.5675931260727571
0.1616279142364443 0.8738444922097937
0.7040203286350137 0.5469153453762943
0.8056092579146317 0.08704261133484459
0.6932148036042949 0.7692582068373965
0.32672401905515946 0.047060889191013366
0.17538035228338922 0.04958721075279926
0.2793258250405317 0.17248177444726842
0.847028040233357 0.8633541660102857
0.29854761589225065 0.6956734786122081
0.031091024367737585 0.6954807085109751
0.29694406718108035 0.22397535938426572
0.6777918994928664 0.30793869129718976
0.09001639889129232 0.5000905034931598
0.3351659758885086 0.7106275339174453
0.6515732913013352 0.7334159703864738
0.0774775618912038 0.20065428045623568
0.8512112306566608 0.44033436988910934
0.5019741839417602 0.5540988974828807
0.71014791449143 0.13024985739996264
0.8012059289997882 0.9769383183910936
0.8846934874449615 0.5812545830946987
0.7457512553202097 0.9870627088696962
0.004195960130846332 0.08163174962676467
0.24113764035993945 0.2924313998657624
0.6595323498299879 0.5420536709257451
0.20365761839844088 0.9544688146574536
0.680371868543294 0.36581116242392286
0.33043968165727944 0.2500108429935548
0.9204099964115566 0.27264584279614335
0.725205294776426 0.642946732118401
0.08757185576783821 0.5805847878950079
0.5993002441335618 0.455373555503092
0.11737498101435118 0.3393426324354518
0.10224575083853438 0.09837421853206418
0.8028354549910559 0.9704121821558491
0.23860011495231803 0.03948595951853662
0.27372932872330136 0.22339647896899995
0.986321101475421 0.004841342651496827
0.4324540116981197 0.4585003403495127
0.16717523101065046 0.0017228367726056515
0.4162258045428242 0.4006981144283619
0.6162903421292989 0.6533532529967045
0.7487180430936344 0.8026298798599902
0.030703702915594322 0.47020293874747
0.06434601261958295 0.5255146662711621
0.19235720193802885 0.16194620624709066
0.28517842952811123 0.8375780126113583
0.057620340610013976 0.7310373887403305
0.8388782148553215 0.807863412009554
0.14016545934781188 0.7929468547623189
0.6071550963452772 0.17093733950082446
0.49268666767112257 0.6138744272536762
0.10497620250212125 0.16715667824270208
0.15852423256691073 0.836855137368028
0.5246312732928546 0.7436372159101716
0.6637004254108789 0.9234172007470665
0.8511973912554827 0.5770253508886081
0.45200177933247754 0.24125761962866998
0.9244491677907931 0.1594891163596972
0.6844976541924419 0.28724084108497827
0.5227668586665588 0.1239777762309553
0.5721555092575921 0.32147415749433783
0.30490857109738956 0.6195629444045727
0.922464800031169 0.6595375279928868
0.30454444211070464 0.9729948249997671
0.8806897782157266 0.7195179365673232
0.8074169196251777 0.82974860078071
0.748513619871878 0.07133498570708108
0.2072752475698485 0.8064008581500266
0.8667616839478289 0.9413092655127426
0.47055525076778526 0.9277883344860554
0.9651203151035506 0.6041666996024484
0.39570671029104765 0.9444137186096475
0.8332048932270326 0.8640155802188558
0.3070196352293326 0.21306500233917003
0.2843394290776682 0.30834629699919613
0.29404789444986457 0.46882067866652744
0.7792986896474083 0.5490113686117615
0.6247637458049036 0.2589437606758034
0.5685122474140556 0.58684860837108
0.32296106064904806 0.7336208463609821
0.19656444753487512 0.5629715111304516
0.5569011720235943 0.5903265866066321
0.48231758917668355 0.2674831421846533
0.8678686131779094 0.5924617668910201
0.049245550322387865 0.762955821951927
0.6598671339184412 0.3985667782500042
0.739051540625483 0.39792958342198426
0.9440095808396705 0.3354283461938894
0.6891392287377545 0.5350340044952206
0.4105720153178498 0.779459760352663
0.9825253828383207 0.6810983443819973
0.027741004150964255 0.8520494741873503
0.5723696458482992 0.7132755039316583
0.11227088022629128 0.7750139728078009
0.0725865058953441 0.9295210783007053
0.8976884866608126 0.1344702812269447
0.7605708166698151 0.5017823580767278
0.6673570112799725 0.13235277758718378
0.0423543127887096 0.6056941045141928
0.6367058407672306 0.3488692471227919
0.2742929705458581 0.9251329901148735
0.8638240635323171 0.8020873311904788
0.7603459943364967 0.29276626503756664
0.5620978692630438 0.5564500428242916
0.6388430139148311 0.32093183347063414
0.18549924768010628 0.45220810967942926
0.8229768132964783 0.05296424851457693
0.39270892626844933 0.7985073039573982
0.2868386440593196 0.4270285748209819
0.21309134941517183 0.41724720910519086
0.8889818583805029 0.8461613425839225
0.027083661356005484 0.7079257337217142
0.5126945356711803 0.12484115943525276
0.900417123935886 0.010834613047243202
0.8313906882524609 0.6759769797355553
0.16318304872874223 0.4739974710338082
0.6527876693088659 0.034572451041966046
0.5891530097546127 0.4106711218862187
0.20747476054884784 0.1429405597162614
0.8883161782315376 0.3669264854815639
0.4369472627507749 0.7400761196195644
0.3224488376793815 0.23657032846973158
0.34595456809720204 0.23928859154729576
0.6174972646050512 0.9603375528093421
0.36541851950656246 0.33767408338973515
0.010453455659244826 0.2043336726604812
0.632230159657112 0.1462236981844809
0.5469969893222504 0.7201600513121884
0.2710724167471197 0.5586747650789463
0.71668610496155 0.10725375652522184
0.45728464919990963 0.7454448628202566
0.30048404287821584 0.863759424824561
0.009510417387866177 0.0832673571344198
0.9182104926941335 0.35075571818632567
0.03372408072242172 0.22144884673566634
0.5820481632491925 0.38840373971665043
0.4598826437343866 0.04183403859047541
0.863867577912393 0.5839841247051958
0.15169661439476156 0.6095178685744327
0.053892073563631016 0.984126715455873
0.25478998504342276 0.3838423351521256
0.003401388802949379 0.8832428371743817
0.14364679780196554 0.26744520817547635
0.3898195958867896 0.4483639396858101
0.19128581622801377 0.013534188354522136
0.19816413224319152 0.8783347269202493
0.7489108392620547 0.17717871042462874
0.4010420817766831 0.18259542220174896
0.7208335440207387 0.7870462853250637
0.4384130957203525 0.21491977831194053
0.9160037857413406 0.22768411296018232
0.4662897680663045 0.635245978889476
0.5123083489589666 0.9349354515553199
0.18951836317295134 0.7532528083713401
0.3017939416971085 0.9193561338662883
0.5028801983471465 0.1859343379671614
0.2308410514762158 0.5728950881080004
0.8101971949075477 0.22192607814268017
0.10703038439927015 0.8605012306760973
0.32511171904699454 0.6432052514514623
0.5903149241560379 0.09862996820957792
0.3109922091573625 0.8796231231055023
0.43271641363052904 0.4196913441505179
0.3707755690463703 0.2388693977233758
0.5565901952187191 0.2517763850559753
0.5433213136111792 0.669961985567886
0.7521816008933155 0.7299464637163502
0.33259975867453107 0.5400967844366376
0.7719759517946001 0.9775897954576678
0.21780480106058908 0.18138383281629866
0.8325488060142934 0.07874779976571733
0.8204414123688895 0.7809714064161513
0.328110978492141 0.17528278199013791
0.7335009863968234 0.32774337049419366
0.6639717775231202 0.2586442973803511
0.9212659527193074 0.21708707059415344
0.3720633377454252 0.3154101351478391
0.2802985667507254 0.08044338718739263
0.8791908519394758 0.8919439016047339
0.6468529755595229 0.4233707715190207
0.2918198787828452 0.5562303789325824
0.678617227019269 0.7885653277498459
0.26718878191756334 0.5701250678339407
0.28930419678455177 0.6846798231767934
0.267945102291532 0.324809023471998
0.6164476091103701 0.5542246816565823
0.677074257305933 0.8194519468593358
0.012429267100438679 0.9966820551774491
0.41239590435591644 0.062482048319774997
0.38441863274822197 0.5820435510491448
0.09437417032949225 0.4558690533581866
0.7943814398619216 0.1708514889665358
0.26121079212432097 0.5727890441274623
0.4370225481393464 0.894283884876651
0.9484722094374278 0.40339639674757377
0.8510139952398188 0.9784935427067598
0.5085807577866355 0.6969402795989352
0.6449188430066215 0.7276314200167855
0.7254612282809321 0.875970767195029
0.031692706675981785 0.2507165183048934
0.387802656446407 0.8256265402942033
0.5810758071192585 0.9441713676381429
0.6847650763462683 0.9907221463242251
0.1763472295607993 0.07430294127783577
0.40238821267115865 0.9638166945771196
0.7971472748554611 0.8452840852305905
0.605094906453562 0.5447415015837032
0.6701242994988594 0.8732415275062275
0.11376975900135178 0.7191533716426983
0.9225829148361733 0.529557088854572
0.21368416129270584 0.17612751415088335
0.5761765015166485 0.24169019814073378
0.7649302102169371 0.15005357234169336
0.076953953093716 0.2753051527711705
0.03250764215891344 0.5107542759358084
