10 6 100 4
274 401 423 582 495 641 453 630 567 393
453 409 577 748 782 668 683 573 678 453
503 698 741 901 955 822 886 720 834 599
501 783 880 974 1058 1134 1022 909 984 716
550 720 1019 1182 1375 1245 1223 1137 996 894
827 949 1118 1409 1414 1412 1499 1292 1239 925
865 1133 1464 1496 1614 1797 1555 1406 1078 1033
852 1159 1265 1447 1669 1694 1723 1248 1070 1027
915 1174 1252 1506 1547 1525 1524 1059 1034 870
947 884 1080 1165 1241 1441 1388 1191 902 832
6 0
6 6
1 1
8 0
3 7
9 3
0.4109515414904819 0.8004207449387155 0.6489154527368481 0.8903467998987136 0.1161076755024781
0.4061460411555025 0.742970791510771 0.7408823232482218 0.3788368591130249 0.33710069429137307
0.5539580201730214 0.6607174366654385 0.7806978622164754 0.6606551861726917 0.36565231701297374
0.7221629634818886 0.8007512398488041 0.7744425636098264 0.3642071908576884 0.16563712714029882
0.8647093494372435 0.8697991263958895 0.3346482671334243 0.44054132651158523 0.28154619313320894
0.09098600375533095 0.0205852386265577
0.4661816990697667 0.07752839687305091
0.9231927378433393 0.3779258240862853
0.8600208661233928 0.572375434052125
0.5174792785977904 0.876203032590881
0.2192544327091377 0.6761191728189984
0.6292170608458059 0.519130711632926
0.8606469671753831 0.6183156907912781
0.940684251577433 0.7734947156116627
0.7499766819567721 0.5203375090168381
0.6563895429521918 0.3556048812982362
0.45737701669327313 0.21138055580405202
0.2504748567164963 0.06261908480533585
0.6331434956659827 0.8388810390728958
0.26313843736497167 0.37594681315963885
0.2337955528442488 0.3991519328535533
0.6115312829650199 0.7785042751024724
0.6627448951210997 0.16814285206823376
0.00338022652736103 0.641597012195126
0.11384731679757953 0.05324808757025412
0.7256578500552462 0.6057008155359671
0.6566481989089927 0.023303273782919742
0.9303803851091546 0.8616447004240395
0.3765067550239385 0.034313756805788964
0.4249828348860345 0.8819414147391484
0.32318786245284703 0.10785393663393195
0.21721695735149726 0.7187350480478427
0.9019930792881172 0.3749037727599174
0.8612619561573676 0.8604595344490833
0.48417897571815804 0.06608105892716587
0.8944619734497896 0.8163779652211915
0.060935978255194145 0.3381119173580214
0.4556112181584244 0.5228800455275542
0.8194212252242139 0.7559674266009111
0.21212988133765776 0.8358214800767529
0.6848685396919278 0.33144432520717393
0.841614041212327 0.7990136729925308
0.1571556218084127 0.03981138020980768
0.20438025049471276 0.5734785918293601
0.045604301719216256 0.13587613429268153
0.28447079812857656 0.9361534464998742
0.6238387054482082 0.8729739430496402
0.5499058625959623 0.49573572568414437
0.24699906035674735 0.12239314503164378
0.9534951161981706 0.0007951647600321632
0.8289740807943069 0.17402703935754693
0.468245668297667 0.6579164299695532
0.23206874584724502 0.6540449403220592
0.2026646926406237 0.2658462385067828
0.14260317139302225 0.014799221913942784
0.347879470898099 0.3595151369088194
0.4368080647316124 0.619037898028121
0.776988063745927 0.5463505852731569
0.4348333863340188 0.8245855736388763
0.029611849693300885 0.8619774152754991
0.6061396590726029 0.556556667115091
0.6981084103016884 0.5856936310700467
0.4393596809934308 0.36824293701107913
0.9945398133412624 0.05345978839193033
0.5201432392086323 0.05657343330759779
0.23994744975549587 0.4694032499641776
0.2751599294830238 0.3650630935545054
0.8433898969953448 0.7029196269750326
0.6307227556653967 0.2446923561321377
0.23187212212294384 0.5841390877868939
0.5864135810611446 0.5625872285229341
0.12490074400767881 0.9094609131215163
0.17723032054899557 0.027636966222895687
0.7146021212512095 0.40919765799553987
0.23452375610066833 0.538730512767567
0.041169900130412884 0.025558412054726976
0.08892721190403052 0.6022319153076607
0.24802365777327884 0.8414561117191204
0.0843469675460411 0.5384884304554454
0.042576897491785726 0.6795970386450034
0.26803516724923293 0.6240931061651376
0.4333236965972944 0.597345974090896
0.9692003189519942 0.344049706082568
0.9748758428457982 0.899848784947819
0.5110248342375368 0.5237851208134485
0.573548390673337 0.762069110153442
0.12394538518546017 0.652921307320798
0.6588975814018576 0.6035135605277426
0.20862065089462445 0.057836567659015126
0.6269184183092165 0.3913985594740892
0.8097420086102904 0.3222315433842651
0.0981896362095378 0.5955664537113488
0.14810131583628516 0.06979338636082666
0.9061624694511341 0.8861084950824836
0.4872155627346375 0.15017315350004146
0.9196696172704328 0.4130269231223196
0.9151137146802968 0.9194492760427522
0.949550371873761 0.38272047405372733
0.48710707389038554 0.2727095687890948
0.2593192364573824 0.16535832703526832
0.4106429594367962 0.6728334131084932
0.7757028216716726 0.08376216768121636
0.4666845556877537 0.7696363993449362
0.3996441166235678 0.5637209333432447
0.8769555426522682 0.021385021634829693
0.41015641556252413 0.26883401557424746
0.5507192339068068 0.893361207201067
0.2380299635793124 0.8081485239088366
0.8969443150727696 0.8731976457335124
0.8685254105786344 0.8205235788220542
0.05624561658347971 0.10762162931719566
0.18099732668593282 0.7297719823213451
0.36432478611392716 0.4051816899485936
0.5616798316476295 0.9984682868492476
0.9224602726853262 0.21180131335332963
0.470456438310342 0.9647318389846122
0.29537129790816286 0.1139897937846912
0.9590937071480841 0.6651008239513589
0.561275588006064 0.32752156586804104
0.14013893177668124 0.42711710224591304
0.7848377222742109 0.8435214048861477
0.8682166630482142 0.23529849268441572
0.9096184676664316 0.42031361548351986
0.21204533984882845 0.25379853436360844
0.7350195034463196 0.0355952095215486
0.49519437912752706 0.08489276564416182
0.21902840687595537 0.5316182229427022
0.8917030784612869 0.07641823771260658
0.259714313561195 0.5092046654190263
0.02306191367407817 0.310396264186781
0.808244547758733 0.08040780725661745
0.941174585708523 0.5979258906786291
0.45427379325432127 0.043503545605128036
0.21002104031713165 0.6213667034674963
0.5364127121357736 0.11338235888750559
0.33089485975261046 0.24211324680697466
0.448008237740408 0.8660043444063115
0.5237028700082274 0.7348122482852706
0.061568357135078244 0.8448108891563093
0.8213117931656511 0.6051950920033251
0.989696425517719 0.4294861466922011
0.7907092044387469 0.08636519332637338
0.6686587666241239 0.5142521034822687
0.46375018687579783 0.4970117114125956
0.9958821275714613 0.09995570688974031
0.6779823382009005 0.28099201270051966
0.9297565687288718 0.16242653646188532
0.13481888512735818 0.4453935201735806
0.20513112418459256 0.8722550247455205
0.7905444356826437 0.5059050583145865
0.8519141121363514 0.709762233908237
0.40154776759244837 0.7053591180858019
0.2760508762543803 0.621503059224513
0.9758947343725228 0.3979948327042444
0.2574941999282563 0.8036368565099328
0.2994292528229632 0.41896495365753306
0.010628296051725439 0.5318860673244261
0.5564638292339623 0.3084241211307239
0.6807786672774525 0.9556365481315707
0.696786035593667 0.757830636563366
0.649370621282058 0.7276928985722535
0.4764131920876704 0.5925917789837782
0.49943729756346356 0.7508164952115293
0.83310152599673 0.12643440545888374
0.8553803368856789 0.8851496195399402
0.2659417243600697 0.34293403351449814
0.07711037560057421 0.43165115534298915
0.7443414139032425 0.5949305319012352
0.777265552108585 0.07636951127721425
0.7645123822340258 0.48992947856244995
0.6069006665783185 0.34346366127358685
0.4131222948305431 0.331919107335946
0.19977409118741796 0.36834492438191657
0.16001274633391116 0.5851000399786384
0.16818675935209226 0.9081163626845805
0.3579184562365436 0.3162370614693275
0.8678431576476906 0.7210422248961161
0.7130805728108613 0.4616852509009326
0.8978568245648766 0.5822909106647154
0.7762140600222653 0.7364702719724154
0.6758744957031413 0.5686485638905756
0.41806896053527454 0.7626770275508941
0.6140789222453673 0.3409060894026106
0.445633671110498 0.4619562338487113
0.6787127325863209 0.4163273649141821
0.9030556062259965 0.45379685470920017
0.4573276766209904 0.4245782127403124
0.012414589965435097 0.8568008376142469
0.996701928244413 0.28938529971425164
0.9050550335670275 0.454675884725092
0.16004570650949912 0.08199232750798169
0.11807396305700313 0.9378953866176343
0.24808269396867733 0.3020628578387585
0.7013784044458344 0.3611526337651272
0.5742500432100544 0.2944286686733253
0.8431611254972939 0.9460290538314367
0.015727860225287493 0.7175038440206145
0.34200395739039724 0.7008622143450898
0.27603458816642146 0.770118672717856
0.9295368126815675 0.8757413710008468
0.01651616972832759 0.8137767289457887
0.33140115460872765 0.9949617798008596
0.41845747309756565 0.798612634925429
0.4740723501324624 0.18371417383859634
0.6647538038212883 0.7907870146803913
0.06133235185428232 0.5912189578420368
0.5680239869065795 0.06146889468097516
0.1651460293286766 0.7207796318963651
0.16155379890931743 0.18896239954920158
0.809621992062806 0.6412962554163344
0.7860833244213012 0.7778637122535228
0.10933153766550707 0.4296196974235229
0.9773934995346709 0.40972153084648677
0.41056196096414066 0.3089344218435581
0.8966612618206324 0.9526338997510395
0.516086685563605 0.15866697803023855
0.3119770699920916 0.8188027623366012
0.9472667246451825 0.2734706329588179
0.9265859369219929 0.323789609254739
0.719361504473955 0.9036702631329132
0.6104688788024162 0.15974244798350767
0.07128282437120381 0.9219381517860199
0.5064786134773134 0.22837470717077712
0.14140964571502934 0.5522154920924753
0.8103622861591464 0.0626995992946584
0.24416857874334252 0.6709752088009602
0.5653898092573999 0.5099427926748124
0.48918694912877414 0.41237433988114947
0.35556533626410936 0.538929776310477
0.9798849591870431 0.2356097644695736
0.4695077487667185 0.558366868434085
0.638884890219916 0.4013166814657072
0.6409122181987008 0.3402692395402871
0.903240527823266 0.8189834661853781
0.469271431946358 0.16210300132455258
0.05311849572307037 0.8706952175264946
0.08541753654088846 0.18909390929133152
0.943354101093349 0.15843560865772877
0.7861176843770472 0.9027544331177952
0.7012506380650563 0.9657135791764113
0.1191295893432287 0.7148621953246166
0.8044340066586555 0.6326056968286038
0.502860489948201 0.8882817727010597
0.3752347899860138 0.3292427908106632
0.05523209926755768 0.5528863481730621
0.5789966772837358 0.5587557721121326
0.6103213633605535 0.28618288511691525
0.588821387680847 0.8617135057118397
0.7816680278120867 0.5399709057254154
0.8026395574794565 0.9996163224996042
0.23371940146971482 0.04356907259934317
0.8819364810408823 0.10877912120659095
0.9009288579112471 0.24666073513138032
0.8533309825717112 0.27019049861613564
0.5613678298129336 0.7704350553840904
0.18369481478323846 0.3689878345780453
0.07550165585662261 0.19779587352409833
0.45968636692373477 0.4090610078201846
0.44736179474252946 0.11584238613061926
0.639809311446361 0.7159140794356194
0.2977984935991398 0.48895866307843705
0.821117444888187 0.2120902051188569
0.722577508359104 0.9960398544733884
0.5677161009762555 0.019639543281912086
0.7785040642023353 0.651640965446346
0.6860207227794919 0.8155446598029441
0.7558877961766233 0.7456809958409067
0.9181808230491446 0.7256673821191346
0.6110686364216817 0.2718224667468898
0.9218559811061435 0.02544999440950524
0.9029714265294984 0.2750276541365648
0.8159273709257615 0.07988448233731815
0.25849305163687 0.39776942751635636
0.2085390270628884 0.29375666591406024
0.9229691431414455 0.646138561533812
0.6416788996731952 0.046454745116564
0.33347050562039193 0.5183999768816681
0.9603370711255867 0.7096615051024562
0.38251729435428805 0.8698933921330736
0.5424185232768428 0.13488583416731825
0.25143834677517596 0.5266498848531092
0.7831485106820335 0.46597891488999066
0.34138831514322265 0.6832541961933172
0.8721084456393886 0.09668420237479403
0.3135881708433774 0.453988491614993
0.9882366040672268 0.6318584675340235
0.9169471414898944 0.9812825027867873
0.6872840602960175 0.05765908313330259
0.3542276604499375 0.41683775655354394
0.8219355141605567 0.8276717959425084
0.9361165537982086 0.38560360389312986
0.45331307580939906 0.1315048895806632
0.13111804874792332 0.321217968884995
0.00621149221838091 0.7311005604940148
0.23801185331722285 0.2575553307101486
0.6423676699876613 0.6797728997938908
0.38358731154209913 0.8342784148243718
0.2576534379105804 0.8346580505973182
0.33385164669039025 0.7445677970789997
0.20682814642155778 0.5068400335883103
0.09743498886366653 0.24056460308833172
0.2923644838284116 0.4299832001563566
0.3265127071649734 0.06599837815151877
0.48398480603310623 0.5972834219804466
0.6654354413602368 0.9604269005234374
0.4470996291751117 0.625310596162074
0.06722680686199856 0.9963779476183539
0.6819470388236695 0.9234408297642989
0.877442575210744 0.5664660793064067
0.9633943547472426 0.704780344259033
0.6510308669704243 0.25553834039665135
0.9202983743938729 0.212998947007619
0.08901748746981686 0.8703095609792313
0.7813986360500116 0.4611360736576293
0.6682021083823511 0.2299370115458932
0.46057426903427645 0.8077235566027545
0.1040683588686182 0.301390023817661
0.07389709865165228 0.8454480945923453
0.25328960229065434 0.04702117485037083
0.8472446682679682 0.9092116364921337
0.7755967237749115 0.4745875293141564
0.2380686347276293 0.6060434940009931
0.7085514768247676 0.7746507540907184
0.13679693982014385 0.9852332724527284
0.38712175700991813 0.623046099292341
0.4175072356522349 0.7194304705671537
0.10714758232019661 0.8992600531965347
0.1379133196629594 0.11598588361782958
0.23355403578633727 0.5261416517120845
0.15868699121546892 0.12523294315868894
0.12310288359590915 0.38589348735389284
0.5943377264720111 0.245084151756362
0.05007466400188165 0.9932586765893967
0.7619173610888346 0.758212529303439
0.3409893543114284 0.3113339288337418
0.7040587434057195 0.36657457802149285
0.8346509356677159 0.8400661184953577
0.7868962522343041 0.7723314643578889
0.9787183773419315 0.26656538659154605
0.6561684492048931 0.446268464804511
0.8077332851100203 0.26890405698524145
0.6115848281651493 0.3013382799008253
0.6353690762626762 0.7039925070212334
0.4152279658722464 0.24172173076717662
0.4950720695252704 0.8586017398972177
0.041397455736211786 0.35998727575049605
0.5098016247564925 0.8977613293873619
0.34229053849854196 0.9822505941981201
0.9164269330528356 0.5036658614091636
0.07990969328037378 0.6628551551502206
0.709348430910427 0.6503374691174932
0.94404392116135 0.7235987693395043
0.40374322577130406 0.7468925231157104
0.39886350006123994 0.8724484842768527
0.651185577576394 0.1437692031300295
0.9560463481602521 0.03309111197819914
0.7869510588446944 0.8576275473206789
0.2868602791875463 0.7451441639993732
0.4095280302769244 0.5001019708893115
0.6135455486968009 0.8932731484276399
0.9794687304596756 0.8475497695511502
0.47888152273602946 0.34181617006822385
0.9777458771905752 0.11236010242756356
0.5216023213924801 0.05270305713327206
0.027015574435453882 0.46012150331484514
0.5016759584729977 0.41850991190341524
0.2292026859702001 0.2334947174628701
0.6061114505087601 0.3433666533353308
0.5121084418494382 0.35969851833193967
0.2775242191578964 0.3093709489247145
0.2450256577470704 0.5023965871229437
0.6139289123282043 0.14181135075752027
0.5873093517424348 0.9229341104107873
0.6790119773688106 0.27365233700563185
0.12910617463790386 0.5002727670142155
0.748112333261661 0.34466882989939673
0.33336153883117303 0.8569286916044587
0.04495360315345276 0.5738621125658754
0.8221302881234875 0.28379469054358286
0.6661154807232881 0.6097915730590651
0.7983368345272996 0.19745565931226183
0.9841294410580774 0.9684668816834296
0.4572927916357763 0.9221548245639135
0.3518784097690051 0.20599399671911445
0.8533475349622204 0.011787232492767918
0.8552278296932154 0.9338910023694127
0.27681860361981125 0.6460551941815165
0.25766751362628626 0.8401068721210501
0.7661724076255094 0.3858834318511426
0.6813103331247301 0.5037862043053303
0.22740810633478636 0.6970186069524027
0.708928488259009 0.8383226541748552
0.773831453207974 0.7231588044706938
0.47339483151735884 0.8106805653955993
0.5512857077453039 0.7694718686775919
0.6573805040586034 0.030557955854725094
0.5862988863723013 0.4835309589810173
0.8956105095316842 0.2067117457382086
0.43291363872179334 0.4976835069611545
0.3984580689260071 0.4703409326004322
0.5209627482690782 0.8951533014342514
0.31100833732535627 0.6873464460292869
0.772599514820131 0.3328554766649885
0.8504353538556029 0.8197287119238681
0.6142788133936514 0.42299824926029683
0.48959527326374297 0.4993372409809076
0.46129037895961544 0.4466386253889134
0.391221022616526 0.012169150209200286
0.337212318972814 0.10638439758439078
0.032648669475397796 0.3018545579636298
0.7170178541826744 0.3487307043292769
0.4709455601607826 0.7966003622095832
0.4863382000268879 0.5927428285514365
0.5860294868301048 0.9826551110379544
0.5014654541432921 0.5390439708412804
0.8136314285687323 0.9537782042025933
0.5185305847130963 0.6644549129445096
0.7815567304828637 0.2219328465273629
0.22555524113761627 0.6705124548002179
0.430317713130534 0.17049004679551372
0.18774869307308917 0.3885423505471668
0.936882314205322 0.3340579679275326
0.31433434367428426 0.875676185693079
0.5122926015422251 0.8017672065525181
0.9158539113239621 0.759289888114443
0.3692307636971133 0.9022933599295018
0.2070030191744554 0.8328108250903836
0.28575561306119956 0.24568701268455118
0.9121033642051344 0.30803919651742495
0.13698413689871325 0.3862701412782459
0.9788290284086971 0.22559278729305343
0.6361510799283867 0.0648283652469055
0.4637518218622958 0.0808725527018268
0.24261893805782697 0.6208329415923954
0.24832751251742113 0.3523308663110749
0.7972831563624359 0.6794093302984274
0.9045744073104682 0.6581523209189764
0.8726436887690254 0.5740374891667253
0.13467012593397087 0.981604871374254
0.35985820597783835 0.6832213807773655
0.8733650303792599 0.9102534916158462
0.854177785884753 0.6351763615139954
0.5440006402078512 0.24381784324494116
0.14737690091835876 0.33786558586782034
0.3939006168039776 0.3581950190260026
0.6587856527004328 0.29551470049357853
0.10472706613331861 0.2223203225995296
0.8169910573412953 0.7985343035585262
0.3730740484730992 0.7105665392138623
0.025590787735048748 0.0024123491253675855
0.3549567150859274 0.006907801470039665
0.45021934922193085 0.49319452548884946
0.47957806699299943 0.9162523163200027
0.19649860419436926 0.9343514625886307
0.9521046378690781 0.41156108437660754
0.0619207896292302 0.20431701606370867
0.9904605680297682 0.4544264318725917
0.357021520234144 0.025314724333495464
0.11293750447319884 0.3252749104995609
0.5170397372137052 0.42254838482116064
0.14478054497047954 0.8621990674148106
0.2847289538068545 0.5005258793083309
0.2968165205954343 0.45019314753732687
0.18295554595830033 0.4984838707244781
0.2128624990291912 0.08820573126603848
0.2441842117128714 0.14729818442858522
0.6995630987427759 0.7154596308623535
0.5633628242101594 0.7093590722305549
0.7643912216860804 0.512547331152132
0.22968383691478156 0.7404446083259859
0.8340724236701347 0.6457820361925206
0.2602977402215223 0.4633036589789843
0.5377544476542253 0.5237480396642873
0.5610628343816613 0.9931942019634863
0.9835924455487928 0.23296118847249558
0.5637215279182182 0.44406967646534623
0.17628552447012846 0.28766630011880157
0.3785654800732674 0.044560390382160975
0.38594102331977953 0.6553211140707982
0.14741758694201512 0.9371785014517193
0.29503525620307003 0.6291138310674242
0.9485732403642224 0.5754116857550071
0.30657958110943184 0.13973361008068919
0.5992966141081615 0.013015269139945884
0.8560393795321144 0.40753797982248785
0.8329424055504588 0.4911078157750748
0.27932311720220815 0.48909012836838905
0.024727542606240105 0.626372327565428
0.23292998597113512 0.13592467498100635
0.713890873992723 0.11605680245907757
0.4361565272556718 0.9918697533660092
0.32977464147642643 0.6848591202803027
0.9380169267486529 0.8347662570521805
0.15634619311553966 0.5711550958592853
0.7143680284620171 0.1650818619983332
0.22494501692847813 0.014846527341490612
0.83029716226548 0.9704619696562615
0.9248925073061851 0.8438947359904925
0.4965617596934997 0.10093374217367912
0.07244835281200035 0.656752749352199
0.5345298179033371 0.22616377308952407
0.7889105411407391 0.8771789984231908
0.9851070794240357 0.042705106956566485
0.07059003111822282 0.7017982939101468
0.22717731040605638 0.9813412046122894
