10 4 100 5
755 804 794 805 821 726 788 811 866 833
751 921 888 881 885 797 833 891 827 865
864 870 1056 936 965 850 843 920 884 988
927 1047 1115 1024 980 929 940 996 977 1150
1043 1046 1280 1095 1081 1046 1073 1136 1113 1374
1081 1214 1383 1217 1124 1009 1120 997 1031 1190
1181 1367 1715 1336 1171 1158 1091 1093 1121 1103
1004 1216 1410 1231 1148 976 957 900 920 1003
999 960 1197 982 957 907 840 828 901 847
925 868 1093 899 889 891 916 814 906 824
5 9
9 1
1 8
1 9
0.9734460455654648 0.40611580600148195 0.9372617521644786 0.37176805191015017 0.4454181309417591
0.46648201158221303 0.3420765332439201 0.8306062022133613 0.6588602822726751 0.3079448866722595
0.6979365984414301 0.6319525067171319 0.46867419730216764 0.7295280494989415 0.3154897807799933
0.6133944060363958 0.6449033999785629
0.4009470075289705 0.12634722579906987
0.498535632798893 0.47009782461934835
0.8776199151470372 0.2903271377772676
0.06254351980722461 0.42522475459088205
0.7168269190745922 0.5415846810901614
0.20791555557988484 0.5721141044974987
0.05652751335588779 0.6886577400895109
0.1700835667748697 0.2093326136891389
0.36935520906709884 0.31260862313542837
0.4313169474494778 0.7556707283607753
0.05370645562129295 0.8931198293269562
0.07960325095463339 0.16986442231019527
0.4347385554660357 0.24316943088339027
0.771474627855981 0.22725640398187918
0.1950776886649468 0.2848824647763637
0.4195919075226724 0.0029131298412450324
0.6940898399811111 0.07930533020765052
0.6476200811862072 0.2737947091186148
0.040111407016203415 0.818012360830257
0.9770774635074222 0.08785875657966158
0.11879424625092216 0.8570438262581697
0.3033284372568439 0.10659799283530447
0.8548091751386528 0.7920941562036257
0.3408549883202736 0.8846267270991026
0.6008953792935914 0.9176778796305072
0.9181264030320546 0.6181108587042841
0.2950591117941823 0.6811029049475059
0.43631561380590056 0.6699280181907867
0.530487227915599 0.7312508784118203
0.9861104741024276 0.6368602594958246
0.6446154817143881 0.7868659536816787
0.27594067832116775 0.3709782260721488
0.22760555677635508 0.27602724968149306
0.6325696798154881 0.6730601030280416
0.5527572946226345 0.7863776479538465
0.07478700361122703 0.31829695556066717
0.5022279751047178 0.42452147229334325
0.17627907838025503 0.24056937872102435
0.950630364918547 0.6018084593724133
0.5622745419093746 0.2735976708630963
0.6859082711808717 0.830378398542525
0.21802752696313066 0.7680267063941895
0.20830783930510632 0.16574208971503124
0.6415421023706604 0.8361338786373267
0.8581026977307515 0.5947914578590108
0.9193022027578643 0.8359330973439933
0.7372508887209124 0.13594059067835085
0.9909630951280268 0.8780657804744609
0.8405694184677976 0.32058387628255147
0.7652533137534472 0.13049178755382984
0.27433926544314224 0.5250444912526597
0.3580487429379047 0.4212118045575066
0.2339131234952776 0.5255507012894711
0.5446430803823337 0.8925336373148343
0.26356900274277595 0.20874468524914258
0.13514397503155307 0.6009558383914202
0.3810084520075496 0.7085364773589542
0.4260618434524128 0.4946081606969053
0.76868300699908 0.7987676107222363
0.42454065134927577 0.7475078229121399
0.9069925617177168 0.49330541623321866
0.6004780316739491 0.04406298575067069
0.243863040523999 0.31077869300685124
0.7654168969464741 0.2667624707003151
0.9870887186516211 0.21208414954175758
0.21723207462069438 0.439580787888314
0.8058184179245551 0.5515125477422269
0.7215574189715397 0.8586943508017992
0.5021879376206428 0.15368388415793022
0.17573093754173952 0.39058332818611685
0.4050414163870757 0.034930829663115226
0.008251500114827115 0.9868833297552642
0.7314449091481341 0.23545559593477172
0.06263116088164766 0.1244800494746312
0.6350556098008389 0.6773548197742119
0.9212472889977403 0.8757711594916198
0.12757909321113559 0.6156502834493147
0.7156359535296366 0.6298188293528004
0.3338194939521175 0.13142311358168635
0.8608146678157507 0.21870256997892956
0.8853703823089472 0.5279510342135019
0.9539211057060304 0.23072013182828965
0.9382706554569984 0.42785525440723915
0.8512611649692539 0.7481017146476814
0.8326593760816281 0.1084763511848823
0.6649963220194515 0.7569644764607588
0.10125287707997366 0.9692461851344047
0.5413665585982965 0.6676178121991589
0.797787411448798 0.48956960005651995
0.8974885545967768 0.6450295020796857
0.6717627915153292 0.6967396930437508
0.37623312733110126 0.933228438309738
0.364815936055747 0.3264253107486097
0.19062307581963234 0.14720599072871465
0.9545703774816514 0.8142020769401583
0.9802461829584563 0.47518757687724245
0.6647269267922482 0.7027538366737429
0.24366410180631282 0.8295748285021902
0.38581247370167726 0.6939473669959484
0.7927784917556897 0.5229471618175456
0.08533675827448017 0.9672463884661027
0.39439398627987354 0.5498525187757413
0.16603932704997781 0.3688533221595862
0.29182204371601816 0.6032714527350753
0.29979402081782114 0.7029126005749773
0.20038339940702565 0.3535845974599088
0.7720062120349576 0.2999156692798768
0.5265913667290198 0.8941957392891995
0.45469623923500513 0.9943161942393886
0.5245154404658237 0.035270496228904324
0.26333091792247054 0.8238748543903691
0.6426204218994969 0.3485799652646804
0.5246728701741494 0.08636959573415282
0.07396222693408117 0.7688072845825498
0.695081402929046 0.059979226838577704
0.4739261512259778 0.6580630359132575
0.16382675408941272 0.6087383991874931
0.896640339029092 0.4252854732451117
0.32095886972304255 0.32726717179320763
0.39570205977550854 0.6607028440745075
0.5896071868423685 0.8533466572174919
0.5756330453633596 0.5611674661043413
0.33396859318009575 0.5032806724449324
0.9890815808329312 0.833400805912965
0.7589697063008269 0.17758005542504662
0.377447546562641 0.5844434424140796
0.7426847047124414 0.18068395588745734
0.45838024057973326 0.5452245606211326
0.16731173767380692 0.6337050756571991
0.046072235853463095 0.5342794212020647
0.7842981407419749 0.51961694239343
0.6535227649765072 0.13683241327975382
0.8180631851823337 0.15018714659736676
0.2641910054858789 0.2804410919580551
0.30039934158057524 0.3355557943840395
0.18976283987227371 0.13153478013330666
0.19853418680107104 0.7859633249371574
0.25947135384467024 0.9143461052815232
0.09150181868864049 0.44992644430549955
0.8508052746197801 0.6301418962757432
0.6095417968996735 0.5130389512141678
0.02693597228084066 0.8187988758743934
0.08390095856943125 0.7855826062280373
0.7702529734861818 0.6825707692256471
0.3775306514429426 0.22923080708760124
0.09450158274566345 0.5362388936286855
0.712868016276109 0.9357027766788435
0.5797127727113007 0.9795315883354632
0.2114680879606976 0.3917228926831031
0.3425515913527615 0.5080604249596692
0.7830875763007503 0.3420170322759626
0.39011241080920245 0.6255794460841129
0.8537463674533676 0.41665119364214265
0.23987239825047912 0.64339277102483
0.05180729971600506 0.17349518972967082
0.40820351621346296 0.12233788355499842
0.1021971489827147 0.6840843447895024
0.380593471375934 0.05463032340843066
0.045439319085680774 0.08196029584302966
0.41104010100075294 0.47055571004350805
0.6191229570229384 0.46177066983116033
0.5855800182293016 0.054996392576605935
0.6550534441176461 0.6150032117855351
0.004322797945052637 0.5110190846552396
0.9378503422473246 0.4240773453987945
0.4322808047969684 0.7983426034274004
0.8113618357099404 0.6183742333613647
0.3476468828882231 0.4731972699925384
0.48599565078299056 0.45433599058040053
0.500045095840008 0.4743955358241039
0.6596641654772206 0.4031286740995004
0.24692433291936666 0.5495177490699976
0.6273538372933631 0.6399813889730759
0.011664618730165444 0.15796407384104993
0.4204754945402631 0.026654629968334786
0.983997187663999 0.5586530320664658
0.7361766019355369 0.35132373354587476
0.4861079046640042 0.9955604372249531
0.9493772360127983 0.5316220624849688
0.8965621309590477 0.813290743687789
0.6249469573318098 0.353460155286317
0.3069693678124583 0.6796946985476415
0.4580958727384641 0.264946979822549
0.9650015084083536 0.01084334043733337
0.4118030108546571 0.2879119331302067
0.45334212558744946 0.0035985479937652443
0.7570948519452843 0.5511708857181079
0.19055068704334044 0.5939555034350963
0.08186885121133991 0.07564491718009103
0.3065350817496466 0.5535392027968271
0.01828820296501088 0.18292418026291712
0.8670922986199732 0.5321816706459745
0.7690078382582106 0.4582348068293305
0.23696974393935366 0.73020047631752
0.49966715026170205 0.6485825284994424
0.10811905206390882 0.8307689870425821
0.9544973843578948 0.6465549255376188
0.061954734555739854 0.5034781597222178
0.18388501901522125 0.5933087105608092
0.9389817066429731 0.5049778075364355
0.3333462898660642 0.3447171352507532
0.7806723725130031 0.7409330533745724
0.08429449057016392 0.5844406930144588
0.9384765416887821 0.16145231366501966
0.07600960261067091 0.09000048794228022
0.10963772232481794 0.28572251049002473
0.26848058535813335 0.7871499203249384
0.0016888592389336932 0.2954658473633509
0.4267499682958915 0.7728670843838445
0.8848083905881603 0.15537143136678155
0.6867014105856535 0.10518679815710419
0.2750643691249397 0.7362158663698464
0.81117792830249 0.9366093124088775
0.41366056325389566 0.6005210691446379
0.5881583405747945 0.07080994724399248
0.07227945362614019 0.21686872952779135
0.17301920240580504 0.7325892632709867
0.29157274774835695 0.8061050348640093
0.3141616620872083 0.19030260948135602
0.11065357491496197 0.4280710558526477
0.29300130382904044 0.4251319725579632
0.0839831925612331 0.8399554871491257
0.24100847098494738 0.4696403852374438
0.05002377820048398 0.19249220887097107
0.7700446931335725 0.9763501635174854
0.5722850022689028 0.7654895280224747
0.5283261085619644 0.9912583930733818
0.8609319203699373 0.31525271954946743
0.21588188877544412 0.21004997807537573
0.5932607429804477 0.5668572152645683
0.07981035447485696 0.5254182492674704
0.5175780025042547 0.4781274265695583
0.5512318444804907 0.998744122152383
0.9378528127629449 0.16982126906979622
0.446727002246031 0.1998606282689348
0.5975597117024156 0.5400124234243326
0.46807558814145334 0.9316667861491206
0.8244288740248595 0.12317324192533308
0.7615056158471425 0.3621104599631071
0.9264035660757719 0.9801335760578422
0.2035271557321936 0.6162291024806987
0.45828222566263555 0.8580034727864136
0.26367879238357883 0.08248307528377441
0.37392274286408766 0.638753307734534
0.31381563050331995 0.6751376108722116
0.049854873466301575 0.6628214010316611
0.44306458737011867 0.41469782388595466
0.6627784994470982 0.4748685092222862
0.330924976839009 0.30623268249859836
0.2782925830199743 0.9096222440647528
0.8185991986533687 0.8554706337763476
0.9077655902925872 0.42851834074876316
0.49055149028297707 0.3324042424460987
0.44428649615417815 0.012239034823891659
0.6809263139494115 0.30206712417350245
0.9404285200815574 0.19661388072145747
0.6984469895602508 0.14251267334104267
0.4707392692838299 0.5749973785236067
0.5150819740824855 0.1536566184256427
0.6136562909962415 0.4324929405728768
0.22243677489297964 0.5550226701865824
0.9634815529506602 0.9088350926870132
0.8139411708168025 0.5318910952331792
0.25063490171661873 0.6497170459890238
0.6784737739687887 0.7998218773993888
0.8325320548857453 0.9925394021139398
0.8827214626685762 0.9313651777650298
0.8027814084808393 0.9576998028840125
0.5671174210846897 0.9562586954143177
0.7911559689125922 0.6548925834228401
0.6178505363668791 0.5658477023748449
0.9128471831352414 0.35521466272004765
0.23628575374782979 0.9527110396054477
0.17255193348986064 0.3563902559290817
0.5723664850384094 0.7244429768287548
0.276162226261752 0.1842790165949184
0.3688766289757692 0.29968385176814016
0.7228018386917137 0.4192976258438492
0.5116893073195672 0.4202590573177867
0.9570371739162318 0.41329261380700677
0.18321800035062097 0.6580931752280672
0.23118504259302908 0.1789369530962015
0.5370743123043036 0.7190317451999935
0.9786175942260202 0.8160457137585146
0.42938265930607566 0.844482611767198
0.6625483236123193 0.29790839657078116
0.8254716428666609 0.21622946875386662
0.7030687949532306 0.43996647766584207
0.3797571182880475 0.7836492647894762
0.8578748662109612 0.008303712787678386
0.32800432477198616 0.2757221281903326
0.5854609103626804 0.8380034606695062
0.8420705123822763 0.7860025513348476
0.5384103794555724 0.6630178850084383
0.8070919390418785 0.09442812347647433
0.18229430035367145 0.23863406289653577
0.5453258914265708 0.8234591770196595
0.4626572669577953 0.323223579392794
0.9998283544674429 0.8148520401750128
