10 5 100 3
945 1005 808 1003 790 779 788 812 864 1037
970 953 830 1047 926 1040 976 952 1055 950
809 1007 1009 897 873 785 937 991 838 976
926 746 929 941 1007 817 989 877 754 857
844 854 1000 1016 948 934 840 987 964 900
797 788 813 779 923 786 877 940 941 903
950 1013 1051 922 1047 909 1745 1058 870 960
855 1044 797 759 929 1754 1723 1685 831 1066
879 914 868 896 1487 1751 1578 1694 1460 789
827 842 920 1031 829 1546 1704 1659 1057 972
1 7
6 3
7 1
4 3
1 2
0.6685226703999454 0.6098304758875797 0.5695748756895289 0.30228934084711667 0.11162708870741422
0.5941179499122737 0.9913720233143875 0.8081737230580057 0.575902973528863 0.481121937411808
0.3169120171060515 0.9940856104776135 0.9775651919928985 0.8188255580678547 0.42386524134496006
0.8642258321779412 0.3611916071934879 0.6571241451469216 0.6708774427762074 0.236221730513517
0.8317192782454301 0.3011459183921048
0.04482069942429079 0.81672096300644
0.25024387331222053 0.32129512683348116
0.5808846620425954 0.6937378971921133
0.042061107169238054 0.07996723245250337
0.2482096122902564 0.30200699860521896
0.8268502408725937 0.9864225525731489
0.49101348094872255 0.3191873397762195
0.9918585897439591 0.4808263879868293
0.9875908171573649 0.13256297107413828
0.1601580293769227 0.3656906978398893
0.6792324104174796 0.21406806383920296
0.5802901509496148 0.9771758081674089
0.38436492770211594 0.19418188178761397
0.6590769900011055 0.940265363410733
0.6004627336656712 0.04130075042808912
0.22091930838048635 0.44638153105137457
0.7172816023148614 0.37975038285045604
0.19595631560953874 0.09687827963365736
0.28252696404662014 0.2213863708593542
0.7880097691176056 0.2101051351461516
0.9281386475849716 0.9745293372521628
0.8168407112517484 0.2912415604832228
0.5125072707966596 0.9418148050903694
0.3868121394786781 0.664367689681332
0.8249016966208464 0.8747455694983528
0.0389392167688114 0.2317810732582839
0.874134796108518 0.48321318171210725
0.8740429481717902 0.8495169606983339
0.09905986786655796 0.35695551843299067
0.28591855619779083 0.7668411900079131
0.36927563955388054 0.3161618525683165
0.9524830115042813 0.22518140201851877
0.3229707502431989 0.5826786830134862
0.6185675708492482 0.42813984355768
0.026594026954049 0.15812129943614073
0.6469474641568747 0.23241854341372803
0.33257013003729163 0.7849767330603579
0.003294126278050147 0.4887415129827324
0.8912562831513882 0.4043924416603766
0.21237989017848724 0.39161138002574214
0.11159849808766453 0.48697041260683593
0.3698833485526709 0.0766504620254127
0.04382242698408545 0.034189552405745616
0.7941394644624944 0.30682970315222424
0.2392160150325049 0.8309750651758554
0.718014003176817 0.6002615123168484
0.2385333038605617 0.7419707193682858
0.24407006432770295 0.22692939939665546
0.4202960279132948 0.7437683930553995
0.9107995429083335 0.03135172231794625
0.1074190511387394 0.7437934559695334
0.9668139071523487 0.7086890821921397
0.3225771498086014 0.939232955128595
0.870007115308765 0.9316050250174952
0.3726496300024229 0.6848880342872021
0.5268412236505442 0.4490074333836913
0.5106209682947327 0.6801209033579103
0.44808448022156333 0.9792807762664253
0.5011000307822937 0.7441648090391149
0.5419145719667788 0.37351469033816476
0.33516564183055686 0.9057569307867726
0.10441543773972484 0.3313255413823515
0.8755955095552248 0.19159860680725238
0.7698947551640596 0.2555925265012928
0.31250520709721497 0.5036952005176678
0.053181615959314144 0.6365345449901991
0.44214887770602274 0.5697390670531366
0.42169774840014007 0.14407391678259218
0.9725861133746443 0.7891102681939688
0.8348254844595451 0.20972975929492033
0.715308210593864 0.6821166533110377
0.8841763701464513 0.8075327987030954
0.20207480703909542 0.6004525811419952
0.6831756365740451 0.39029827186693544
0.06149043444448821 0.5498632943857522
0.3366028689626466 0.6840127942573113
0.2648751481171878 0.6677449011183647
0.11863626811721262 0.12726947267414523
0.8815919857718797 0.5282230610689191
0.07458910655235007 0.8837768858193766
0.9962685993122922 0.7539568915400576
0.8847553267419133 0.8792512980895164
0.21395504966225398 0.6795113713534264
0.3643655658456557 0.4358576412619617
0.5425026859445201 0.089532862439482
0.7122116306159705 0.1803193179429139
0.45345889692273755 0.9388475376655936
0.7934375121877384 0.457859333621808
0.9561069322173938 0.5412257611822286
0.4226665316133884 0.7365463247129291
0.827353372343967 0.8095160553421432
0.20252654264523473 0.06222253046041071
0.17315141476073403 0.8363969999264511
0.009847896592634964 0.02727737707667588
0.17766927272832977 0.5627787143283833
0.7711434679372529 0.7989817372011505
0.06963813155106702 0.7246708050581121
0.7683724631824931 0.9655844447320143
0.6806977653013142 0.27727250837841755
0.46211883584285873 0.17663712963862532
0.04164272605801611 0.1586483661200797
0.5548047450129725 0.8984053362762465
0.5767715846372363 0.8320063402284388
0.761689345854939 0.036429071751759246
0.657089498611066 0.02632225124423293
0.14089435878752266 0.30563925306649553
0.8905072166771113 0.10964260191740549
0.9525447810275622 0.3086337329565392
0.5239810161388774 0.562590154069418
0.7578452926686194 0.11122017347437829
0.015141848161460247 0.9523513086621711
0.6217220523431517 0.41527687712121053
0.15208231652729198 0.8903958035471566
0.5836487910237469 0.7219111166175673
0.9936155528065573 0.5503406222170919
0.6059780769670358 0.16860220572961748
0.5665503755348598 0.7757220645687666
0.7162265762435689 0.6285299108657827
0.9018083111445425 0.7668270300981295
0.2522992704712772 0.28262058792105105
0.7162293417919461 0.6683652435668279
0.6497217970168963 0.13619673994454184
0.7536370478451797 0.310010424657025
0.5882127373205948 0.6608593388596113
0.9015441534984348 0.03170942897161355
0.24287468207761176 0.5002697053653293
0.14094509690089407 0.3040763463846099
0.8447331950565451 0.7710648565275597
0.4744383018003411 0.9321976950464992
0.9339027008345491 0.16436114440917726
0.23620581900501136 0.2544940570883698
0.563391549774729 0.9228361195333663
0.4654543249663581 0.1373112359740305
0.44835216658997323 0.04836946834500111
0.40801149192921615 0.17859558137762122
0.9369676954900883 0.6695141156816007
0.574003896790066 0.5368835251797339
0.8088567612520596 0.1623293363243521
0.7688957732343715 0.8662977362893156
0.3894654008811693 0.5460717815809903
0.794427846223982 0.3279137650919972
0.8046624414316195 0.3679207025135012
0.14031579204367306 0.10985075512102216
0.15275466111641833 0.6684188967675728
0.796867263678813 0.5259384506829408
0.37195322023546384 0.822775537351476
0.32187357746106304 0.1647260986896788
0.5463453218740344 0.1591302912234196
0.6693061008206667 0.07028292115502355
0.8816514998247638 0.4809811067297247
0.0342100089956896 0.9920171177909707
0.43128591571537545 0.6688787192695616
0.5706268733129625 0.38655781607463546
0.5136034790487243 0.6929061378126451
0.5946826748716731 0.28722807350711776
0.4238475634494774 0.5132058668421362
0.5405484620685577 0.711799333005307
0.6461846475426254 0.6749909369431775
0.8702633204525534 0.757143021469818
0.7666310258706963 0.23417350991813968
0.7458157798232008 0.3741710370789806
0.8129755253096542 0.8963901322896701
0.3074289785221396 0.6645477529535664
0.730071865735004 0.6818950123464755
0.6033706709435724 0.7014884373347905
0.53825230479145 0.45186302074767637
0.4131164383874668 0.8142652961841079
0.5059780171145598 0.3820989701711486
0.988375640072737 0.872265121736904
0.2853251665892389 0.39986284028536345
0.4021547135604888 0.3591501994174986
0.7278388887882739 0.4737280708290248
0.35263554250682105 0.18392303932614795
0.847008081878313 0.43102665378820215
0.37347279340324935 0.4883539203667888
0.47017941983119926 0.5859023615321302
0.9439418912313178 0.11996213321112514
0.4381931612384389 0.8064118856254578
0.6837200062719635 0.5807900663776746
0.36207054285159956 0.9336551611555011
0.7161490906692456 0.13548574564833848
0.7775832681172965 0.13292092987813153
0.7908757178884864 0.13659977240064647
0.2705958647334137 0.9315411294509157
0.5420266820744035 0.8971237321026877
0.36221988982513564 0.1674559702430638
0.8668518216382242 0.03290571123054531
0.7164290125991171 0.14892586765374305
0.9045969034205501 0.20182725253072364
0.9265352594288494 0.9833059294275204
0.764397603728606 0.8783856614080683
0.2676018299167251 0.41783560175268497
0.03539324385370679 0.9931735546007427
0.7125701989968498 0.8268475084100482
0.10194324569896973 0.3851681040485979
0.7148131020584945 0.2539184250546398
0.1807468461274424 0.09143705682476311
0.8675643102663375 0.20619052574749985
0.4701027350330922 0.9362521147527785
0.5943878964331966 0.8024179561492955
0.3157241748138393 0.09565404890650697
0.9905989275983322 0.025310042615783956
0.464784452444138 0.37143741544391395
0.046035468928965706 0.7305570484202726
0.2552478136912415 0.03890288444664214
0.15114640053255646 0.42683562224903926
0.175074209145625 0.6090020068187281
0.5447629104213481 0.2509776228820577
0.4840344708469164 0.2986757816053687
0.5874474847648472 0.8468175802407625
0.2919394521431524 0.08168779495360678
0.636194195774834 0.8904952549408474
0.5427734912701265 0.3053679022030211
0.18085245382028314 0.3856462040653472
0.9214547781248528 0.24528414165753598
0.27153372754984506 0.9076342183603658
0.8810213310859543 0.162196708800034
0.01605698292202007 0.09283543022115048
0.9935036000514779 0.394877188836505
0.10002251996106337 0.07740670161427343
0.6842548237876973 0.07148423342799304
0.6678524803258972 0.33687371033712443
0.8712386294443748 0.9160169618580436
0.442520361725369 0.12578253256453809
0.30345763524130387 0.8949930175642529
0.882928223698001 0.7971869253652348
0.8907006900430876 0.2174068839124048
0.843891802137049 0.4618092002363776
0.8051991237179352 0.25212535834742145
0.7816151192067573 0.44659763346380843
0.277495683714174 0.24098212820791187
0.052875040746682034 0.7492000737070132
0.8093585855620076 0.8601213040962494
0.11160130085321796 0.6791157929386074
0.3828800286424381 0.27264422144348854
0.3459687476047233 0.13184627462232656
0.34733747602700915 0.031154553154022713
0.7597653785465615 0.48064566904484796
0.964686988339555 0.046370412412862105
0.20461165663389203 0.3326788821814062
0.838784175561955 0.38796423907049804
0.5924554051963575 0.015343395946208815
0.28648151186931226 0.5670488705062058
0.18160068797878415 0.6908729950697734
0.5156469953609653 0.957291898472624
0.10268969791746851 0.9426807452146491
0.592346682665033 0.3085683720154355
0.02290307468705577 0.8165303923325891
0.6981186089839986 0.9538397562132657
0.3958265737407245 0.6931875203786786
0.5629295927548295 0.7304803975906016
0.8414456797810452 0.16084482397409738
0.05503122500789526 0.2679324004268744
0.5121049753778135 0.13005837513994067
0.2864055979407323 0.1397743836019787
0.5151292650348533 0.24014423409741825
0.6297799649394342 0.9607892799344908
0.25473210273467006 0.26677946862661384
0.1804891878872712 0.8748186025691245
0.6494736557571577 0.24485291189773672
0.6740172039146031 0.2569796625000864
0.05461188420924312 0.3568784626055972
0.04174617064504016 0.423671724603673
0.21383307804556706 0.9185591318382866
0.8832811153826792 0.49796346586660856
0.9272063111129789 0.82921254712337
0.9078324066795362 0.6768673813926176
0.4326233984688581 0.5561103807623105
0.3349064463661846 0.4394086174560894
0.7574767102567563 0.1683931053159906
0.6023351601573645 0.08539495093960725
0.34516578147750887 0.9431149321078687
0.5479764622673886 0.3254116426366407
0.16173314691236285 0.34953388286756604
0.7376416865436135 0.31132164219879854
0.19340478397720018 0.6412024116458805
0.5719538841297409 0.3737200818587356
0.4385483457539343 0.46085009736477023
0.03913013360391582 0.9647405151932582
0.7650979033238845 0.08279306577113865
0.7909608133190453 0.11158567366050653
0.47144505719326446 0.6592363717034717
0.3218964927735679 0.2634773696903694
0.3021737099692092 0.9147488165971056
0.12553247538405077 0.9490810316000009
0.3700789278314083 0.6679304573274896
0.4713054023330221 0.18019996340989075
0.24485527689261155 0.23672220189055193
0.28357413517892427 0.9197343334517387
0.977282826770854 0.5615914996201528
0.4595464739431001 0.17445468806772513
0.35574907750600215 0.5916932006038473
0.13226522070920166 0.21923863164428226
0.8840522257922074 0.2903482137218578
0.42332687789138457 0.4300972019666516
0.9140878992185437 0.17373083592988814
0.2331409388393817 0.3085823113405308
0.9993399070353592 0.9463171639782824
0.9953592527411688 0.5364501522243845
0.21744366974971197 0.34997813364442565
0.18721991833392493 0.8135411228621181
0.7972423438999559 0.6905560079497721
0.4297638172346374 0.24441927379359574
0.05123502142366565 0.20477747505463095
0.6098456422539595 0.7060622186456869
0.5889117762247067 0.6791983075768497
0.7513578613487581 0.8797685728614384
0.7428314291358837 0.03191636383470908
0.8886503464384263 0.5754069634541858
0.3431870621346804 0.5373925523364806
0.5165112401385479 0.09165695892581782
0.6872105615207798 0.018236873512568197
0.6422480898865679 0.5824660977116569
0.0017208909181105625 0.35597248699580275
0.491751251691545 0.2573318365683399
0.9839605254258008 0.08495799692538575
0.719388407300732 0.19357100517509807
0.4259068405634634 0.7329316090332163
0.12214030814349486 0.7625225533310176
0.9472503077026486 0.06694702914111827
0.5714965447450464 0.5324965904678385
0.3772204621119759 0.28923094216332523
0.4833198392192175 0.480825627806158
0.0015613426798126717 0.3865133596555166
0.663736434531585 0.5772392610511847
0.0033564254513946956 0.43242059477837724
0.6516390911613155 0.04125243837381487
0.9925431015947113 0.5352617322034683
0.18062221291674674 0.6828373634751617
0.6304585947842396 0.23335624351568285
0.7287233977556962 0.32870837800467156
0.582357172780527 0.849010585187866
0.31473966532715214 0.5831494538598334
0.8613109275498676 0.6651919622159097
0.7806837215698375 0.9197310296410588
0.8827417087308331 0.4248375119348573
0.35926671586841175 0.009741500439395256
0.49232436544578073 0.28998043987151134
0.2205672503769598 0.5638146120860754
0.3758978618952138 0.44253482681234857
0.633101179470485 0.8333468022394084
0.1604840956228828 0.049673254626063645
0.94646334987101 0.7446890032562807
0.4045663985762218 0.04222878385021578
0.5316403775454861 0.12748497627472077
0.7306982054470843 0.7980042616619154
0.6867726266593248 0.8464581740879984
0.753341754503958 0.6962551288638463
0.7478738299667058 0.5395214403479076
0.9362348278965655 0.7909948175970407
0.7283404614502711 0.38294935005974673
0.09796219036355858 0.48894973176267453
0.8237380746646978 0.17053202572483683
0.37628646519779396 0.8287336168164865
0.02121092676596259 0.08951670194983619
0.15199953685963585 0.12674331922491722
0.7107828107364966 0.6268696995077871
0.9795828717470394 0.8327865737992146
0.014770641554384456 0.4362124318569345
0.6869019695346947 0.8935514615613116
0.033802807421572156 0.7375353118656569
0.3105654255302088 0.10735693604641461
0.9764481635296716 0.2615232967499628
0.5871187539403961 0.5542712523087538
0.003064066270639154 0.833597072697025
0.5343317152358154 0.6116371352082002
0.995799850936995 0.28556895113282454
0.7076892512544102 0.11523464539172035
0.22827417522146498 0.037097381008431185
0.08480416188456252 0.1115909528540584
0.5349270830437576 0.6614182537993649
0.4361005892567986 0.07300990532015761
0.05338420311740166 0.49901669355023714
0.049701479790473124 0.7169809556501512
0.8011099540462174 0.12688192173632395
0.08479461304954072 0.5021128574506124
0.30441429237215645 0.9689892183715911
0.07911508559029734 0.22858852800181384
0.3493425261260863 0.42054493709278407
0.22911740175089568 0.8619241473182597
0.9422940338130208 0.05310257726366974
0.30268598991051876 0.715072118523387
0.36551466646976616 0.6054839104697167
0.5584953290035739 0.6616322132927861
0.6057873794569228 0.43389178509253123
0.9300492368030087 0.45817053368227323
0.09501148249366986 0.684252796865392
0.3005569814599325 0.1038887973210687
0.9365021779530582 0.27069839892871306
0.7258661759209815 0.040735611188010834
0.6875960939311669 0.2524799255593333
0.39138177714150557 0.7288535602937616
0.8456944284292471 0.6814611106836008
0.41893732418449203 0.8934341081105972
0.8534086873356992 0.6214557800217166
0.7349341470015494 0.7201083615821777
0.35727859948957685 0.382161933423234
0.0024268245592948823 0.007972133109766855
0.6695142172555841 0.7741739961525882
