10 7 100 1
1208 1363 1363 1138 789 919 914 1261 1303 1079
1071 1343 770 899 715 811 1330 834 856 1111
1355 1188 672 1212 1229 705 992 1294 1078 720
1203 688 981 826 611 811 679 776 1155 715
900 613 969 705 939 954 823 1009 840 1294
662 1324 768 706 1100 1192 1306 1026 1197 803
1404 969 1108 699 916 955 967 1413 1205 1258
1162 1096 868 979 739 1304 1314 907 875 695
1435 633 624 961 1023 1193 773 658 939 821
1076 610 1350 1202 1242 1054 1293 1136 1316 731
0 4
5 3
8 8
9 3
1 7
0 9
0 8
0.8686406131119131 0.8709473331409487 0.5606080266536262 0.3360613881783206 0.4732332964393676
0.8946377203558682 0.76354755339669 0.631913733643814 0.47419767976120275 0.33491219331267247
0.4207796645704122 0.7836704824537029 0.680804742233807 0.8907808160345476 0.23329837456890667
0.495001854065962 0.38000787321428164 0.5011016403801993 0.5999243655119424 0.3328892175376524
0.9952008431859292 0.33771874025892035 0.6619781204468003 0.43523040976874366 0.49583429784244004
0.8145349921207798 0.8610689786263503 0.6719215534336263 0.6056259864438762 0.4964006538191912
0.11630403507218778 0.17833164792279832
0.3111850063881012 0.19398774824171583
0.5979555841677668 0.20015310589088764
0.9366727678210347 0.5797034511590808
0.666218129943728 0.7097919038727651
0.06643879288645338 0.14125298876567038
0.5073646524313569 0.7220766763025404
0.12710237628421894 0.023915045144045077
0.8257666684680465 0.19266752539841114
0.652486749368766 0.8480523418224268
0.3069928969746818 0.16445195911346344
0.9475369852803868 0.7844867319571251
0.4573523108916566 0.911489886683452
0.777384327042014 0.020838530075390382
0.9361112525566777 0.8929487587860394
0.5421361350423373 0.5846316592968201
0.30364936347024285 0.7207226731308511
0.9658066822427225 0.7213768313230895
0.9946735303925387 0.4084784746063457
0.8231538466753416 0.0023898362868577383
0.9039975757914467 0.006576627203955132
0.220037030610305 0.37082466175289874
0.46715027849412416 0.04085975304113698
0.6399884849256794 0.9714921714467817
0.36192489873818734 0.2785932522311685
0.43230843170647115 0.6554729921152882
0.06748522371537402 0.5289528144199824
0.9731223254038217 0.7469786511085708
0.7115214011017104 0.6650794347160367
0.5409705830046647 0.17342696781043454
0.7684234492757529 0.8839959191534212
0.735551545858453 0.28932560453775835
0.6376121682778539 0.5171210512007229
0.6234574253353009 0.7241850260819642
0.9340302834590544 0.12461958219825187
0.2078979722605354 0.48326595234754377
0.405347665486812 0.4933883081605528
0.6320078493376196 0.9963744205162262
0.515978747737095 0.03346884196470645
0.5126345198263456 0.8125786261302106
0.09699339027101517 0.6160490772974234
0.9628691348479863 0.4479882523373866
0.93462542061527 0.8463253229049283
0.6460789884813722 0.0314305778008066
0.7301142099143474 0.25317616067655657
0.8020985251562698 0.6657775991975008
0.13718204253621868 0.9232337007137505
0.12990238022581369 0.10449055368508997
0.22209624723770482 0.29788610513518843
0.8926630014479497 0.8944392539324306
0.0007430307722391394 0.48800989205730083
0.9414976376922535 0.10806928970865548
0.4690891236599737 0.7328442162145263
0.5254532736189541 0.548035117297442
0.8298126973764195 0.5834454201742814
0.0989458299135646 0.54046474975909
0.06106160255265847 0.5848866861198725
0.10129894222970237 0.424090593592352
0.024865974187798123 0.6823636562942015
0.9416952571441584 0.2880682359175113
0.07420111626304826 0.699545999263534
0.6008822325771157 0.14548837860373953
0.143183145019679 0.8373496692046536
0.48758796355452927 0.41185654678807104
0.6979459624392237 0.5348980957547282
0.31065062556346223 0.756282328352736
0.42008609236223826 0.000781786791703043
0.9406999443607298 0.5192014188114644
0.43978994283370376 0.7530433534979626
0.6622539754748951 0.652166391124887
0.6782616207450554 0.5925443775095218
0.3872191554815221 0.9908436633871542
0.7179207683266906 0.6845260588102979
0.5059058488438448 0.4447941589313731
0.1386420207679142 0.17573163833093153
0.06708275664234575 0.16295784119887546
0.8246424527154517 0.4661888986162417
0.11803898079691288 0.2182416740746007
0.012862203798716942 0.6799638349140749
0.15477996066183342 0.7736672640471636
0.5294479540793402 0.21196513599483802
0.13820848250571083 0.09454267149664908
0.8699266917851969 0.3034258019542413
0.8868295373868795 0.7360615549372689
0.7813812399525686 0.5490882229681151
0.6932823443927703 0.2739821856300968
0.9034660047890168 0.12552817542844208
0.5618633923023912 0.5318856617590741
0.7835556691939964 0.9416386998640427
0.8342530183492203 0.45483839059411224
0.3190878139464619 0.5553096467237051
0.5259774330269273 0.8240627695440164
0.19177436776229406 0.6965218898794701
0.027801824768495242 0.5431475995818984
0.3934957061026889 0.32885922573950443
0.22534676799350462 0.0742300522689705
0.3625545477336112 0.752825675193384
0.9746698746900695 0.9151893204294186
0.16263744383036371 0.4962477714641207
0.6187223335783207 0.6394796974394201
0.32927920088416207 0.5761232663059883
0.6631494759601502 0.5075573397131119
0.14507977569486696 0.9446706899386299
0.9298946474854985 0.3466188078449999
0.9208147398726516 0.7933995379212533
0.3024714704221423 0.023403565019783246
0.4431606466882154 0.7210745846704021
0.17992544451764547 0.5979393560580817
0.8385003699046389 0.9299108871763098
0.44209590401172716 0.8515116594209673
0.8930917182757687 0.439455108201966
0.03346475370227586 0.7626434141964604
0.8219429351829639 0.8193511230007435
0.016551960390818854 0.8796905820142176
0.8831382274090149 0.08098247508795353
0.4239812563778911 0.8830398155443149
0.2343705922960979 0.7898510806525716
0.5136920653939809 0.7414690201009011
0.6757457712780832 0.8086549000471908
0.7223150503207834 0.7217686344637828
0.6215035325104861 0.6801380287723431
0.025724100499544766 0.1111767687081775
0.535287026752091 0.1323830498287415
0.08574875489250888 0.6020128564040821
0.43540594418671685 0.11931805696582543
0.5144012973662366 0.4991546645966527
0.29716546204007255 0.3420072039937019
0.6696513995947047 0.1698888820349045
0.6952880758971953 0.1598335803564661
0.9804843167074002 0.1926018234269098
0.4319469253948194 0.16139891864942535
0.39490549199221614 0.14090707057816565
0.7563766935140337 0.18354971538896958
0.4135679267111543 0.7923425782629876
0.46472881693770396 0.528764682749306
0.006872750326577304 0.8698347063373488
0.7517602479017018 0.6548381673681161
0.17499845224134591 0.9029207462210977
0.9084816337926924 0.7196282151254689
0.26592848408970715 0.8015625657322007
0.9712735163323689 0.3800708270379354
0.6297044921404622 0.49480708574736987
0.6992229126054643 0.8784804452537265
0.7978119927076237 0.9480059379314523
0.057748282616297164 0.9357507387654707
0.7837267346639178 0.32483953910749075
0.48857306002996537 0.20234908465401946
0.8144741142727834 0.3026656773232477
0.028356383832455867 0.978550962726604
0.07603555388616523 0.21791166801008788
0.7282561115768704 0.1577406463024229
0.9890859931908049 0.6265760989240154
0.13219657957999997 0.9290644627745055
0.27549806813530986 0.46462222044559254
0.12968168207364306 0.4922545558654614
0.05978009713920063 0.23595340424592637
0.6188317361351348 0.99618701409549
0.6430636952210249 0.17758428035703822
0.5374593286171867 0.4945172988717985
0.16620831776361533 0.17548926679308163
0.7232633258745143 0.4550428811459595
0.14918892891762758 0.17882142817296076
0.5897848104420933 0.9952985870750204
0.058677854011151886 0.18701713597597758
0.09582767224197353 0.10057225835782013
0.4861804463434134 0.9508730786877428
0.7472020301257416 0.47559347736115853
0.9977356187095174 0.05382546060116167
0.45321342575532464 0.553370548932715
0.4141667637318649 0.657447154831936
0.9707728656342836 0.5007623438759377
0.8984118172940931 0.14980393784834045
0.41433089145001567 0.8483434057116572
0.7619647228449198 0.014264616799249286
0.441075194580157 0.41607125240162723
0.3529342919505529 0.5358368256867505
0.39035394200640705 0.1826323366802114
0.21419579311614934 0.8952300316703241
0.6462965221754031 0.6378958439393436
0.5110933555381056 0.17514617523927312
0.6143992014783184 0.22618423472702331
0.01258574403909174 0.48295842807956446
0.32583518405539524 0.7376470411884717
0.801498961714221 0.2713752128085045
0.31358709065063417 0.8934932952395218
0.14519628617925395 0.8295525482439112
0.23110921057072842 0.47484807622410163
0.03447624854741704 0.25206548352929037
0.40333877617664027 0.31776490090616627
0.9734978727693964 0.6624521334684874
0.7782806627826568 0.9479859561056676
0.9867945604740997 0.3494473321865048
0.2019578738933716 0.06501694409879999
0.4323823666454172 0.46722590662697727
0.7918850580620012 0.3891341629123719
0.23502786073410853 0.7734241128874855
0.7650592853080151 0.8619638182414369
0.17903129657586692 0.5376506727077774
0.5786553930658871 0.07007574337272438
0.35115845682167524 0.6412384917809537
0.9470053691421769 0.728291507881111
0.8824024249632914 0.3580646859127643
0.7069454190198274 0.3608302051392034
0.7854960763496235 0.6316440562855823
0.2664316523433641 0.30083104158415996
0.9288170150799229 0.2622836011006493
0.9914717217885489 0.3808964634338263
0.3130639812658451 0.5054196548243253
0.8529900910025368 0.07167276435767023
0.015184527482067223 0.38070096223778127
0.6921519155444908 0.8647832236999287
0.7460108802982444 0.3924484499278942
0.1973855236759674 0.293921988158635
0.07233585240089946 0.34220077287936923
0.742639868161348 0.9020755727440435
0.03287493793361773 0.7304576385167081
0.3740887666966968 0.42505890545109404
0.0968793939146888 0.2809639826171171
0.0926749794511117 0.8880686478130528
0.3660389188623663 0.07343448095996963
0.6422011234520282 0.44703492813011425
0.9571752046737321 0.2404697687601156
0.31516809664853573 0.2797144346913354
0.3570788087053909 0.3646536914552896
0.8192023020970374 0.28946079984638384
0.737457006670797 0.9087241210075228
0.8255925408376235 0.041746280333448516
0.34748560168542175 0.37191569008157277
0.6949225503010781 0.14878865297520028
0.6203310588632203 0.3348441127757653
0.36848334728707655 0.36801185684375115
0.2077367833346342 0.5346729717661014
0.8068468235632038 0.26025650855372984
0.9656582026762432 0.2878008049811067
0.6677771190302537 0.4453623397059674
0.9571017059953035 0.580296413578069
0.2669481282972359 0.10485612220285656
0.919437851539479 0.7122167750347721
0.07616138060677535 0.7116463845385148
0.3260253648242146 0.5328639099328718
0.587402057293605 0.01399210250391869
0.16521934568051044 0.11056269170649036
0.008863790008459382 0.23533970015455385
0.951169675056355 0.21317961003123154
0.9950704497461773 0.726262856369748
0.5618346197724529 0.9868776082751054
0.2560827831724706 0.55791895033958
0.6710258739332464 0.523501661058176
0.729113457155329 0.6194350927437906
0.6828725718693074 0.887237941873904
0.21224858609814068 0.9569143233092561
0.5172964486877523 0.04599986222462582
0.7805417100242653 0.020479970085173438
0.6184959697909971 0.5466523065301061
0.7853457430109663 0.791176582050074
0.5370813382199477 0.23424443503679138
0.22170366860819168 0.8112395432455328
0.9780708494843406 0.5166059998953774
0.31315587719241855 0.8513731963345248
0.4455133711271604 0.2634977854936684
0.34742127864114103 0.9811610937869284
0.23536571464907263 0.39807034875083436
0.20185519148903852 0.04971254687807325
0.3636378507780691 0.6445161516198388
0.6250805897210536 0.78617832922303
0.09501592512147994 0.1364728919908733
0.2900862472311099 0.8855476931446251
0.3924060305238335 0.037643471079268354
0.9313841434992003 0.9978645403425892
0.9350911328970826 0.22756894315584852
0.10930874433513615 0.3096340080880682
0.9361763736028792 0.9411184831395962
0.4186343765388034 0.42047576197088476
0.39963116100572793 0.7225150787502481
0.5860061979772446 0.4201329452156761
0.30498513984509 0.021928246255381145
0.465900345980929 0.4012351830381151
0.1996439561081509 0.5942710254192602
0.6028979839314417 0.020529932000866724
0.4176338720332775 0.1783773450582764
0.5291815173700631 0.6490084813159842
0.3206724630479483 0.04956306253680132
0.36670943996719707 0.1590151832363904
0.8417045982024589 0.27199773759042434
0.1970382724235129 0.13190578870839453
0.7716205454922325 0.6149353774325561
0.9533140157976825 0.9940248236822284
0.6177093785842998 0.7997254086708903
0.8162263894202593 0.11660364577045623
0.5557412187092525 0.2712244968892674
0.2972882045171221 0.5384066676793047
0.2233998043358747 0.4046892855637063
0.8605616687155775 0.3052595890075236
0.466688819145582 0.7839678578903106
0.17676775992136062 0.43288681105352134
0.6112258199280878 0.8307441692146802
0.011650694645305215 0.7126780156183905
0.6652466297386512 0.3868951454910776
0.9965256013051704 0.4404412544777909
0.5245214565365113 0.0795601731047777
0.039801067779483335 0.3523090020363604
0.8779298379086136 0.26513786541398776
0.6321980711030202 0.01130261954489109
0.36486586906512364 0.6821638652016326
0.9123280523188293 0.69991614098623
0.503178407286061 0.43856287411667716
0.003345315504502233 0.0723053818275623
0.15273283726759668 0.9964002424785212
0.804950959627821 0.6210319837675928
0.11264234674418283 0.18038676234706918
0.010646375990261303 0.7873462371877702
0.16933380257264963 0.7956172026344699
0.6946900003987659 0.859736357012618
0.02343873825763132 0.10243327590888551
0.7077864612931035 0.6683131372205147
0.26623354958908796 0.7666984651175144
0.10646719284229422 0.2822789382931292
0.24371383754916542 0.595008554810746
0.3277686326838465 0.8026064868438574
0.9311075442849941 0.44235848295623836
0.7691430189611352 0.6190518109896452
0.28951973518339846 0.9546977079021959
0.01817379222495341 0.6976263253025905
0.8830438378509444 0.2464992341237311
0.1693960736268978 0.03349315845903278
0.5146256994261591 0.7202778828428218
0.4092266070047501 0.4808788659794174
0.8308155072880881 0.15108416823421966
0.3551243911656994 0.6266486311795341
0.6595959001190841 0.5195521906589382
0.7135211740469716 0.7214013030145525
0.7565330857851182 0.22129988470262885
0.21356228736368132 0.20954326100307874
0.16200411463156073 0.8256948482952597
0.16227459638144337 0.11491033092820846
0.2737409362189094 0.871716675759667
0.8009904848195994 0.33107352400688717
0.39483537603736263 0.28181300038942503
0.22961771330671454 0.6962494255084541
0.27632113371057554 0.3485381625098516
0.7750104040001358 0.29085522334544356
0.19464474925816933 0.10290044444741175
0.6843619975233495 0.6047516776799309
0.7329234734736016 0.040672816775539244
0.8045411395645721 0.9775061273233452
0.04042726735276858 0.3244996404998626
0.737512954615041 0.6477823729241887
0.3812034256297274 0.12789835785382797
0.4525994929957995 0.4731648395623085
0.768604758018091 0.5574888251092986
0.09416356851714269 0.3788758843546871
0.9346741690727731 0.5265115574179964
0.12753717072135373 0.19538204980021323
0.08482132920387353 0.9890266642436052
0.6609041414075785 0.7991926791392974
0.5670478710828115 0.44271972357839884
0.5768262268231699 0.8353162482769609
0.7698616076819536 0.44993479474604414
0.4125365270622461 0.3032552074273167
0.09817080391866151 0.42183866726405017
0.34834777541630046 0.8688177638741017
0.10791321947204535 0.679203272475724
0.11426140091294545 0.6720529248922729
0.7723990920147525 0.682691791855635
0.03187509285478485 0.6487649068554535
0.8760879651278854 0.44551032943147373
0.892590268759677 0.3334654857703059
0.07263187672753157 0.34949970897491145
0.4683102690334944 0.4470624759722086
0.9604910743151642 0.8590758289913285
0.4050382560786059 0.1859530921331427
0.19207596683269745 0.9552022774498496
0.4051979282930165 0.42363172568239715
0.2414390260983108 0.02118723379155729
0.14761256900063224 0.3163570669453195
0.6141533565571493 0.7471386680399013
0.2660364151671617 0.956521995974807
0.5463410984186092 0.34709754607952514
0.8671741285455368 0.07433011794935784
0.47187858305353947 0.6842148997059185
0.7528823572922432 0.7965288454815613
0.4654942202046042 0.49085362246632247
0.08854805551999467 0.30747516991828516
0.40149791673501456 0.31747476579272793
0.7207450379946512 0.6580444167665986
0.17360537143195498 0.6367335622621031
0.43703609771842755 0.31120996983783344
0.11560975164994791 0.34333726295646305
0.3664769727794046 0.08751778451356351
0.9894174975846948 0.34099452015670373
0.4175952667263527 0.7137366947690431
0.24608540034638282 0.2730106499708864
0.37005851926819244 0.4618375845939784
0.7685324105932716 0.5931056813881597
0.02224658153762671 0.6530094987924555
0.06394105770269753 0.36780857747897766
0.087103564411811 0.7954126378963444
0.8647259702036945 0.6477475887497102
0.2831558588760903 0.711798359571334
0.9892532727673085 0.574289202720363
0.7403885842031055 0.16566291473030348
0.32083340384704906 0.3582483962739178
0.525925582918233 0.3368355012486983
0.569497458627958 0.42010624166840316
0.8935188074422364 0.43477551535205383
0.07296744893583451 0.18410958835484736
0.49219701013431383 0.49148340748310004
0.30828393690064515 0.0811519469128934
0.9341449528175687 0.8766902495196336
0.25887269717042183 0.5304742644618443
0.518483521811304 0.06012778638412053
0.4959977259436994 0.5007381690328254
0.17927707794371184 0.1882805807420278
0.4471337150848813 0.7867316184826436
0.29997476679878754 0.11153001462091439
0.31297718062436664 0.3160101769863659
0.12754771693738998 0.7562886323794851
0.7890535760459085 0.145750587230858
0.39349757129445595 0.6822051425859503
0.4222265449982552 0.823274181628602
0.3107350745282309 0.553237947281837
0.8684362907382726 0.6980125755856903
0.593675012490771 0.5633030160839458
0.8742846437682159 0.36261613507317425
0.5764095631946948 0.9053426139511751
0.40344490412274214 0.7427926073624636
0.5205679123637521 0.09451079828556663
0.20435086103862865 0.43690111546574717
0.47629811425643487 0.5923565765286714
0.5348141667237527 0.8671158667633885
0.3907002684480243 0.3486458621838413
0.8139959353054109 0.15203450004010133
0.7915531111855767 0.2772824566864309
0.7404771229102436 0.1516989659768293
0.33873797907186254 0.1827325365473469
0.7266214011494276 0.21332791010619578
0.6339183797644787 0.23796425611493044
0.9234948012262922 0.8568795179669837
0.35430727419049646 0.3869366765403144
0.5977257938837384 0.8527394999935591
0.7888737831578769 0.6771293767841768
0.35515490676861106 0.497775668851441
0.978587610046328 0.29945389062560834
0.19540588181302732 0.08699352475696687
0.5396766143406049 0.44645082022340277
0.06903221587811692 0.9284562093659157
0.7073944095374396 0.569408764722285
0.5256602238220971 0.7211208534115865
0.8174470555006033 0.502989961757041
0.39613373684243824 0.17169802952669655
0.9677583997309693 0.8904200086562617
0.9101480782330054 0.5680252365499554
0.5489555975194411 0.6457501478913295
0.060404821571163 0.5656756256559967
0.6743445408969622 0.4599349247026936
0.39231368658292376 0.36349362274336383
0.5126560482749087 0.792112552759048
0.15315833842183824 0.8506509608669917
0.5355090428902949 0.923658825855376
0.29302564818339927 0.12192403954966324
0.7032590122016935 0.596950507863673
0.03943078623435681 0.32815150779659397
0.3868656952514866 0.34657770026229384
0.9383460257008001 0.05241471452144575
0.566401279570671 0.5297827134062727
0.7262045166104252 0.40357225066565894
0.7209473653659451 0.5907026817441017
0.11987711852271832 0.12745817016090144
0.9072247079576847 0.24109791988568086
0.25686719905258126 0.8975194908656483
0.087476373700484 0.4618059515059145
0.35061506833528444 0.986492688872219
0.3723424216497513 0.2732418333857518
0.4391903436290343 0.3089842133801364
0.17924232286269404 0.5022873207686442
0.7560037675848643 0.23774896289993563
0.9329342910626488 0.8847162382853182
0.9298595738820614 0.9975759828658282
0.8974026190665916 0.3591309657035724
0.4117820014310427 0.5287898622162746
0.9167265854494204 0.2225390226507411
0.34901753724077 0.10901360221317202
0.16724818333185243 0.17152306646962212
0.9348342049400198 0.2053761360140096
0.06285354088163375 0.04328817872059654
0.02088619384926549 0.5840952845220291
0.05060187972768304 0.8288891292365175
0.9123080549982738 0.8901370942620024
0.7347671293148788 0.18973352297398227
0.26858485929726017 0.3774086694855592
0.5129595434197813 0.477752640491387
0.37363263401009217 0.4049394872143728
0.6820328530176727 0.06430171648383265
0.9798435146887006 0.5922979194064513
0.07769111864830425 0.11152228347903548
0.5499933713268257 0.3710947624198835
0.7975849999224163 0.29775246317017046
0.8247895858703491 0.3214813989224048
0.0826324840828001 0.460686621764405
0.371884909873214 0.5994268806434442
0.9805461063899203 0.7753906805539226
0.06737901233894461 0.22965947680013854
0.010770525007443688 0.7134391728468445
0.26543736538447016 0.2852462585778657
0.5885288015072574 0.37635607067607646
0.332252107847151 0.2861304446241264
0.20715507184816873 0.6393179977812669
0.9764059014026958 0.04750154570276033
0.061672421709000114 0.612959423648467
0.8079165901010885 0.37524500289396423
0.5860203179857852 0.3815916517853324
0.10691306931914757 0.33894787786525327
0.7290872864430973 0.23776630226976736
0.5237761588999537 0.5429941505373903
0.12120628841376857 0.0004332192465925644
0.11851898132169425 0.03400572537011248
0.6469943177806252 0.49030013413178497
0.026032873681785418 0.3244838454041792
0.033972723819805095 0.5305948025085883
0.9108329464721736 0.7143750670849167
0.055260869186242845 0.537483728904721
0.6157042095716545 0.13444538693171726
0.521710214855102 0.8124376907860249
0.21072739509574712 0.9149631388768231
0.47056701035189996 0.3653278441304375
0.1972920134105718 0.8063534921151094
0.625538400042692 0.2650503212155475
0.7437377525495328 0.6015705563248512
0.5789406282039993 0.6184660911039046
0.6369001722027314 0.8601140211219722
0.2035407830677689 0.7687967925373889
0.6906502988080718 0.42556457527499436
0.21340003299653576 0.3870982626928865
0.41406624519718815 0.0716381302896909
0.2329457779484101 0.8657726777040324
0.5871139417337103 0.6896887093964092
0.18439621652742066 0.35944077276626496
0.4939816466051954 0.4543349148271647
0.9756214518496438 0.9000431006245273
0.6519211202591904 0.07543725085452468
0.3701447439431764 0.3647588630163692
0.45634718327220924 0.6416770919659731
0.26142662539098094 0.26496784749567226
0.8468716083135333 0.5187997100111474
0.7984223018392482 0.7625427169326988
0.34337655246536847 0.4977038798162017
0.43205000940766536 0.9398760420311472
0.02210415755541084 0.5691931222365607
0.8694737574579712 0.4469939375365155
0.09180332147927062 0.4070707518522674
0.45729750668860625 0.07085654179923151
0.41740301074695396 0.1952164431061718
0.507631664741065 0.8967576596622735
0.7871969453609744 0.9581932284867354
0.9424819298387925 0.693742861639046
0.7626954626132145 0.2050431645187485
0.2738333519748548 0.8757173295723943
0.12580014671031292 0.6954196794204228
0.2101337534690404 0.6577451681727164
0.8887037306755259 0.3944492922485443
0.7873192232352917 0.30996065910943926
0.3680282870066469 0.6703068657667035
0.28126270135233855 0.9060864345378272
0.6285718218617631 0.7180232625452909
0.13099318156848572 0.8949719463327042
0.3201002230892174 0.2903495441167776
0.8629912498038319 0.24858104363902034
0.573058454107614 0.45896727678932314
0.027518525482586043 0.9850282757928959
0.948280198646664 0.3348673053467359
0.6497072699287809 0.00807687513289257
0.5131056223431927 0.46043861691709176
0.9842045239885273 0.2734734861198953
0.17231477157247266 0.382756610381523
0.0680705797715293 0.47144743610089757
0.5808986629266062 0.7811929492925824
0.8634300861803876 0.20185149093178856
0.2539127053510233 0.9094225637852447
0.8480515303633276 0.7503076667315145
0.686078601927665 0.7470662426694659
0.6561483175099141 0.6722936980953955
0.2015231179549779 0.953180291357324
0.3461799468687139 0.6464743211422901
0.1620607530404743 0.37963911313882304
0.34845706238041996 0.415209225851608
0.27717822023167815 0.18542542304471188
0.7995257348515026 0.5235687050416924
0.6712506000602101 0.09438232895983534
0.9258276141301955 0.9656801979670213
0.44982066186984837 0.9802172222398673
0.9366221906062411 0.10561871404066148
0.2479391484043274 0.9188006989219359
0.8508292991278268 0.8466841452552867
0.4042587122182384 0.45117915832162425
0.33377837303615965 0.13780587491793517
0.38044983243634345 0.6151723363077843
0.04333245198494784 0.14616410264010327
0.04976712738792677 0.4147552444341467
0.2806003211269037 0.839782872046577
0.9747408873827534 0.9137298775322604
