10 2 100 5
1113 638 1028 1714 611 521 1172 1432 908 1640
1095 1697 1017 342 931 1338 1721 1659 1033 792
729 1045 1526 747 1401 1793 1761 343 1768 542
592 1746 638 710 1618 1506 441 550 1156 1297
545 1645 1417 1075 1750 1007 943 1583 1783 427
797 543 366 1260 1196 630 356 1070 513 1446
1024 1021 690 1332 1622 312 449 1752 394 895
349 854 802 934 438 1121 501 842 1095 957
1782 406 901 316 1242 321 727 1301 819 1173
1751 581 599 315 1020 750 1772 522 1035 620
6 5
6 0
0.3198993109817028 0.5514034137258452 0.40030908125922404 0.37219015204993156 0.30598936788223946
0.8816063294596492 0.8255294715067556
0.02831562244692032 0.30861997395335217
0.039241713055309324 0.944671817444328
0.2717832291849174 0.6854589289782618
0.6260552689488401 0.33926356180495665
0.7612232469956999 0.5715277800293193
0.5995108965878069 0.9457189161391257
0.19327345049403033 0.5304390627044746
0.2916744679883707 0.9985650045735601
0.954364956614651 0.3162377635254088
0.3148823816414603 0.5044773232123836
0.6396618535794321 0.8647582204711406
0.2680104990275507 0.9432931260736024
0.15323707651175233 0.34690280705287213
0.26805400154611747 0.48004783185225497
0.3826452140911123 0.05150433593275361
0.7260305427882392 0.6548001090100792
0.2759468936411207 0.06154568174522135
0.18980811105009132 0.7001587658102457
0.7690823096777504 0.4852455178907198
0.2622643931059181 0.2135622124795542
0.8913609303619814 0.4859268380177655
0.5169142937431122 0.8514289421751822
0.6659321585568125 0.7010290383167088
0.9316620841734835 0.11382541973555882
0.26091692300583924 0.5482006558552699
0.48593937103439 0.6653621195198103
0.6129258890474618 0.3201503866880826
0.18234169013505253 0.554643315678047
0.3059020403725974 0.2589690233609492
0.3655144740094105 0.8405618352393276
0.38005881155434773 0.6612990327679844
0.07454359728171656 0.6435236415237053
0.010066468010919927 0.3655902547622041
0.14945368519053592 0.4063321181997108
0.9981141019168667 0.2826255928254531
0.6358242868366109 0.39543519818361705
0.9912539027639315 0.7171703530367526
0.38232554058007917 0.9622493490437867
0.013087793839251516 0.6963885047575058
0.8570515824240628 0.4823375124873046
0.7897531180355355 0.8708508424949162
0.32939108096432457 0.18316236812525877
0.6889871524210933 0.20174799858657222
0.028208589955166508 0.2803639644430742
0.2602313352589638 0.27531557403060636
0.10656525229913849 0.6629730150166071
0.8109222264195748 0.9046818384633715
0.4813826396949137 0.4984457363669341
0.2861156940487628 0.41651530290784655
0.7019366059184533 0.232831450683878
0.6767882852609697 0.6883145258564365
0.3491075532117749 0.4837583788338049
0.0507662800249713 0.9190989143519321
0.4950247492901565 0.009437138595364658
0.10580823191009148 0.032510228830972654
0.38733020895327996 0.5255703669442766
0.8222685610374398 0.5511394772946085
0.5972398832321426 0.5875718245407924
0.2020757375701363 0.3034579323571458
0.12696262384739332 0.9220695392608502
0.7543374775081209 0.617604126062695
0.20768593690140502 0.08131505901951197
0.3894716615067084 0.077071787071336
0.8431857617270295 0.5681815262175014
0.9680392588181022 0.14151858329014688
0.15966442666588332 0.5028726020521406
0.1267042377400842 0.03028573770701981
0.9498978328780021 0.7386169323291549
0.5497322083973375 0.06410836767201533
0.4557307494600309 0.4879951204775803
0.7596696898388229 0.4088402700910996
0.26234892689346223 0.6817208422224754
0.41190647635226596 0.8119660912823312
0.9581352301779851 0.41275475887550384
0.19485555536052934 0.3414573226013955
0.12128358217600077 0.3955771472232563
0.4950111891175313 0.5021005703124439
0.8020569658298018 0.269652719436027
0.8170858369854284 0.6334057947900009
0.4330767203363586 0.4276407499654695
0.613013345909807 0.7148303991299705
0.3541747681270828 0.9028513831108058
0.4406429311894564 0.4873532218872223
0.7937293495610123 0.5474193760525621
0.5652495257670969 0.868572828976887
0.76468739206432 0.045833276294929615
0.9691212481980418 0.27339734166132135
0.12296740832659903 0.08559967061736184
0.13896268332214734 0.261931751380289
0.029725472419601662 0.7492151630848605
0.9844791211713722 0.06000208689898101
0.14564961953483047 0.2322850984480822
0.21239228986733205 0.7393432190362426
0.49470225397717904 0.5720822444336244
0.3634797664544911 0.1995470508224284
0.6533266557109672 0.6357584204583022
0.3149263226664276 0.762133359888199
0.7329434986954182 0.9268608815814714
0.5694385668093638 0.265393391621511
