10 4 100 1
645 551 552 742 538 535 649 367 494 356
535 623 879 806 842 704 643 660 464 380
837 966 1124 1187 1194 1021 744 666 569 334
1092 1240 1450 1458 1565 1432 1105 930 544 461
1008 1561 1788 1928 1841 1681 1154 974 629 600
1108 1476 1781 1932 1884 1606 1263 847 583 585
1148 1452 1831 1906 2285 1647 1366 880 637 538
931 1404 1447 1540 1683 1334 1030 960 671 433
740 941 1247 1221 1408 1194 944 611 459 344
553 857 1010 1044 898 852 830 659 531 421
3 1
6 8
1 1
2 8
0.958917066096626 0.8052952744339252 0.5400675163132069 0.4061504237387135 0.3743896730272641
0.3353767620063263 0.7536678018393084 0.5607225303083068 0.8201214942002493 0.47434170545268417
0.6108802769936781 0.5468218229983015 0.678568063928174 0.6339654710521023 0.48015791826087295
0.8501228435327515 0.02632888703550318
0.3192012774464137 0.9745205145454119
0.7090093905607011 0.14420964573917994
0.16922163963784476 0.7966239963128829
0.7716145562149357 0.6440571004157645
0.4574226236620924 0.5947055256400575
0.7809207269403595 0.733631687377684
0.14156072424724453 0.8335216357307464
0.4622667217099561 0.058003084021975404
0.3028989352267819 0.3241643606537099
0.49096034568968494 0.09006920099123117
0.5076217503137168 0.1510116142948763
0.7403485161135033 0.08895792270539182
0.5192761319717676 0.46786113584027333
0.12186596296146046 0.7483399506142874
0.34913078754293325 0.32977679344359867
0.3365085427090726 0.9294085149596241
0.8039022556696713 0.9482022178030347
0.8923865494781142 0.6550086815053413
0.6283449232990175 0.42024448762690003
0.502463791243557 0.1073594678402523
0.006405463783244025 0.3693435501344038
0.8255179832913144 0.39474493908516917
0.029132827900195446 0.14918416663133538
0.7511022202925381 0.6140427620097966
0.4161555997242059 0.12882655576713975
0.9565427142708982 0.7143579475378592
0.8001025113649223 0.9726092671018953
0.49154550587631674 0.14428183304744913
0.5626355049443179 0.13341466830858129
0.4285678725306987 0.800023652073113
0.7068476990222583 0.8814736830822165
0.49539730121005854 0.6981601907593948
0.483930215492441 0.22764056665359012
0.7601664334297498 0.706324289394354
0.6004653839282512 0.7569799871960339
0.829051109688943 0.44018040306990813
0.5376948658920488 0.3633319029114983
0.07946594306201349 0.46707105667295234
0.2996723427521968 0.6509502172104866
0.15905656523237188 0.698366242035902
0.5096299330547873 0.3464364687048036
0.3333232964381594 0.3769274215232814
0.4933255359121431 0.4462357153062737
0.21032441957610226 0.19244402268015048
0.7761371944157263 0.13649076468830024
0.5653669660891647 0.9603802123734011
0.8798124151121867 0.9193636127922122
0.35115058603197724 0.7233201691759414
0.49706846569411534 0.6879125377133952
0.9435863340451884 0.3469397547788058
0.7313076651371908 0.5921765664177727
0.8055678828794335 0.632739724398687
0.13603699488728238 0.39186962501059974
0.21412455468234604 0.7614893327137129
0.19487515840613212 0.9120104598695113
0.7898286529514249 0.9496530958051628
0.9448705469427043 0.1532408521386115
0.2674290152819936 0.7713101469902517
0.041199080400813104 0.4788660776026259
0.6880253701553642 0.7118841706912928
0.5319076300771899 0.7692039135712276
0.8205627808957356 0.3022631012089356
0.13687660629884846 0.40869256181595626
0.6050899051651972 0.39524463812149646
0.8957538491616599 0.10931794979345155
0.17210662809770638 0.8733169852754545
0.6668527477527779 0.9452769681112614
0.1848413233712427 0.45384448902006325
0.9040636539213305 0.609743497363078
0.07774961454871065 0.8879967842458767
0.6042682895252101 0.04731654819771203
0.03707664011297296 0.4425005370073578
0.5250863641902248 0.7443551377885134
0.3986966757074959 0.8721668702210565
0.8417793679870513 0.5331936845271352
0.7332159097709663 0.06908401694847766
0.9635651592970182 0.7827644660424502
0.17735982437118358 0.33817908252172657
0.8778176539812346 0.49266873173708414
0.7390659667348809 0.9675752154553852
0.16452806606230674 0.055267483119438854
0.2640843150028369 0.9314440873347625
0.17017330038335787 0.8983230496873844
0.15210845974577336 0.645231513431052
0.44927915875445623 0.34745323491434355
0.667519814437999 0.09106281113531
0.768427449753418 0.8550242194140767
0.5959610356224445 0.08790779766937429
0.8376466275106769 0.37888650170148286
0.5689941062186901 0.44899514330467283
0.8015712925537302 0.5790635900039147
0.6990067204080066 0.7879331917420505
0.8966764743010971 0.08513886995230813
0.1128267645226293 0.7023227741516271
0.859266894510367 0.4892349759748653
0.8104117413389469 0.045284796849627273
0.314575788430943 0.6140849281022196
0.2459428402320416 0.5657019269451034
0.26703818915290656 0.1595898062129426
0.35737454449913986 0.9071273486859772
0.00042541516163652204 0.19959709690003247
0.3882779767011195 0.5482942897745993
0.05811599586274685 0.7145877298776293
0.9775994252084799 0.9564010656002186
0.9193847356287774 0.7370951695828065
0.6633911582722345 0.7766762045577831
0.8953522130862381 0.07333796167036777
0.5054087594894483 0.5156006793610235
0.07256707724085776 0.2268777470176162
0.560255078890789 0.6112908748590937
0.3118743470865417 0.17374416988279395
0.5147266813478986 0.8290762341723787
0.4049004970131498 0.3197026094355411
0.45602982049558394 0.021536174204436875
0.5564639110415697 0.6147878519666319
0.1690071588730755 0.2629930370662579
0.6660269983387554 0.8514117777469261
0.20471998248503454 0.707351007235349
0.6490565803654811 0.5273155512676804
0.47104351851767934 0.49097936438336753
0.34269696472850697 0.28401215628391996
0.9330141342571019 0.5691600706939177
0.9436214447353999 0.9213677003472043
0.2267135664480171 0.8997485564073004
0.38238784577278073 0.19560624706810037
0.095715781458241 0.11693820307037384
0.4818369075125486 0.0901726450473872
0.13832049154466852 0.6837077169585613
0.7936938313938084 0.40967568273096355
0.9235855710346217 0.545426595869174
0.7433630013821999 0.8337840600385003
0.7062136304217133 0.6791932125759688
0.9012279964798142 0.6300659196081981
0.4885149380841347 0.14318282246239988
0.9131190516214334 0.1347304614497764
0.6226852810085712 0.3071918944391612
0.3253132450972378 0.9887153986943527
0.5249196005925256 0.49401043198070926
0.7824797082931763 0.5759985312213529
0.6852249961518002 0.6821493978134632
0.18577669477573067 0.9280114497612855
0.7140404713954143 0.7678854313428924
0.03293578765333405 0.3908861798966965
0.2833069203933447 0.895780191771298
0.6133445067339025 0.6887734826592979
0.6051138324610603 0.7177747575571196
0.6700325672315985 0.9887499166590861
0.14721543548260652 0.38174858431036096
0.7218925600748802 0.09558717314373921
0.835488231495163 0.6332219074101519
0.2475306609816017 0.7608944930087391
0.0030924211647092026 0.4746592895276216
0.3496912132835872 0.7492027856462213
0.5393887771555856 0.20273718643933258
0.12562545705865347 0.6856475430381455
0.46462905781601793 0.9977568250332958
0.49176041173321017 0.79973461821946
0.41502594655528213 0.9734744265610549
0.9847977939168082 0.3469260475355793
0.12329963674081035 0.13113055383227867
0.37982630309407717 0.25566067944567705
0.9982343035661694 0.7357771566583473
0.9351885897906811 0.6510531932077535
0.30435181553346324 0.022440015604580976
0.9445656591113205 0.5313830828199924
0.20701287535583557 0.138430334455514
0.9768220357625406 0.30146413084905377
0.5907898865644738 0.5448352852490996
0.031002238214419497 0.7020649894162281
0.7693565745841036 0.5384550865115636
0.638052514396066 0.6224350579458555
0.5457228771061458 0.12582633122147557
0.9178078024606462 0.9782510212976989
0.14364872585816246 0.8117748523786206
0.7963894018886697 0.15138654748776603
0.3627673372945419 0.053836994441800456
0.5680027864381569 0.5903866430824805
0.44101536723205514 0.6957871094312158
0.3276867839420128 0.11441551077070056
0.7518737345132325 0.006889253602907042
0.03585567138361956 0.28495956774441766
0.0484872970477106 0.35336280284541655
0.5143098585315327 0.516226086947565
0.9993418353119421 0.5045047345447347
0.36981723830620816 0.24365779283853417
0.4028762762550442 0.11313632478759916
0.897441459216352 0.7372318191547134
0.9278130786805885 0.07053884298734281
0.42207258609774323 0.4028344212620827
0.8919518120285863 0.3011166861571717
0.843447953950381 0.959494846602422
0.7692547350611918 0.19095482103976824
0.33478100434330016 0.18381629641375996
0.7256270712221651 0.19736045862607843
0.5101692807686482 0.7391799317478094
0.07795431770166528 0.23085387375303723
0.4255640300803798 0.11337865727737495
0.6410204081186506 0.21460175053919084
0.4836449111514125 0.6108309349814229
0.3520609742726708 0.966462550504404
0.2344905178542347 0.08701871579187959
0.6116855540919879 0.9764660979256927
0.9390952617451818 0.19028515190948303
0.8681151469422166 0.717335487184229
0.11483054977052998 0.037379597011275134
0.5202913152229707 0.4182825223334765
0.44685584128347 0.6493037625760445
0.30501682693370347 0.7942042342234992
0.6353394242085999 0.3558479863807864
0.5135616782674497 0.29525586952766725
0.020621193871687593 0.13516409949422514
0.05215000843189954 0.10946221188272709
0.7400206643797593 0.4824742402663691
0.28075473021115416 0.220684552008805
0.05940224812352257 0.4349665554530373
0.5830105672834303 0.9745040756474941
0.14449448634430384 0.8948979464217268
0.79227827897028 0.7490380428584489
0.2742837674001857 0.41708207293217625
0.9881315688581371 0.4445886630410345
0.837898518888053 0.9717063346245072
0.21716659921107317 0.015833672651594632
0.6632265827081314 0.7016603526317187
0.4083348916915881 0.5475752081303549
0.9725924921101041 0.27517916762023953
0.4798120994045285 0.8810399277280998
0.7733398983218833 0.44747362580898353
0.8452015302047486 0.5700895885738784
0.6441202410055975 0.7022093045249258
0.24231660463538973 0.21247795041019302
0.8949004998920853 0.30045549741853383
0.26047482378354814 0.018571550325877872
0.2690535512552692 0.8319179348186505
0.9003415572039974 0.529698483652159
0.26359998086116065 0.2985380051875772
0.6938974672290383 0.5434129616157433
0.2952012168556941 0.19561462308579936
0.867568903153312 0.905813278277728
0.9557467815639114 0.6090165604818227
0.170590031461195 0.8516395146218241
0.06840054050481736 0.4931923055872056
0.7671616381460169 0.5613636831035567
0.41073396071143997 0.6066306282189966
0.5465622818663229 0.41646133701795973
0.7688592095181823 0.2832145397706287
0.7007916833779684 0.10437473652636187
0.7503315086527833 0.13023113168572276
0.5382607236996453 0.14050130961451401
0.43130073825621995 0.5959458603435062
0.8890795819647763 0.6863851580947475
0.3870429574550238 0.19888026012734095
0.7106198828336725 0.9693897362296695
0.17199660875085598 0.018065282374577052
0.15736661184420275 0.06620307896750366
0.6000714775660345 0.9945275056706533
0.27054495199928885 0.5185473014604698
0.00971440932341916 0.3932156596925027
0.805511419384499 0.7371563722958512
0.5882171127715363 0.10938850188220761
0.1570541268631831 0.617063092315778
0.11523564746493897 0.10827377805550586
0.58447592471578 0.33972643144204406
0.5833563135264905 0.20167614708195747
0.5177542214112136 0.43091290904157686
0.2798380164088239 0.6440337934843332
0.9227362671488393 0.22723135224855118
0.21596319150351007 0.014306121108577985
0.03993419271403842 0.11505615796222068
0.958766198399053 0.3325143804743904
0.4397792770907456 0.690368910901213
0.3886681625621422 0.6180353572596089
0.03627563791605226 0.12949942095221578
0.35915841657188596 0.06433279879500753
0.3016744736303232 0.049388962685051885
0.1954302728872388 0.5633702418589088
0.7804302325230119 0.9048788357374569
0.121451009191897 0.5041843114576621
0.4752330617930709 0.599943260710524
0.5683907144737044 0.9766612565320587
0.565715736271788 0.28061414732420764
0.7611346714374654 0.6138093152097892
0.525020024367407 0.18450498098555568
0.15129492839007264 0.4067048785198384
0.3925101166497371 0.5973702654311126
0.5102046742450401 0.4599351812658583
0.7238499863174401 0.08047919208521392
0.30959018157397034 0.48106983703069606
0.002508083594815691 0.3817062665814013
0.05679340078327222 0.774967222327648
0.04193494921618468 0.09824672758360609
0.24252828583245334 0.9547495662409806
0.442026988582662 0.6203119547991127
0.35725891369313634 0.37579954216235656
0.7805501192068249 0.8056075125472462
0.06410802772820623 0.837030725890114
0.9404861248363274 0.8639239331506647
0.5038222563503076 0.5633654863273951
0.600965267558323 0.41798774103850844
0.9731671299441551 0.5506651509612401
