10 5 100 1
1266 759 1152 1182 1135 823 775 1258 889 919
846 1228 1112 1085 1134 867 1300 883 1280 1240
1182 676 1251 1163 700 1315 772 991 928 964
812 1148 666 976 822 789 757 1294 667 1328
726 667 1114 1034 783 1227 922 655 821 1212
1084 1080 958 1066 1120 1258 1287 1095 1231 705
1114 735 977 794 1287 819 1031 1120 1329 1295
816 761 1026 1084 1274 817 1139 691 1012 977
1268 1039 788 905 1250 768 683 1239 1198 749
911 1175 980 819 1003 962 944 718 1289 835
7 8
0 3
0 7
4 6
3 0
0.5613214807531928 0.5324712814061934 0.454095222024922 0.3636928729841451 0.37719093243916313
0.7813357984129055 0.9132285864755676 0.6056796027725313 0.5452057992362551 0.24209035439846271
0.7982273472221496 0.6742431030411589 0.3322189246149919 0.3673263934360756 0.2618516349770677
0.6659032278920576 0.3753724270142505 0.31891619685641076 0.8759265775706779 0.2502700013283087
0.7935867668845475 0.3007254565887558
0.08830356513052773 0.9616061686825794
0.07747782427295458 0.1982138142712324
0.003245498151104087 0.7240839238784917
0.9358072807408797 0.5555126586784256
0.8113817524037634 0.577193617427016
0.6410819645553358 0.6709487373873668
0.38182215431748556 0.5516479689567166
0.032936820519335 0.129329515330032
0.20800168661890917 0.4035468246794778
0.3946241062547504 0.28271495928209234
0.5418455234106183 0.8585775607785344
0.17971902614715574 0.736822839069565
0.21898056026972013 0.9259367726121563
0.02013595006624813 0.4954309290587866
0.6511358739941204 0.19261688037693303
0.7043882361898195 0.7773223364866926
0.7262157338582707 0.4349037324388072
0.6073595461492489 0.1347847737911625
0.6158415167225741 0.0161757201809396
0.9103819102639603 0.9309324657161131
0.803432918463481 0.12329244573420306
0.7136664243364661 0.8541890808339763
0.43255329959347444 0.8846333648182712
0.08395242300955519 0.4526618343854534
0.5090761991350667 0.3514437068738565
0.7195486826754893 0.14933309999119104
0.09533535564816309 0.4078882850678349
0.8565735775963053 0.05200098048637769
0.3851432260461978 0.6960673463445626
0.3001732109571158 0.41343580637483
0.491715611090465 0.1275683244579664
0.415688605436187 0.35234434010513427
0.01920021689126794 0.6835577031278279
0.3104783804594988 0.4579445133692912
0.14392155869015655 0.7385688270160702
0.5274471483295968 0.09984925841762338
0.4137118919247782 0.8822760376667291
0.5309914863577583 0.9436793948138085
0.7428639526283891 0.24825007378779018
0.9045991659016557 0.22228002844200256
0.49730834114179356 0.34805276958093834
0.9226137436582462 0.28775382700855245
0.832321351370376 0.22359210812853036
0.4476600053675579 0.5400455815226088
0.1191882496831771 0.9597029172353042
0.17806402777352326 0.8288085948066681
0.7319903357473365 0.264286379367914
0.17944095517441938 0.7774296864045414
0.6420716663497248 0.8253821479088537
0.21443421010734776 0.0923585854155613
0.2250271745290775 0.045876431166948395
0.45519299686574666 0.6421232817308768
0.561184002872293 0.1722008029499773
0.6539072702955349 0.09858910159303447
0.03187490047205155 0.18731815152392062
0.25700452335419044 0.1636776101077111
0.8043199228184716 0.5421194306666397
0.802411602249633 0.9594807641988281
0.2190109193881875 0.7582476457542766
0.9680127509502123 0.5102568415643094
0.1410674060850019 0.06924562581737881
0.25378117114661625 0.9801859947745521
0.5331745293357926 0.5061787381700853
0.20707483630081813 0.5824404981805804
0.8341891497665541 0.4886359425516624
0.4943160168885059 0.7888556612034427
0.9704360956352229 0.7648044309573028
0.9347634749671601 0.89027906003712
0.34454199004606534 0.3817252658848953
0.14963626484991677 0.8035254161711307
0.5593918561765705 0.7901875673531913
0.5784582938107121 0.3394504052024587
0.3639277422845737 0.6013143663586893
0.9694318162951971 0.408310410837635
0.715349499305906 0.35144192644959893
0.23532995148652036 0.3956168896192205
0.8107019100579662 0.9404840494594164
0.0820675771809003 0.48119966818564763
0.9322289106598338 0.23948984975088905
0.0005562459414365506 0.9406264369878399
0.9192037156032229 0.6344995210289903
0.02362864550122712 0.6044789981882992
0.009014727474603301 0.6187801385451104
0.6522084438288887 0.0681661672184739
0.6572603776392272 0.1415166625190789
0.5096721454256257 0.6661161102820372
0.29575717626328624 0.8628610994109385
0.41362537567431 0.5899317045207664
0.07739923254765779 0.6614448086508458
0.20485995549731006 0.7546123543470125
0.8972172477825733 0.7887823833321399
0.9054778075297365 0.44409394283589076
0.968727803257962 0.29510463529251374
0.8353277486077821 0.057549859761596434
0.043866087137048426 0.9692155522986277
0.1603581812546806 0.8092955620076867
0.7633902001880606 0.7920511514794035
0.35315667985082544 0.24467190035943087
0.21632103613382436 0.1425607916607643
0.7897405336810583 0.7540775828982031
0.5871251793308412 0.9196759316170673
0.352064449126569 0.7037755571636299
0.2957835922626477 0.35394886578497275
0.5202072323672875 0.9015397626996042
0.4853837533055936 0.640340650356727
0.12225198864239006 0.29767203725454183
0.5012202965936818 0.7558653623346463
0.9370629994964288 0.8162408942488939
0.35598228895331485 0.20038111950110338
0.39729531846298705 0.27366174084870276
0.7833805763207407 0.972439686775245
0.35680021594169964 0.9184382445463861
0.7497433517186225 0.6074081830860378
0.6435636652232146 0.27389595837762215
0.6596218309064863 0.5451512362558488
0.9963218221867496 0.34907378744641293
0.11284181155762263 0.9063289532840255
0.8529615899576508 0.13031095576759455
0.6395108118458208 0.4448165781042823
0.3019343918507773 0.7662457320367646
0.2687680649003916 0.2868426959865027
0.37855838234838823 0.14163809548551254
0.8314776352879818 0.8080249209351926
0.5333783192418633 0.43022706904970853
0.11719715139344866 0.5321391637247883
0.3769273601471723 0.6320724362002377
0.9756237048835017 0.7525325695557679
0.6864557157169302 0.8357511057257212
0.9788503398461195 0.46604310187273956
0.7199213040157231 0.2576572610709149
0.09094357475548498 0.7327160408090174
0.25944357869877077 0.2868318810256447
0.6274992967608253 0.8737149378530551
0.011650870285645043 0.539980969150565
0.5190367013317692 0.5581101029960263
0.6379897685779483 0.36137556885220135
0.6694190274626426 0.9690938867373518
0.8090035812385556 0.9603552650536118
0.09539797630958158 0.913039580144122
0.6244347361168132 0.4068413445934502
0.19246257778581466 0.6825669666859437
0.5368380824910337 0.82640105832844
0.46927397143771166 0.22134904704073932
0.22476851596888592 0.2276149891992436
0.4415110407786367 0.8664823098538339
0.6528935186928513 0.4433505597504124
0.01306486333633572 0.14218904527133924
0.18022951472862614 0.10062274215009626
0.5592235503401586 0.00005342994761625697
0.7860323933997357 0.46033227822998546
0.6690028884159549 0.053657971382796266
0.5371123646295748 0.8415688851696288
0.4724692659632561 0.08783512825307671
0.775652040637743 0.34720511245124364
0.046784372841070176 0.3092488110538887
0.9729974265751413 0.6945630910651237
0.26914815264735137 0.9720385453058722
0.9346421774773819 0.6332414131576707
0.011659356286169986 0.5672964140858934
0.8873718806281077 0.42467949693762597
0.9068792592909796 0.2890307434861752
0.02489269180643716 0.5368971265488607
0.724910696706397 0.6377262303505775
0.3053939201561042 0.02057518487929344
0.38086252720626046 0.5305597914924096
0.14370094704651692 0.10328624470055137
0.8818323651052782 0.4182537546928158
0.5084406423801151 0.21682851523129698
0.2325475683899214 0.33771080033962453
0.1716412620047305 0.7995592774382194
0.5374286131774781 0.1694511486643302
0.16521000480115866 0.8378852185520171
0.2434690020437964 0.40001063701459993
0.3641890323102963 0.42336797348775956
0.4867006134836984 0.7979288097921766
0.5994616079872042 0.9938886296101954
0.4326210672990476 0.8244690661778085
0.43929866560352115 0.9740751814970745
0.4855107981950946 0.8188317425188896
0.2797259025633341 0.5318411972560366
0.507656758472155 0.6173955810545801
0.07393234700426987 0.28326911146756206
0.37124228147963656 0.4809444768072506
0.46169031203016164 0.21858256612842575
0.5935857930673405 0.49075714376066304
0.6427610772717991 0.9585072750314754
0.7384802418360925 0.9037820012072642
0.058685114153545825 0.08277802619059371
0.14706046787793636 0.8935085080534788
0.2768260845254227 0.3426785776674566
0.21558212225332074 0.25146279603328514
0.4484063380951695 0.6445370311793783
0.18930441596422054 0.5787903966495604
0.5382502829427958 0.385378748829464
0.6384947053754113 0.42702364988280617
0.0731505063230724 0.698000698549774
0.6055897806808705 0.5413569240691767
0.9532168970541259 0.4695940450643894
0.01275046741700625 0.7038279263780842
0.9263838825152335 0.828198039204133
0.9756156568306464 0.7979175864790646
0.9973565380102225 0.8086771804729065
0.24212488363270768 0.19132423052795455
0.252462052942074 0.8627332359100521
0.8229363656647415 0.28957545932235784
0.19777634419909185 0.9103621375599629
0.46863957683263435 0.49367746757510256
0.6928494739582183 0.26437748907315983
0.8110987813475379 0.9233783770194952
0.877381588654403 0.3455236005650386
0.7035822105164224 0.7079446927430866
0.6138790387379023 0.9500503883035181
0.27450293132607007 0.7933329700555449
0.7387078233854734 0.32073764085786327
0.6430126412695665 0.9315783196809848
0.3701089954771395 0.7574218354646025
0.43816251383755933 0.8717014109189383
0.003773418639557047 0.46545467245605177
0.35916299672037355 0.68249807160254
0.7644775431723307 0.5739696300956061
0.8814939133927888 0.41135504247921917
0.12849949713957387 0.18992126821245447
0.7883524971044156 0.1908179906008154
0.2867105215680015 0.706238032147452
0.32818330883990043 0.00942016422221692
0.5172157565552127 0.45246964566184245
0.4964152534987234 0.48373383416160465
0.6773232821619739 0.6896342022258177
0.12076559860532576 0.12000158019871687
0.20169818040986565 0.8509974117851247
0.15407211320912295 0.7564577067320049
0.2573401942933975 0.18195489884451543
0.08314968498605624 0.3369335028411944
0.6185914128394867 0.32625891182846734
0.2346280859419656 0.04597529989517346
0.9609884653333365 0.5927777425108711
0.6068821369715354 0.7536899343761387
0.11706783312828528 0.14096803227449306
0.4722964889758925 0.21367211175949752
0.21177166776577017 0.1990002915749911
0.5204140472911558 0.0635320124243961
0.9206544293880838 0.544484990226703
0.2906383824777563 0.2471695335325519
0.7685835602129625 0.7155456164210929
0.1168883556433502 0.2081412568350618
0.9276783810545184 0.29156941359418465
0.4138075360734923 0.5490687065708977
0.6115309262013005 0.8857617234810597
0.5557047068859484 0.7701048596741875
0.5602545828953205 0.025745947377720624
0.45243186551871406 0.5652033177880045
0.5351483497021849 0.1082947869079458
0.317168804257395 0.08988806588403486
0.7176681710490542 0.18638228013613145
0.5929768920379892 0.413918722144786
0.5408897462492088 0.9687278414109193
0.8101745665988729 0.6714865336055371
0.31613775645412545 0.31958049528410193
0.8326927631459617 0.7202152857689459
0.4345191439125189 0.17544741607128822
0.9488864433754616 0.3587185805325288
0.3117120393082706 0.6459141162319288
0.7332851694055056 0.22608228622057025
0.6883281547970557 0.05370648198140837
0.4689244919887141 0.5396863176772677
0.11875003721558164 0.13928658930307214
0.9109536301737213 0.9827466877921638
0.5663006070023164 0.38903840817710833
0.06782739269163218 0.7855333951631362
0.6817865392395648 0.9226618513763594
0.5140228369138213 0.8571768989535804
0.11922455489093187 0.2094298072159293
0.41360125991187946 0.2703075097231318
0.789552820563151 0.6077773739542025
0.2640662760909789 0.044424529813412494
0.618446916851007 0.2047898557234651
0.37623682329368635 0.3291691441202371
0.3081554235785502 0.7883175053132458
0.02284903305379249 0.45592744285244513
0.7114007757283183 0.614528891202089
0.49751839634403083 0.8208182029155078
0.83833087384268 0.6445896767393042
0.11774848240302904 0.7489701531012904
0.8933304700280957 0.7999340554104393
0.054733610739118976 0.3306439745971488
0.8174066547559482 0.7789640220512453
0.3777354801105701 0.31798111013786645
0.47666740336031155 0.06105476444300506
0.45610294182024647 0.3572773831679994
0.14043315251388488 0.560472427600351
0.27312015513235854 0.017444984113531792
0.5103526941789513 0.3605226674320423
0.4837150304966069 0.1033100110215961
0.03440076398747993 0.7648450113255099
0.4484401093334056 0.05793225241807498
0.8514484605196067 0.4082603049405875
0.8768898946529609 0.87218425982386
0.4147120826914561 0.15134693999553694
0.6462550879127418 0.4363494400967076
0.3828539443922365 0.0994295452494498
0.5338897393234925 0.4693229479985934
0.451865493163756 0.4111225989286498
0.17416570316894742 0.7551227689263904
0.1493560986267939 0.09307860510714083
0.8044567230136639 0.9332417668065476
0.997011146831249 0.6267950433844711
0.8706618079699018 0.7307329155164464
0.7696024427240344 0.5293332183332902
0.2578736606060039 0.4463596720403824
0.9227171484026881 0.5059480624823345
0.5714433587147747 0.3689215838325588
0.17410151037287402 0.7302779375425197
0.41348358128414087 0.03482010006443814
0.629932175375826 0.9080379043942486
0.579867142452468 0.15822174698672065
0.6366884473420753 0.25879916434572325
0.40817952719107686 0.40562192377376616
0.9881718569301499 0.7316527909730917
0.4374006175177769 0.6646894803277799
0.619497754358983 0.6320327504805747
0.6066562194253546 0.29819505278701186
0.4159321255910222 0.6330484257570024
0.9875100693095862 0.5069079892729071
0.44387620339475253 0.8210793374967089
0.11991683823584931 0.355906800505013
0.2928883126659456 0.16769902601442355
0.5311368334550977 0.6342239126684213
0.07694858305297192 0.7867782454236301
0.874815689032989 0.9600584086098531
0.2904730446805157 0.46310947432088523
0.4103229350363693 0.1396763385228863
0.9596300214694529 0.2626695374896051
0.9512244420120477 0.46323825211769165
0.28409784252479686 0.3950397476099572
0.5094771736521733 0.43034376048602074
0.8731246389072771 0.29504187450392116
0.37644942035531814 0.6033434440225369
0.3074152737829794 0.9123741639808232
0.2664926863239272 0.24065729172285266
0.3086676385175753 0.5992640402677092
0.3320603744058641 0.43424662543026726
0.3630270375216593 0.4531152155632818
0.4390409869204932 0.2915776070371532
0.5102584010866624 0.19527580599963512
0.47804042699580784 0.9910619649541945
0.6079781802517579 0.6590031912767009
0.20243240355978398 0.9067478797271604
0.26937909205427335 0.5748988545331266
0.9960642302086795 0.10163972593146298
0.012174739684683189 0.738873803680504
0.4970034943896524 0.4041230713217332
0.5720101394008048 0.7935125775411347
0.13211790473139096 0.4815550097188377
0.6562489162947731 0.7596414992345111
0.48317560498716006 0.79788510539783
0.6302704330600593 0.2064332717621511
0.2689292359443807 0.9457205117634762
0.8893930237495371 0.4888102085782555
0.38472790305624094 0.22179603999658837
0.3001570591503724 0.8944165711897614
0.33121507325181065 0.19220079501937315
0.08628049603088273 0.5625632803320857
0.9074743917415102 0.0844066324705266
0.7955551277632837 0.8774699347766479
0.19083336641345805 0.7224655482273425
0.44268511500367214 0.837883927499228
0.7154179274753267 0.8555990445688308
0.6884933183005411 0.8248867139543896
0.20528504669604675 0.612701585084517
0.5213631517547481 0.17644429589696098
0.29063625103938673 0.724492991329136
0.11218867106535746 0.9264192083196108
0.1501036320388367 0.9992979907644586
0.33912729064892333 0.43118195087279876
0.8913231785936939 0.8619033892806254
0.15026326752086683 0.031174350012327157
0.12078043614085532 0.14574083349817468
0.8263324385883479 0.5078534629350244
0.15027883758207805 0.17739606798587793
0.9954161072165149 0.736374728995147
0.7403794061233115 0.2249909512537116
0.9521393216152219 0.3616705389363406
0.8782684724466081 0.9023234197053573
0.485199450721191 0.7961892446363308
0.13686187396633587 0.8799625546316223
0.02115307150024126 0.5516543746131417
0.5244604427319985 0.11359928766300342
0.7875036014210093 0.35143068757172213
0.4745074414917174 0.913035700570086
0.08877789804506331 0.4640397947697381
0.38526828895811294 0.8147865550514592
0.2050393648087483 0.6615155567531301
0.7731560141119498 0.28350660366569547
0.6542449279762419 0.9736124984010068
0.7858470643060975 0.35641369597789496
0.8256311423936555 0.3419132167261183
0.8591887292665317 0.15627046130061406
0.46570162878968624 0.5637327909743655
0.8223068962302122 0.8916984783680966
