10 6 100 4
946 1001 928 959 878 1023 1021 1152 1250 1183
955 1102 1025 1095 822 910 844 1302 1252 1298
1082 964 948 912 1031 788 936 1221 1234 1215
999 905 886 836 792 797 790 1281 1398 1347
926 888 1081 815 927 934 1049 1192 1363 1249
789 1083 899 852 981 802 985 788 935 857
865 812 880 1043 990 1098 869 1027 1072 843
905 852 955 985 1013 1016 1097 1055 1086 793
1098 1010 1019 987 889 1075 949 910 896 1075
1067 1074 876 966 1029 1001 1040 995 973 1112
9 6
1 5
8 4
7 2
0 9
1 6
0.4479062392724137 0.5625667141839239 0.936162837901559 0.8031193264205887 0.2906271505893535
0.5622597406016245 0.6493295095940856 0.6029690052522727 0.4326206697401704 0.23082297614346425
0.6480459301463881 0.6551839282198146 0.6813427095932142 0.7130000453925829 0.3648052291461893
0.66724073583432 0.8710512230902272 0.8081775170249479 0.4877838429432308 0.47160239330136433
0.6549048677680793 0.5016461492896338 0.4971674895523094 0.3608014612487188 0.13308085506367853
0.6657223987288452 0.537745538933222
0.17647784933151534 0.46678325457861636
0.7223906814045937 0.3988696304164505
0.5037359000072306 0.18830556787172448
0.23699209998748172 0.5149436927952245
0.5194477673932627 0.3096414233872864
0.05925892112335562 0.741896788546115
0.34033757681640164 0.47156092966240437
0.15151992447423135 0.04235464754849283
0.15906786853327293 0.7825996436719131
0.4224938266673106 0.19791443342741055
0.31827011567106944 0.05581940524883011
0.6203432428304256 0.8957796225004682
0.4760936656888528 0.8841147835459913
0.098155663920928 0.5426112080840966
0.7084716872838075 0.36019166190019525
0.434701375755991 0.07022200746358798
0.7794074065973724 0.17171674423837824
0.990646186272715 0.9915244806433843
0.33887127574936815 0.15188516514518158
0.5382764886146325 0.28275715319074024
0.6328211188933885 0.606010142594406
0.6946495650114959 0.2733497299775389
0.2567468439126752 0.9967361400562829
0.1519552956659067 0.820718879521972
0.859566558776196 0.7398822371335734
0.4292017760063196 0.6711529162599386
0.6313115193346519 0.8579513141484256
0.4511101916336633 0.7830262563253769
0.8150077090617458 0.5829235132580215
0.8413479749142194 0.20833949163655685
0.6819249884212706 0.634241298519574
0.15855470233245872 0.04177795346154678
0.7659561026811719 0.19381366038123882
0.7983735264931779 0.2955092525969132
0.9733229754056296 0.9754618326652535
0.3618199988300872 0.7699556048941807
0.8379597551557598 0.046446339292623096
0.2068655512798343 0.9271629798201435
0.762304760188387 0.6716422631059593
0.5553599941008727 0.9407351163747499
0.20049711452434837 0.6135394984351741
0.5268115570469405 0.9071383671461968
0.13784574513476322 0.1685111771805834
0.9016011655464831 0.5572066001130627
0.33230396739107904 0.7757969454530056
0.36595226509811196 0.3005657990477246
0.7571421180275708 0.5936260551801364
0.9268236086115325 0.28655158710936957
0.39959203391029496 0.8805347364113278
0.18196027557163874 0.12157108336953915
0.7300168445875097 0.4532242460104521
0.7018835192737707 0.9344920524602325
0.9147633572919494 0.06489723609958276
0.8828215816299616 0.20059986051744194
0.11705413214187477 0.7516774136652149
0.21004947350030667 0.7144534014782331
0.08370263569788183 0.32256961923557426
0.5293875445174145 0.8718501667999661
0.32715961551716766 0.39892103645228905
0.09116882447196994 0.9361691127771026
0.9842947298048517 0.5955844659206619
0.41073064723923736 0.435743240893917
0.7682305080295866 0.4754077728498851
0.24331891079557866 0.3371942692643457
0.04436140177893266 0.39458780975399077
0.1564296726530059 0.11170052259681285
0.5696835191063749 0.026291295095900002
0.07761965656619174 0.2324910678854064
0.748102903171304 0.2012879031072119
0.5065573077452252 0.03539236018388259
0.6636998397974747 0.36220207850002595
0.5349156191973161 0.033214104655487686
0.24883614677125387 0.4708191358804614
0.40950888560041454 0.4712097416628944
0.9822852073844299 0.7605358951930492
0.01303990236159458 0.5373195394541137
0.9068134966466743 0.17483226862343426
0.8783883844711391 0.41381789941675207
0.4288058624539033 0.1508715395901692
0.05899527769708457 0.167008224182984
0.6528979621960695 0.5306308003607385
0.8464162765416083 0.2652784927483365
0.7718790186882047 0.6147402471691528
0.0772470724114771 0.3669421423436703
0.4240661394081984 0.3453433888607611
0.8483040379866125 0.1636187397580935
0.5581728575064635 0.34083037810582306
0.7184613872513763 0.4794462777337769
0.2448037518077366 0.17947574824034085
0.10562437143927594 0.9821503090245738
0.24445196249118362 0.5728981023171906
0.6732935273192857 0.9381034429836645
0.8598902283742591 0.9195859685382215
0.5250270934843986 0.8317015246630586
0.8307285066549805 0.24408755666783777
0.1947023470543492 0.32613526930334946
0.8782723880717882 0.1995369917757941
0.3536737650303001 0.3926903939666406
0.9212104933199945 0.41262697835981244
0.34133449703666274 0.9604132773965348
0.5562250438474958 0.7384827869418515
0.6340706749825591 0.01739211806572194
0.6171390441831504 0.1828358408151689
0.9477756668800912 0.005750451082525476
0.6497342351771851 0.20589044265771173
0.47531066930024024 0.9996867853691167
0.3773967959585811 0.2994513534016534
0.6939118748381805 0.2711175121745797
0.1675260067241895 0.2979711083561074
0.45512170510697336 0.7021445898397463
0.5384020526401354 0.6998330635252277
0.7867697869328412 0.830019846767178
0.48910876018428406 0.3194245105053308
0.03865401783354838 0.9144278819390648
0.6735754164185586 0.2332827669633144
0.4225489644267777 0.43697472030740014
0.1489089739267042 0.6609080786933046
0.17687711688918406 0.34953843935979134
0.9495079413864183 0.826780513616882
0.17333649593675116 0.289373353968984
0.5258342210847193 0.636343019709565
0.9650987386164236 0.4853669233040181
0.8706685244072543 0.806356462661955
0.16392910520965853 0.1377449564426123
0.11577173584350908 0.8273119677042642
0.35088681957877155 0.41482846397929807
0.8183448589890101 0.9752845131211088
0.04792433368890081 0.5941059108418338
0.5547291061444641 0.4828253268856344
0.8396893614801111 0.1646803596658415
0.10223215285523235 0.37981913016031243
0.11819916649665085 0.8661651316273029
0.6610111057072052 0.8529806235263611
0.790440399561156 0.7226821911754218
0.4608962426469829 0.9493103966566836
0.36244589201244026 0.43503064509110967
0.9544412101092348 0.6543045236423102
0.7151937994266129 0.008236735210208623
0.9029156764730011 0.7182993298102196
0.1365578698109875 0.6400937954941184
0.04139085956774902 0.21630829820423503
0.17888669339556063 0.34292342603601256
0.254164959576177 0.977317303733505
0.8504316762142903 0.6073938128076481
0.8418303076653915 0.8535846226523929
0.6012306871280704 0.20720046838181583
0.6397937108192651 0.24143439485512208
0.8514367858856966 0.9064804971433604
0.9708687802934819 0.855216406336575
0.46845898088370874 0.7308159127809908
0.7212218795460232 0.6405856135275452
0.2628438017374939 0.8748144409408714
0.291295058678289 0.8201074620213695
0.5062263407738639 0.3455261851723743
0.006180966230763474 0.5097343934614309
0.17469618809948995 0.9459696747895887
0.9113013239627832 0.6839095502572088
0.4041088716105996 0.8013144349612313
0.3537276170951431 0.12294869072586745
0.07126982836487494 0.16553739936074496
0.11911375862350693 0.5314306488317162
0.5593781947860343 0.38118727674649655
0.27868502533826156 0.8554773060083649
0.32393177162813047 0.44164796220808467
0.12905073398946 0.07326978208910373
0.1851406200496173 0.2731480903691612
0.7303256812047478 0.9598012209922897
0.21927708868369966 0.124832050140262
0.9572562842418675 0.5935262706962419
0.3706846735343159 0.03546060892238567
0.6922301893475469 0.02192721672244624
0.396658421316173 0.11189326667456978
0.5029847969344385 0.18233680623555193
0.3356566609079463 0.028382440369052242
0.9513399549562831 0.1392517630728336
0.7265251374694273 0.13611642429265913
0.43677678520496044 0.11292180386896944
0.436297117348849 0.5569929399431934
0.7899141854256482 0.2483876938985794
0.7729341392505134 0.9170596752272684
0.41721047961514746 0.8633539314916523
0.9013524497418286 0.6207543105490054
0.2734524253003354 0.34775075417314705
0.3122597609740976 0.22385127771507185
0.9618030781095126 0.32770954625276705
0.39547061126863725 0.9105563698721801
0.011396615041765479 0.7381828668959796
0.7262167066233178 0.5345622966460615
0.7797826469281777 0.6173295001178762
0.6650398537948063 0.05638723024392256
0.2776838270791542 0.25171371490699324
0.43053491114513687 0.6649436840184919
0.5650011915782192 0.5127574812862501
0.19644124318784106 0.4047243748763003
0.5994464390490102 0.4466163387879043
0.34884680179125405 0.8706616486974144
0.2532188430896909 0.17580341610564276
0.37678818863498 0.8887305730502055
0.007905340467841082 0.7654846863338287
0.23736298937358535 0.6653779450180097
0.6281529269984658 0.30965142705801285
0.06587665823539335 0.670004679417251
0.5167835636553095 0.03961242089619965
0.13717433163389514 0.5645737564299402
0.5248416816828814 0.16541559692251018
0.014610645061694294 0.2276276832648516
0.7306845359004739 0.42485980893478925
0.3055888046737978 0.14202765896653502
0.4772875372390013 0.0015642613496154034
0.14565296479504797 0.42447927704708577
0.46916511698685537 0.605237331802245
0.006942910942973501 0.20667177378377
0.38114612372170376 0.5183477570902648
0.34740453627078516 0.5746836495051721
0.614636804160531 0.5511145769465657
0.6243755203741255 0.6865333455917002
0.46453203267044363 0.4412281666811193
0.7560848051979026 0.7373299456905795
0.5898012281714975 0.9101908096472846
0.0988370901960347 0.4247467385036683
0.9296618455098546 0.23036595516687242
0.675176024316652 0.26015319610947163
0.05885900498586749 0.5938422247261148
0.7885801439352176 0.1384023154271512
0.5102853355724883 0.19902976038004971
0.975415779315125 0.3886938457355942
0.9164271750282786 0.7634218857702786
0.4595108191449204 0.46099570532017475
0.704888249355955 0.8801375143020089
0.7108266038687907 0.35799522991820676
0.8308303843791669 0.4449054191509614
0.7878284233426578 0.31025632829419614
0.4447673278896087 0.471808600387831
0.37286719281543323 0.64373080658338
0.1766661463098771 0.7415850595640339
0.36682650214399604 0.4261115044775705
0.2007947919689943 0.015613803658020675
0.6064618228280172 0.004471186179584308
0.03048409177431166 0.4438900127135481
0.6525431920683227 0.27143613950862466
0.14682876434938663 0.8416741786640107
0.24126280822472745 0.301320161796639
0.28717373295576065 0.37029039192260815
0.5019780946467511 0.9965483060112326
0.9871369262738285 0.40469155517843913
0.5079797198244378 0.17906062571188475
0.5985846180260352 0.8247281256162677
0.7761563600230812 0.6132127276315216
0.11973314036555771 0.3345097350258086
0.38277244395564725 0.7515679876152326
0.3543250783452394 0.798799288097952
0.941262870156715 0.12666812991297705
0.3083476525668285 0.5233184117985981
0.5282345646215476 0.04711478584230511
0.8798532698633745 0.21313757961694013
0.7912635851038017 0.69340798534374
0.7337006593974977 0.6798153861935792
0.03226354011684074 0.6295710635098319
0.46128506333091246 0.46221939773629606
0.6694379362688889 0.37432581149528277
0.0298900499338417 0.8259555830734608
0.09529044025684352 0.3012666875665879
0.7274054074331826 0.9023802785925736
0.45714187731535905 0.32377471487754406
0.7404217778495834 0.9189885004496356
0.19484091675768656 0.0778859589450287
0.0002285310181773248 0.6556812468120459
0.9167951294765535 0.21926914982851398
0.9919662845419779 0.46996830541257806
0.7786754161372647 0.61885793164168
0.7563039884391545 0.4658363385988238
0.5796246363907054 0.8962986178945418
0.1350045725139135 0.2801676412986316
0.46029927335844034 0.253201617783436
0.41632225430557623 0.7991581177177904
0.8786567167207298 0.9735499525430853
0.1471188511683501 0.8168596283670808
0.6558935196125344 0.5177016466381732
0.6894357770584185 0.8879823417145805
0.03387231329077278 0.9875842058376902
0.47966717240299817 0.6583429585588088
0.30660587054332056 0.4808340299042715
0.5386497534632733 0.3369091445685546
0.9733928741189253 0.6985055067464057
0.1348248882059193 0.022563389554647095
0.9552117914426259 0.3221509086280736
0.576092125880534 0.4944414192687352
0.37841605931656197 0.5296234761363348
0.16357834244583458 0.702507245105157
0.857584481565431 0.38615363489554055
0.7048946715043178 0.7927393497055886
0.7013442199351996 0.9045628003430701
0.05897216993494592 0.5053435354428655
0.17720001143217057 0.18701126367970788
0.23182870336278483 0.7821459802161699
0.21275865528694715 0.9144297763333742
0.2824420715803879 0.9072344037650406
0.6689608401437532 0.6164197864613308
0.5929060564046698 0.6518005828290128
0.7888380768170378 0.0031517727870555845
0.47730139087008183 0.2087237050764459
0.12242639816797296 0.12372340698347917
0.8902379220164116 0.48563289721293135
0.6208085118759492 0.28785042959374474
0.991994616347754 0.264029366949994
0.06039888715840647 0.029453833182745637
0.2796978826636607 0.14217563826737067
0.46759744601573283 0.46128365987536113
0.11329265727652671 0.48253624038347387
0.38452303705915014 0.8248683548434381
0.1737357121733316 0.24715827324603978
0.11502095217478248 0.5325929258761684
0.5867988411209448 0.41515024304105674
0.10083800318116865 0.8732965011090132
0.4831020977925897 0.6773288726745765
0.6637968995116956 0.3271542550618378
0.7455388857813952 0.2653047202252987
0.7033615023858495 0.8163693624218056
0.32638511902846323 0.8465558693624791
0.8510797273211959 0.9035130774860838
0.1768492386900915 0.6931533400717904
0.27692542627346883 0.8364992286861532
0.5215825680360351 0.9529831240639677
0.28375622873067563 0.5015250496030792
0.9696943409319625 0.05385589172238059
0.44504413404263454 0.3799922554294124
0.718800181956049 0.14417198725571523
0.7257409049913519 0.8413002904629869
0.5148869858057974 0.788788051687312
0.19203370283503185 0.5173653812571182
0.2510437634499516 0.6841313602460442
0.9930672343029636 0.11112590821679857
0.7160630731226085 0.19455014294483264
0.6815898492548631 0.3090030256788445
0.12787843408521837 0.42473274480483303
0.24167406376095002 0.8507234475700629
0.017923649916239404 0.7873308382275237
0.7966511813907624 0.7844770412215067
0.6896529710851875 0.6693567993057992
0.5027360879530716 0.7539828122014913
0.5739800315123267 0.8926086650008189
0.6541142253064267 0.9904708788825212
0.3188195754569312 0.9957424819883338
0.010123485948024369 0.40827836353678104
0.8391383779237087 0.15565724660093982
0.38226710854360046 0.3687660929801082
0.7584041344204433 0.9848375783340217
0.45937915472642765 0.3652520780801234
0.7943912372483912 0.43989144984451545
0.029189084226374673 0.19123657903743219
0.6966277180059892 0.9483263068545382
0.9989911966483513 0.3633180675803358
0.20602271519036575 0.5418673487225718
0.3102302957398446 0.5356923738656085
0.5174721637284041 0.8652607126456591
0.5894298347337508 0.9375193790785843
0.233836322516507 0.0035630877119769977
0.38109370049700475 0.8070298586249622
0.6224837365926366 0.5997646077351468
0.40183725003012616 0.3461876714675558
0.4364614313779218 0.576463127071074
0.7419964799564809 0.01438384870212861
0.5108916888634512 0.5610504588962939
0.6635211904816123 0.05025914452718738
0.3284338839144416 0.3079393364213521
0.0021100384987784437 0.706528914411261
0.9881999717268162 0.8419920027185879
0.6674408294675436 0.9200740882362672
0.7053713313764052 0.1854298178866265
0.6026242429957738 0.5494379747409308
0.13667367101605654 0.18329818927258446
0.3653940814251635 0.9689473885770168
0.35206345249150894 0.31360259328704054
0.5443792220198012 0.8581488159989439
0.3183487601814503 0.6018986879010646
0.30462935618585485 0.9229216627171442
0.4983836116862006 0.15819844959159446
0.14632730136607908 0.686521200752463
0.9914188654720593 0.03539615829861198
0.2192607737892469 0.7800498622394032
0.5955374288994784 0.9237355127623177
0.45087224632753964 0.43179740657777543
0.6907383102502731 0.6622255070582017
0.717652280907171 0.11734396688447868
0.155031615911988 0.8607803026198653
0.036044284198607945 0.03948035500384939
0.7086561326072365 0.42780235578576287
0.06440352922745274 0.16197389258143646
0.5201428904273624 0.11989149118615128
0.0938789359018306 0.48014625574765546
0.36090454432596486 0.4022303835322647
0.5231030610554257 0.7355864058554731
0.22069441866481077 0.5849342060375806
0.80933646165764 0.8084109590589177
0.6672180731128794 0.153430735197152
0.7875251684978 0.5077641968157203
0.07871057374120394 0.692058005276974
0.4464285303840969 0.8624905340461155
0.4357359917097139 0.02523652600404014
0.36031637911047354 0.046733940697712084
0.41071661326186404 0.7552855175725071
0.08596905966300716 0.8319382237809692
0.7868832523133944 0.7762741199297052
0.3297261312240456 0.9140229464880334
0.7897031195262167 0.8301035706981543
0.23673887327461252 0.10335078026211653
0.7732475495729383 0.5700273190703549
0.5152681500477612 0.9321222885945495
0.0472541664686712 0.6411359867471969
0.7120806792797432 0.592066911430243
0.9814941256393659 0.074823043235555
0.019805828907039302 0.8233956303857379
0.5735056871841271 0.8449042113584264
0.2586244863091163 0.4268501986288482
0.6461160975986888 0.8557424953601191
0.3797537051519626 0.012106732485145821
0.6768927588860612 0.34654394202330674
0.8888869068771958 0.16314421725020067
0.9662681970940696 0.9777793206355783
0.47076630964480604 0.3913140582288499
0.832137295583752 0.20479363455296706
0.48306502919008376 0.6869095304467017
0.8654728975717021 0.198263153579203
0.7639524985587469 0.4948777516116458
0.07500888611182122 0.4856285717256035
0.5853733136185788 0.8657394488405636
0.18176115329646958 0.9999392393654418
0.08229834147392023 0.2072752113331664
0.6844825248570761 0.19607273392063163
0.9815092880108307 0.5591590254864958
0.06661719533702914 0.8874669198322143
0.19453087849876427 0.9547700341202923
0.08898920601510252 0.9930266653195039
0.8849965847469494 0.5416024367989869
0.26001660490907796 0.09980548867986538
0.23027727639379214 0.3123612166921719
0.07208730114093109 0.6594697150967823
0.573522705101768 0.22241661312723338
0.03701003843148487 0.7697998881418882
0.021235705740178856 0.8964685253593674
0.165698917506635 0.7159305221262706
0.12767142590329672 0.33832247435515805
0.20424481964679453 0.2687377807342537
0.2396559576231052 0.0016036887987223025
0.6179253468077299 0.7193080492620152
0.31251680427103845 0.44135652179427964
0.46917894903620105 0.21348495022755287
0.05664653658398344 0.28538810733360775
0.1574039165360972 0.43497724363286827
0.21931973645164904 0.615271560773061
0.9522640190659193 0.9783227420321601
0.5996246470689621 0.9256456438083118
0.7935908785018717 0.2935586129112784
0.9978369679148185 0.10292981128764755
0.31698513687313623 0.01439226757956269
0.6267952279864462 0.711710402783817
0.7545505969163253 0.8485941470652143
0.8151813015685889 0.8523695120446875
0.8395249656422483 0.0779285352546033
0.7174360392220038 0.3535813690359888
0.029317584322533286 0.8610992654428595
0.3561949844791974 0.25222235650616565
0.03578285165502049 0.4375476939232532
0.09054096705395964 0.5904835624556595
0.6338386328973795 0.20077866893696705
0.35085498933679826 0.8773518139873993
0.27822885831390387 0.7717508143064331
0.7813837065621934 0.6109080232689776
0.10855686061803116 0.13718826374902293
0.40716567033258855 0.6996769083576342
0.7302684151570225 0.7518432689091827
0.4876968829837036 0.6902983838732863
0.015801651671996098 0.132777337711677
0.30623558311389076 0.6880252179563888
0.9566786058384271 0.0002766019493027905
0.9285469083365614 0.9966209837151487
0.6383117598366395 0.8703632512489567
0.15019903567359139 0.6284930536685398
0.15162594786889638 0.33517626780575327
0.9815056285954662 0.08811994697917602
0.13004139542407045 0.9463820810238246
0.6948058940517179 0.5414621628779102
0.03574356269539147 0.6080480734141454
0.49755693453775907 0.7064830206067687
0.5386644780171796 0.7094537262349296
0.4223625271582445 0.20976848177223206
0.9704845903654331 0.5401815017149592
0.6960209759171012 0.3828684492205443
0.043626282589481535 0.7402183250748271
0.5556208318616929 0.6844072598834965
0.9749073428965418 0.34551623597072645
0.21342085731823057 0.5578954590125635
0.36152860264181674 0.740555448921941
0.6701576752686846 0.2806288907558929
0.5577518839213473 0.8883944562932864
0.15415570336415763 0.7635406110087837
0.2730365071234877 0.3539053820318716
0.3011482227693969 0.14582890780048374
0.38899297598638904 0.894368585160352
