10 6 100 5
782 427 976 1368 879 649 1429 1567 1669 567
841 512 1340 1343 452 1592 919 1100 1263 1445
1170 1623 1287 1081 1750 1173 694 905 1453 1437
787 1190 1360 1701 1120 423 1281 1743 1415 1543
915 1527 1340 735 582 701 692 1017 808 578
692 636 1104 1045 469 573 1238 1167 612 518
618 733 1257 708 1174 965 473 476 1162 462
970 1277 710 849 738 449 589 1072 453 630
579 497 667 1152 1445 715 621 1469 1703 538
1248 647 1408 1203 1578 1119 562 1398 1067 1414
7 5
1 0
3 1
9 4
6 2
2 0
0.8902451200589889 0.7436984710805645 0.4320511483460311 0.46022760443230604 0.189098421429573
0.39418422964120936 0.781124754406763 0.9012681942216489 0.8880881932647795 0.3607752321076434
0.6099730921404811 0.5139915682233578 0.4589279141022859 0.7631850953091297 0.29237724404105
0.6529344543817203 0.4143609516363612 0.7781110449046509 0.7954573381819237 0.2087845987546203
0.3581888436100097 0.686395708994205 0.9886228012155887 0.5998049782954689 0.2498748557211007
0.006597187869695542 0.3833103897176968
0.2446369633046941 0.0010896366679145064
0.7160312811101808 0.45538571110279613
0.7373367315651718 0.05021632225356387
0.6567215555383077 0.11161468035015432
0.023636509522296345 0.8325733145406924
0.7101349670191672 0.5857674668152872
0.6956607813108526 0.14139557501972422
0.1500377709056011 0.17188049018878226
0.4538236364063737 0.20012290246334397
0.06794271258616758 0.8837953783315533
0.47492139610682993 0.7222148688145611
0.5020801137416391 0.11758426216122997
0.9431756197853467 0.935265133879065
0.8115905301109254 0.5850050458082374
0.39949027314975316 0.9933682869990816
0.9002245783434046 0.4107599164348672
0.8651521794161872 0.13844756319347806
0.9178948623792895 0.07810400128462214
0.9728550697693092 0.9664993050228989
0.8666035673577808 0.7184463980875022
0.7467197729437272 0.4856817669418714
0.6450401946641509 0.8318007052446466
0.29760322668770334 0.9556858715579786
0.4087220934142852 0.48966270500237385
0.4369569195078722 0.6221826300809661
0.4026897575431958 0.8369533474496009
0.2546872622662786 0.05704658815287855
0.15378366034049984 0.04579771850198777
0.34940068508924216 0.5968781325546351
0.2697371926637535 0.6206947720312952
0.49886432375292866 0.6078880624939518
0.24630116421410664 0.10690285960394008
0.4668561452031621 0.9481748109286294
0.164103247178768 0.6591116020774961
0.9725903881825757 0.8660115238871049
0.40282612027688325 0.8959504264847891
0.03705327596449037 0.311384101110739
0.3023140601309877 0.44964655087507177
0.09811790065560655 0.6790727491194612
0.03122179349480181 0.500405769368421
0.6826326428087564 0.17105544114115423
0.4420347608971533 0.5102008670029106
0.5759299184292508 0.3645200767983543
0.8732333832830359 0.41357346249269544
0.9574450542671105 0.7921447845134602
0.18071852944485367 0.31958531220584496
0.3101175380303589 0.08316981953925828
0.05743717626859057 0.9794838662461087
0.011858919249609468 0.8195916488960557
0.9788268212634088 0.12642569018823924
0.5621351408155544 0.13494086821685247
0.1530444921102101 0.9782291551330025
0.23849128054436552 0.4848503503418946
0.9775730735381483 0.09587335942093445
0.08818005048438349 0.270031388915571
0.7704239348983477 0.43040908936648803
0.17538979052611303 0.4469817184469347
0.14568317675439557 0.29746813366128766
0.39541358222144196 0.7178697984978617
0.26710783492784085 0.15969074362828817
0.31656210066503543 0.7385309820326147
0.2527424026983518 0.021938143592717063
0.44753643269511145 0.7823186111245504
0.11514776831904538 0.5398941308407088
0.03759782561959635 0.027590662257640508
0.3741829882204406 0.5986263590415764
0.31164066777350063 0.19401767795660074
0.6197354773367614 0.5437303207343391
0.40607910224991617 0.8964282086570547
0.951341094009216 0.2138548341705646
0.8693966202983647 0.8332572309747885
0.9747387070922777 0.16634724510170473
0.7059669157940178 0.1026367271305011
0.9376281781385085 0.4353624219175638
0.42158076221832297 0.7553757531787058
0.09512508848391255 0.7515580397765975
0.27410011910632015 0.8547824822706163
0.890745322733903 0.18118310100246338
0.49357051019290354 0.3388798175272425
0.9032577531858734 0.9389750460007433
0.00048685881459542557 0.842508578338796
0.8493655122710211 0.8638549713775152
0.4731148618423644 0.041403158617381086
0.3065260466706441 0.9241713392094151
0.5251041882778877 0.6719055385361687
0.8117735349324215 0.4240711589648263
0.48545808454623507 0.48570613375058014
0.615140981425587 0.11302135299099936
0.5467392361828278 0.926997314994682
0.6563891539007658 0.47125283351101954
0.7802096790052422 0.7718529526546032
0.10826107615479308 0.7891112724838669
0.358188913796043 0.9966117298125377
0.8197223609214996 0.4641719194966403
0.26372000049842415 0.4212747465063438
0.8214508359218347 0.12113385429130274
0.6371971150945477 0.10410644140012604
0.6598791261849115 0.29990076999986925
0.9445099050237256 0.8906056757902236
0.3505744254777967 0.61471646935144
0.5861905680455959 0.14131168311232534
0.07436805150655412 0.9563215415163717
0.408411709159638 0.7965481447296596
0.7774191750041894 0.40654928654525
0.8209607358635331 0.887401938614639
0.4403911307570354 0.21291636706917139
0.41100046617765895 0.3629103245648688
0.13018660556761197 0.06459790229425866
0.8184477598409226 0.7968253998829888
0.9269649566075238 0.3532145754192273
0.43910582936210374 0.9719718501016708
0.2985740535983088 0.6546982305701232
0.0993704966832174 0.8522082199689496
0.5950091078071191 0.7576717253979715
0.18548939350504923 0.28800098432405075
0.5670250631952807 0.8034460250282935
0.8195407967538322 0.668163020063955
0.36476798080168127 0.3784003303958774
0.11033858086283765 0.8561789537235798
0.4792773021451855 0.23687358369371325
0.3040131460005422 0.7838950334210972
0.4219013483737024 0.49662611632998566
0.28826011725652223 0.10440021144737521
0.03527020701078443 0.05967608008301584
0.9699299763704878 0.6686949765304133
0.9910544172446838 0.729418211539854
0.5322759243832744 0.33974524850938304
0.22604280891860573 0.39892345514547234
0.10941109559053586 0.11313999889561566
0.7467366925844832 0.9593341667906163
0.847685968815399 0.8238307507525933
0.22224296091421158 0.8780081052101971
0.769733841549169 0.31569940955351394
0.3378896274370602 0.9991169330592775
0.34496008689953217 0.6108046791730379
0.468062865499163 0.15681881578308254
0.10545931321778679 0.5703935243079907
0.8076096643009218 0.08950436052649002
0.611638261612605 0.15698200186389544
0.49627596895333603 0.29294281960321644
0.34792377383090134 0.005868595244701069
0.14432599197226725 0.4522828592706525
0.9565875171250622 0.9550989157911491
0.7860682156526724 0.8763610179244998
0.45419821877950883 0.3641911663520254
0.17997764539142502 0.323251826497555
0.9715163254309465 0.8461209606427724
0.1004057908534488 0.6336394040655959
0.720688282939077 0.8326243763614731
0.44298327466603893 0.41737983141952784
0.9616897000405722 0.5226336087091876
0.36392232189650575 0.7707910287173441
0.44159242009159105 0.45078788683114435
0.9350545259693421 0.2687758995484588
0.09221770815685049 0.5715924896255558
0.5618995577449468 0.22918338661538873
0.5460122078849814 0.7316622616563626
0.5947590051217271 0.07977466834204971
0.5454585662349858 0.814590237527612
0.0005324294749227132 0.7830742506339332
0.5460092608085432 0.5049815043365586
0.010014763393545012 0.06571348025457224
0.19122184870752013 0.13483448676380672
0.18953451881985095 0.24737697648021606
0.8746831123305969 0.9898513237854425
0.7254808536882431 0.663094494695323
0.39505890218121364 0.2333256440797753
0.7359234654841493 0.17288710663026952
0.7264471545963223 0.12047135435516232
0.15028578226673517 0.1341462595746803
0.15478895746715526 0.2277564994945176
0.49671009476619243 0.18450844377468845
0.42721161659983764 0.06905262291220193
0.8627618556329231 0.7488985647006892
0.8774499235445503 0.6961778671790313
0.24585572624427132 0.17993382653435597
0.2610119829977058 0.6000241361307439
0.0015043887062584638 0.6967136335268824
0.0425880247960706 0.7978742323789008
0.8332365167373177 0.0510622421918554
0.8771969821137582 0.7988735273563179
0.7778553746078274 0.5512900043281737
0.21438720260706612 0.8537540697875803
0.9974410248379366 0.7211349041587056
0.8020190655041575 0.5994055251753037
0.9274110307684023 0.8391603241799006
0.1505566600003534 0.003213796095750565
0.750810311746029 0.47555572004047186
0.034879579578211084 0.09292383480508426
0.18559051162774898 0.5438060228620052
0.3526208982914667 0.46090353834228526
0.18000313912044796 0.8977023944934952
0.052105583095721775 0.1897769444628108
0.4389813056217382 0.13246212505659538
0.9091039175912896 0.9399384681631198
0.848878170490807 0.6549582722260576
0.7955477601885161 0.14718374215327268
0.7171874387614305 0.05686129865318512
0.4791273951454502 0.9902183668673461
0.886431178014168 0.1882832643199619
0.29642321120554715 0.5904298003969555
0.34797651311379174 0.9041704844561764
0.6148199719920395 0.26771205731300407
0.6798234274835755 0.027668256935250213
0.49625090590609466 0.30609435042109134
0.7773223039772845 0.0798558910572178
0.8299001131433867 0.22456880604995288
0.10001916801607424 0.6721014731284385
0.8632536119794834 0.13983711842221913
0.8821664474515403 0.4567693693201851
0.7958537564935002 0.06457167665741514
0.7176559512834395 0.1456624241703286
0.7346864748940134 0.6348309185835153
0.8749996853502195 0.08111025883503076
0.7867838238323359 0.7271373184635617
0.604699134747912 0.315327335488639
0.7794916459850245 0.9661404896577483
0.1472207136829886 0.9910236591160577
0.2861476192555428 0.45196046440368653
0.9620079860710233 0.25274260326974285
0.41030181309830693 0.636275539841239
0.62025506975086 0.41905427928499783
0.012616979371338877 0.3646781691865062
0.31987584501858835 0.6784128247923213
0.05323637909192214 0.2415632366571303
0.6305138995378894 0.09910783733637651
0.4676113235504189 0.8636247213126562
0.01874096417111315 0.21349478978198322
0.18760696617891792 0.6062612380631718
0.0986747593578583 0.1565187302841602
0.5563885969075573 0.6613491047146081
0.7340434686366499 0.49800469311996043
0.9479313959354967 0.34765290112823477
0.5004797434980617 0.07530645400711333
0.11910739312845431 0.18994318625515794
0.3798174609493372 0.43170603290165177
0.5626091488057989 0.8274286744023374
0.3851618492643061 0.4395226159394221
0.4304063136372658 0.5447996899665337
0.3879401609108457 0.10152847178153923
0.7568936045375265 0.3681543120097084
0.3032410299441266 0.6151082305074709
0.3216591227891159 0.10678963624046167
0.7091860940631824 0.16173219915769943
0.14054816425480388 0.21680428640425853
0.6221996539945718 0.3387404818045434
0.2540380901080501 0.24038584953174214
0.9320528245203821 0.08549126441965149
0.8547028600143676 0.9117261556467111
0.32958985600427093 0.03301157093254692
0.9378870279225877 0.9125624780467976
0.8052868679810501 0.25386523622276114
0.36509907941347763 0.28284650230000996
0.45173072895254984 0.8488295834593735
0.5097995217916897 0.31553581088896454
0.6578895032280232 0.028986758770331633
0.758261446569622 0.3601894549899458
0.9913948093205744 0.5760100327718327
0.5010552614754527 0.2536216412171548
0.07866047269586085 0.35522495201371185
0.8564280338533234 0.2592797127440041
0.2710568231032662 0.5188120482732679
0.9810165672758211 0.4767983199008523
0.07281344375705978 0.8601484745586245
0.4857361594594818 0.04589107126407277
0.5402556121846447 0.9600114490133542
0.05641203968248987 0.019486659296626963
0.6409650166064464 0.09599510433952019
0.402313164927224 0.13520744511296434
0.1906994117612948 0.8455665794427496
0.0007274877659144696 0.9556606963627019
0.43271309724724194 0.47116550645206345
0.8976836163266593 0.5591717805345302
0.30109263358532945 0.7127265588004963
0.03869045549738104 0.8347011413438357
0.8285618071785001 0.10673291903610171
0.02292726700133585 0.5934792766289081
0.7291200828257582 0.8675891607709447
0.8563961769758153 0.5176403131973868
0.6230865044245419 0.8669430319945874
0.6372216267627144 0.5216807310744276
0.6403048954154213 0.38623192584463517
0.6598261652117041 0.552339130303767
0.999728997238635 0.006921172360905947
0.7147139053139342 0.20005525333660956
0.9948090520188759 0.4881677338499444
0.6346692989373448 0.7679510116948738
0.9719523928116858 0.7379203509061609
0.8395541412966261 0.3235746739812655
0.36355291950073143 0.6077182088631283
0.42030219912025335 0.46405610717429324
0.22232732699252966 0.4514390427865851
0.006739145287321335 0.013597170779702683
0.32455337657446104 0.7868578672949085
0.4243032045915067 0.4679317030171517
0.9375735302289538 0.32458469724323313
0.23764101576016206 0.7403607797684526
0.5058809444062577 0.08514806877119341
0.9962754669314426 0.9107286107333634
0.6945312594624355 0.9008655137049544
0.9146767893486731 0.8612221504580377
0.8878669676961826 0.5304557648145227
0.9404832475736122 0.3854969731919409
0.46880268485523025 0.2583077372708029
0.10821432198979664 0.04077859895568903
0.5168901790587492 0.404518705702561
0.6289213763801864 0.5119392256350273
0.7713885840871944 0.3601220522367392
0.053648444398367134 0.7532591476899941
0.9285627161158205 0.5029912310613074
0.9661611510509367 0.6625315378470713
0.7076522001517134 0.6978391478862671
0.7063872693755036 0.6413972558271948
0.43392096093738997 0.1967340388029668
0.8741487779403085 0.8244935062091865
0.7822121275606326 0.9486406520992205
0.3850572386516731 0.8679422216995769
0.8939736735386543 0.27494617159034296
0.22572857959328885 0.7578677526730666
0.5562101925087333 0.27158851578916376
0.5166856589599498 0.5204066869703656
0.862876181336345 0.8850757963023159
0.49078402216614947 0.574648489854251
0.6954694948742339 0.9230400049739653
0.7042362770085671 0.8824977506749372
0.6029449110805869 0.381527521090548
0.23824491454226582 0.10767221892638501
0.3495211140033976 0.33188969678594415
0.9429327487700159 0.5624120445094538
0.018653282452276043 0.2979879753767829
0.8009999473961833 0.11832726231231372
0.016950115696508172 0.8905800745498347
0.3113096308857126 0.06939885133560253
0.7487095794299385 0.2437716352788708
0.14424359943969978 0.47307219954895396
0.7573297219403465 0.9068197577769854
0.049286466709216104 0.22940702604896468
0.18959753997329698 0.35368469291651916
0.5417087876142246 0.2911432850323725
0.6234260804045668 0.5272656390645016
0.7302104812051848 0.04888924791533089
0.027765914659407143 0.5171494796947151
0.4933566342168634 0.5988610686936569
0.34236607813385334 0.10352331521985425
0.36004428702667823 0.8884922336854484
0.21658058375686973 0.5037746437426145
0.4134202718476847 0.6520749278421163
0.9166946400263809 0.014923739071034392
0.6942813045838543 0.04211003075250841
0.6892917524166293 0.2628062219380878
0.6844170624794046 0.4535328429219303
0.639545416177338 0.757005272226051
0.6208218268385699 0.5831044650581838
0.08328459502275432 0.15239237829663632
0.048333286554044674 0.17542769079602993
0.8298502108879293 0.03797600281772806
0.019124749306725475 0.7714415137621478
0.5662755223915179 0.9534472739914297
0.27671124909845424 0.031091627345097628
0.5446960466789961 0.45782547015204345
0.8769386842197997 0.8614110288680472
0.28820034685235085 0.7666592449776359
0.16037972974560866 0.4594957019742407
0.24195610316067184 0.053539941320635887
0.24018629324088447 0.6987922214209308
0.6345759680104932 0.12432254629103956
0.29825331750859974 0.19190423159213466
0.8563044823806418 0.30899207696728337
0.945210183063733 0.228277738904185
0.22194331938984857 0.44106570010403745
0.5733964998893661 0.7551774601566212
0.3337411470809022 0.7652632842340932
0.9140957689567744 0.30404326252521585
0.8879004155597947 0.3531179425585804
0.4740449729489411 0.7049179690557732
0.967001927354517 0.4004999475621345
0.994594918647544 0.4661460964063966
0.5200555664088986 0.8774579579326418
0.44939413239377335 0.6272893626030678
0.09584600670365617 0.14600773528966338
0.6098716011991905 0.4003278470815852
0.7835893731650989 0.5652565888278445
0.35316722047157967 0.19007628891188877
0.33555273395169394 0.19749213752417916
0.6924041194952184 0.5383937882003325
0.629946901744947 0.9432990011227014
0.3602412633928498 0.9008405445974177
0.7340528054680915 0.20682533364782119
0.5733110219327897 0.5118670691476919
0.4633596536933138 0.12691567387175828
0.9330306856601462 0.819217397798254
0.4667796858827158 0.24823772832181312
0.27178921519032273 0.7945074131769341
0.5681736483801454 0.6218353256942939
0.9288582964393783 0.5033445873417661
0.07540456003137219 0.49628296996606247
0.19879377596653258 0.4196362560852174
0.6232477823054559 0.8306165866909307
0.1839096571353771 0.36554097535890095
0.2593394661684405 0.5433827634805428
0.4466446625690428 0.22917613928779024
0.23841384744202876 0.40646532158753557
0.0075404014789117735 0.6047779014904828
0.6284785864192586 0.7067913413158768
0.5172277594466816 0.11995158582143994
0.2533383613395266 0.19012489141780264
0.5169450751431541 0.34457527800781285
0.027568638563343573 0.21868114713435283
0.8834232348990401 0.43582517680773303
0.5181389264422569 0.594685730385635
0.045864896302534985 0.1958750260043125
0.7162283407290433 0.06100862498606485
0.26795207540302846 0.09182620927595009
0.36062390671788425 0.5576856901032938
0.8479343329862961 0.6324437100586355
0.2874228688415237 0.8728927876991601
0.505034511787043 0.12331866826282467
0.889437668533718 0.20607064592076263
0.3006609125001809 0.1927954200641404
0.5202369103273952 0.34736267061438664
0.3418461468294067 0.49014933692497964
0.842962799787333 0.8461379416365495
0.03944497791331947 0.1332958448307393
0.47899908787387413 0.9585869840444838
0.41828998016632646 0.9290425756714107
0.6528659483561889 0.08101166025541473
0.05305082416238771 0.3012830928610408
0.7477336521714766 0.2848880496907671
0.18400684695782354 0.8649882289515958
0.3774692184758659 0.5025206690017767
0.10188411180363044 0.1659454159219904
0.24706387374833194 0.3907592631339498
0.6469404492190518 0.34030018195191447
0.3137463358689532 0.27042874127691063
0.2921978010570214 0.19241400815962129
0.7640711701967142 0.7866714420435283
0.6357882156700447 0.7944602149042783
0.11315877839652355 0.8009408118877355
0.4011367158615453 0.7561931903807411
0.7002728432441558 0.8936145781650184
0.29351365544991603 0.24981950465952196
0.48887602156121246 0.09850466341427921
0.10720317554662007 0.44234246002838407
0.5093656271742601 0.8668956022688705
0.07219409996169612 0.6697516096631906
0.13722184634855772 0.5817537707165863
0.10800105738869004 0.8491325803259504
0.3882503570742202 0.18686428249696285
0.6609069206578297 0.7547236305337737
0.47346794664174086 0.4782620069115795
0.2805559258249526 0.3156700249910753
0.22545858631569438 0.25543499060394415
0.4190922822280021 0.40041593686104404
0.013042263586823033 0.3483254496411987
0.4838662557221767 0.09241340295639455
0.5203519493788513 0.41123042006997257
0.703251020667713 0.8862554215852407
0.2400512276880138 0.7311876490513036
0.03028401236490663 0.7349763020268227
0.15320811415169566 0.13663248497864378
0.011106886154459206 0.1596154215310981
0.37942181039684986 0.5032231735344281
0.33507261965585755 0.04495892068293683
0.017345782089671635 0.394477597264167
0.8791242914613817 0.9276835306400455
0.3250437965626083 0.4504561691487363
0.5798234553073502 0.5640511471480922
0.06640988801768866 0.1630939672797893
0.6503187283839265 0.9446155924648323
0.9476752561924144 0.17810589818733336
0.3625954194019805 0.679100826323852
0.685439305250038 0.5215719497569116
0.27379436212585384 0.5149907727461307
0.8619817771118985 0.5354687439988612
0.8581155159686469 0.6674554889103028
0.4715955412737691 0.5982251695266574
0.35027773867456147 0.5770004408573894
0.6965379610885007 0.15501738188630498
0.7404821657045577 0.8989081452364336
0.4639412539368708 0.4948028922379395
0.25732753871286906 0.17539062705421737
0.3878776297092712 0.08869204554906363
0.8869609998831292 0.4190457652066939
0.47526658286780843 0.9590871486920116
0.14460436509961316 0.7432934585026876
0.19331363441743177 0.03511590132701303
0.9864216098680685 0.07408673595447479
0.3053662089357039 0.014754919740604278
0.6624302371315574 0.09510763676381817
0.2825517941990552 0.26813819267245576
0.03649009463585107 0.3109707075838053
0.13949665995976956 0.760612151351914
0.3866013823644492 0.4486081124951773
0.6840645768468596 0.9767369002817714
0.8342420948045293 0.7271022093592256
0.9006310776128741 0.7730065640452384
0.13321243941796546 0.6324868777100665
0.3170278285729933 0.12210414813798764
0.8150457735423031 0.9209902080198751
