10 3 100 2
1156 1171 1115 1191 956 998 924 798 344 490
1642 1210 1454 1095 1156 749 711 666 508 420
1763 1359 1579 1503 1375 831 927 505 703 742
1777 1538 1475 1212 1130 895 852 642 597 735
1552 1750 1572 1607 1222 971 715 974 639 352
1806 1580 1544 1332 1173 1113 675 875 863 661
1815 1529 1318 1458 969 1017 711 493 568 456
1356 1432 1203 1245 862 1013 593 594 771 528
1188 1443 992 1157 745 654 625 595 473 721
898 1103 969 905 880 853 642 433 584 339
6 8
7 0
9 3
0.7063214783519531 0.5517569724283418 0.5994340909648749 0.6529335418330913 0.4055454345851214
0.525584097359526 0.9071100696320287 0.3451181076049509 0.8977895301880205 0.40703689270286836
0.9766328709949603 0.9640075626081515
0.9010442425336633 0.895732559296935
0.4565572282744981 0.5945466210405379
0.1654164208636506 0.02126756684884845
0.3618934772499778 0.9730573946705225
0.9841097552704188 0.10847434192292482
0.5267440193363635 0.3413416018306805
0.26590708682839215 0.8392213053344586
0.7054373592639289 0.4795615515641969
0.7895530184172812 0.6707846516636502
0.5887732893124993 0.8756390986574276
0.7545021212513714 0.728688342216341
0.9075263087922525 0.8726744044536336
0.9654757344469311 0.43174625482189355
0.6056347331774761 0.7080078235390526
0.053118633497373 0.8345529978453063
0.5537969931886233 0.8771815631460584
0.1320042013139242 0.1520142817831236
0.7238926783825936 0.11057653852729166
0.37250475669884064 0.15181139880674355
0.34308789109615834 0.2918576583788086
0.17486864467062646 0.6174612171668787
0.9345845179938408 0.5681227369619934
0.7477987650765077 0.917321191279231
0.9009315970950511 0.8855949926444464
0.4101368330294122 0.09252618460416473
0.8899713569524861 0.8119946784294412
0.8605939117522017 0.13563063350550109
0.7370321429288591 0.3033921038971643
0.7401734983153407 0.6161810209064982
0.7701791890340948 0.922523400334049
0.5164670841043579 0.15336742824386285
0.02335621297886692 0.3318697667164445
0.08506084229726918 0.880740350781891
0.9896305718508009 0.6435141439984176
0.3043863040347665 0.9433208858596775
0.982684359528756 0.5532854557833926
0.39608905115396653 0.11587538031713684
0.9193477190937485 0.6655926756323967
0.9060526154221125 0.42836254280380004
0.7711150607094115 0.5001791964459448
0.4170089682071574 0.5568795133277684
0.3877927930392886 0.6889449001570671
0.15467065326874985 0.17029478500204953
0.2071216761014112 0.739588364684199
0.9548158032027043 0.5849767424301004
0.42963913484802996 0.6326912308604749
0.6458603598178363 0.08807049045558202
0.10158900498762602 0.9359133992497306
0.9326050221037496 0.9183108976142655
0.5401179554973674 0.8662804957872181
0.6537539916300943 0.5508967460287064
0.06450980379535243 0.7970873200982267
0.7155568455305612 0.6585208973583745
0.16867933583419892 0.0033311647978231385
0.6214351724432894 0.4355158734368867
0.6805843985567885 0.19989574404553512
0.9337153607848783 0.25368911817727935
0.200884598097411 0.05046742187724362
0.457993895364881 0.5877452813897441
0.9343627403630774 0.7223411091710608
0.8256998339104276 0.6163520528116251
0.5175115846080451 0.2957790024915976
0.9383008450632067 0.2573337346809732
0.08577440140761494 0.49611654884437817
0.15281581998914318 0.3737452957185783
0.23767373204545272 0.37177850604549967
0.2699813708995835 0.2794448988624556
0.4142441940895263 0.024588859381242445
0.3186216972262499 0.6398276370838802
0.6636358905263176 0.230015212082739
0.822737042265532 0.0595967519142262
0.9094535638347032 0.016745671860816547
0.5780235421275721 0.20371387035725874
0.36891624667731104 0.8022737609236188
0.7142332994043332 0.9491503978304001
0.24595781719715681 0.2599523744672252
0.7907073802061428 0.5529234450741296
0.3655744924570625 0.5508652398340412
0.16885800446859145 0.09127497562359399
0.6408159204352246 0.3812075333015743
0.49510261647629017 0.640326292843292
0.35140289913922307 0.8477028109866367
0.40699356145898036 0.2603988677622864
0.715737267439623 0.03891954675195319
0.9962575307186774 0.22983051610588556
0.18625612218186927 0.7855374930851704
0.9316133695841675 0.12393259703347281
0.21713004591826546 0.4652820897147907
0.761560882385502 0.523754943336739
0.8378961569019141 0.7001680505913204
0.0006288889614247672 0.31904567474982426
0.9861866775470687 0.6063323698931287
0.7616365786316697 0.5783900031399201
0.24802231789598794 0.8644106059326557
0.909681189088996 0.1342513596445043
0.40906485070586984 0.9943521103751853
0.4184472091849507 0.7050714838422756
0.8050552224338383 0.20725407026995946
0.495201240063615 0.7863950697449646
0.6703302449634443 0.8550207929798455
0.7276447268363802 0.6671533788614121
0.4031852399242497 0.975639028540058
0.7109324919562483 0.20731737671420092
0.8498418251203728 0.41722013594871155
0.5635227918955279 0.9365032709044645
0.168814004059463 0.4995875810110455
0.04196882362965382 0.04300095216322575
0.05421823023850214 0.46395512325945076
0.4870453535180992 0.7398006983825773
0.9819910158706584 0.5824725462037446
0.7361264402070107 0.3256123221162386
0.58066889214146 0.22897331932294085
0.781344142657316 0.1423823926716834
0.9051115396113747 0.24785185377744368
0.6087544471522655 0.9318650081835094
0.3685764514285792 0.8617744700037624
0.038821473657735694 0.4784785404045049
0.5772747444196267 0.7481940155603843
0.3378057099861431 0.485400040634834
0.5177656181619077 0.34249030067243535
0.6437494901018885 0.7460972977068545
0.9687705605881936 0.5412471194837094
0.07932780596977596 0.9933045249243135
0.9583149174289389 0.35447250707072553
0.7225426414503016 0.09986163436267481
0.4358959167760661 0.6035331983494603
0.3277685691300174 0.25443966809503804
0.327631467848823 0.3209556129067661
0.7133749197412209 0.5994681361297749
0.524000069073892 0.6569424340493473
0.4579403795049073 0.3961653533814926
0.7667927108219106 0.3936007789296627
0.8909888555433365 0.31415742989916073
0.28641325042693744 0.14629870437877557
0.5721221766967144 0.41320722609164506
0.032277489767119194 0.05959339085469706
0.1084782406223177 0.5187426706581075
0.09638478030898923 0.24882392222901406
0.03657048449749878 0.412612128382682
0.1282693607753176 0.17648989557098194
0.42248156285734884 0.6874657445418546
0.8984752798705007 0.5108076665632795
0.9333704446336433 0.4104877062244381
0.7654689918509865 0.493616906378624
0.2992235507009178 0.17974516001749907
0.0949175701771956 0.7951254081094192
0.5525254954379664 0.4690896965015885
0.05880651254062741 0.8055960021321631
0.06791053351497567 0.40131357661050715
0.4276212262255452 0.5385565406730941
0.7338338916880345 0.6744736804645308
0.026631268575755485 0.6503238628381467
0.7254276480111592 0.8232114206178229
0.3423417290264592 0.7594505102661655
0.29358827002643095 0.9453844572378036
0.7380791027071674 0.8380267947605833
0.3756831631460298 0.2910896809325041
0.3253043023026754 0.36764023643882093
0.5858944005648572 0.22874555028854315
0.8012589847128622 0.7056982530330695
0.3031060077119556 0.07116530545190258
0.978225531410039 0.6275746728301845
0.11304367113583536 0.9292201584544764
0.6734204527539507 0.8945565598836955
0.9663638482588197 0.8443460844669421
0.9720087998366449 0.06173683206398772
0.5455810256650904 0.2210443747476616
0.06757470552664202 0.3929287223640301
0.06725248295807673 0.8943749133309664
0.592063377746143 0.36077675124260833
0.6125812260011774 0.21054702221283583
0.5629497745133971 0.062288403942489357
0.21637167020116888 0.9788222590228941
0.013144689885538963 0.3992399527332391
0.8353857171388435 0.9936381405443384
0.31329972094114056 0.7456089278066826
0.7065492361345036 0.6603758553406933
0.7777507034916216 0.3338178164185499
0.6031773175542059 0.3847146351259174
0.01742411698050539 0.4151636434336081
0.12072508136092952 0.7028529257197069
0.8096707820477254 0.7032758256280645
0.33357436872571644 0.46156932407685924
0.1686286256177172 0.02467678805122464
0.09636273359255565 0.5260580950878344
0.36027540287769133 0.23674044092370106
0.5842820819090608 0.5452686160670488
0.6376231153621403 0.45070060041429616
0.7535600642213525 0.27036480700826315
0.6786100702979305 0.888499376636753
0.6006102144743752 0.33178702377050806
0.035903446107521386 0.8475204302056605
0.4885651004706848 0.674076163514667
0.5693502429362995 0.006052102898546963
0.3183144977251007 0.20660464030395032
0.7091777698125581 0.8811026180888419
0.509729022322096 0.9091078140796891
0.443872868801384 0.007073849931299003
0.7294744955760011 0.39303737950298134
