10 8 100 4
1177 1374 1358 1245 1333 1039 926 1174 722 633
717 1246 1688 1372 1604 1110 1060 911 954 758
866 1234 1073 1343 1135 1098 918 1311 1320 1065
1167 1347 1013 1157 1382 832 889 1211 988 1213
831 1024 1184 893 908 1086 1085 1028 1242 885
813 1273 1295 1388 1096 1039 990 968 934 1119
473 1412 1236 982 998 909 802 977 783 791
649 998 1106 1017 976 1297 1099 1007 1125 533
799 895 666 1198 1233 1081 1310 913 670 954
441 443 697 528 435 769 461 405 447 441
4 6
1 2
3 1
9 4
7 3
0 1
5 2
5 0
0.7562722682456261 0.5227965360402123 0.5316724053460562 0.5970912239137587 0.4207396322524355
0.34004219172705036 0.985562692302286 0.9917383819456314 0.7415943014240126 0.469455115061589
0.9893756420691941 0.6067047662532332 0.3866913322548123 0.6531526921808155 0.30825232308790895
0.7004915913647464 0.9085719528531071 0.7341500888213 0.9575281734823071 0.19566424265921667
0.9140963676495291 0.32899111945376475 0.6083461897482113 0.6604568196951983 0.3748737378454362
0.6007370136206196 0.5280005017159417 0.906894628208816 0.6057428798643607 0.2118558119911544
0.5524700739757622 0.607218207402352 0.3280711515586465 0.799609205455067 0.21944548547317544
0.7404716260841722 0.5868978004899037
0.8674843893640778 0.5281796197178363
0.18417204701327794 0.5183992457303694
0.7841777040270312 0.378980036488916
0.5347590009093728 0.6215902242914366
0.2645628803183051 0.0016593654814081038
0.8457887174658103 0.9449899466577361
0.568878039583627 0.3984393179742194
0.2020232160306208 0.14099620908755073
0.7389298221085869 0.3731026856938864
0.9816761044519016 0.0573073747896613
0.8569261038512566 0.1567206800887473
0.6761639884877981 0.21774805723429602
0.1798121575926035 0.06490949374474009
0.3888885281271617 0.506266830200212
0.571385210283236 0.6060443705354448
0.16743208846840596 0.6793213032769294
0.0012002310384426895 0.301737988709337
0.4501682821220121 0.5656665327714385
0.27953247257769864 0.6150211240446084
0.6041473641000259 0.40837929063025924
0.7109921545831381 0.8571653636936039
0.06810677945759647 0.42391457607066774
0.354058875397814 0.5524282384671722
0.3121128058442795 0.24703317858201834
0.9822756490842783 0.16089230866345572
0.9906317334043573 0.6532201402015083
0.5329727605238694 0.7582739244498524
0.4039998346689866 0.5330394276060184
0.4567931465925823 0.45146385929225197
0.2392817752265548 0.7916020612857484
0.1934922880023917 0.5406188350856
0.46940323926460215 0.19777635388364279
0.35329372337449105 0.7867845225167569
0.03535259871201135 0.5677854603984549
0.6976352456457837 0.7128697141783615
0.8256649816188135 0.10185816443456419
0.21536744292525145 0.18001982432304797
0.30205178795806287 0.5732896868575059
0.8518949894459009 0.2748026017153369
0.461356120773629 0.06550242384933536
0.8532262618089426 0.9999932260621376
0.8671240932062019 0.5578247389881799
0.6095566920028623 0.5334713686999542
0.3219558305623422 0.08869181073650156
0.5239382755051596 0.33728082778900914
0.10224518959562179 0.29066404577482774
0.36634647166211853 0.1943441290368635
0.8410718968095481 0.7853430774799897
0.13686401471790344 0.10977236309037508
0.38596719668615354 0.9228407926732993
0.1647896548560417 0.5097889627007914
0.2419188072590166 0.6460400450492485
0.3704245291934718 0.2647022606026901
0.14044514727021085 0.938962586414962
0.9765963755936433 0.045510360307939646
0.8678495325032018 0.20662644417848663
0.24409248271238404 0.46835987394984335
0.47623960368750495 0.38948938613107376
0.5038717633783669 0.5088968843009498
0.5615428459296552 0.31045743854536556
0.9329689931638541 0.017696245602523808
0.4165940141262261 0.20097077806011288
0.5471429884507446 0.2376224264484066
0.8306498050882607 0.5515567576310079
0.38029657415196305 0.10270066525188648
0.08594731739899153 0.5231513672118218
0.6994987662604155 0.9599019983567991
0.2631815674293101 0.8138600206628002
0.34613705960941266 0.2031840309617241
0.3195471444895004 0.26202932840587034
0.6129834625991832 0.18277335389349125
0.761379374837559 0.7716686324749835
0.631449865202844 0.7408500624687693
0.23991468731516585 0.06205250821223163
0.6719212125788405 0.9374527470216001
0.22828361041683398 0.5470680719382681
0.6169730925916017 0.386186406061259
0.322387086202073 0.9774956227113729
0.6446037378455689 0.4286661193628023
0.8049358062285912 0.8110657075586913
0.366218577251771 0.9148212120572861
0.8607166175314329 0.6134755706712616
0.47849961705211586 0.501556751772708
0.8391777499503321 0.5836329760353485
0.38363718818056824 0.9174707517047422
0.6131819909742746 0.9102842482396054
0.952893267339574 0.45282540870363697
0.6604396122124254 0.8216221419121026
0.8495477131101987 0.04928279500254762
0.2553623438538406 0.4914529928083322
0.8453466555749942 0.45905473091680804
0.32243809978221183 0.6677355467237736
0.7866124123112035 0.9903186236406818
0.042043755606155475 0.24317608529209878
0.2479951282436088 0.9178520861680048
0.15665589323737317 0.2057834604916482
0.8017940111622917 0.3018948294669921
0.7266794104535621 0.0906690119403768
0.3835120730926116 0.1528399192039973
0.4662274068392609 0.3936337578526894
0.2784607593485844 0.10443525567406509
0.22922697553362958 0.7428185526509006
0.5455021473960946 0.10531892209602556
0.0327720515655574 0.2485006231489646
0.9693702320901707 0.8922536516554684
0.35612386414843744 0.3262621757089581
0.8175110903557055 0.7000580392616946
0.036284342731385255 0.6800676413290971
0.743381267462141 0.05655267515623774
0.7637643718737377 0.10446354155231319
0.12899213320890612 0.29593891208740564
0.2720930586166568 0.3942626492125396
0.9325537077813695 0.34153973184778463
0.4353792750449592 0.2868369544450373
0.9522968359252011 0.17629173768603423
0.9272059475166801 0.3949405046358585
0.6458792321673208 0.7408264345860291
0.42038733350706114 0.9420165613056566
0.26245309705665854 0.7323160121391048
0.15225212519315034 0.7880989362220012
0.5881533452665815 0.0218463340158499
0.384653010778496 0.8690459099049332
0.19473069988461167 0.32345992115665556
0.2667416351549674 0.6140114077140499
0.36537483476015997 0.5169200513302301
0.3047552688717081 0.4985243655097984
0.6987437262292981 0.2423523968124588
0.03585940526176201 0.7480419866004595
0.41590006953357594 0.001802590845641383
0.7180699224476661 0.6881849021352919
0.17285839440091344 0.7846336600681771
0.5483466970172406 0.10279401631098795
0.8791280754656106 0.5980133753909971
0.5627151067249245 0.41793163851305626
0.13316797198653707 0.7089912166929047
0.7168222263779325 0.1555979759370958
0.8917502343852828 0.10682398283832173
0.27261439608191473 0.004840270627193721
0.9769728068934955 0.17528905864277822
0.2016058519795203 0.7548260320834717
0.3735035166945708 0.04454851443865926
0.5212357349659538 0.8399812263637896
0.5786638097157828 0.32911622731921075
0.15666794477598422 0.04761721383203521
0.11912580434196562 0.6636372389517726
0.18707340238468495 0.6975563278478185
0.5160667758436139 0.4587597100321268
0.21366416977228897 0.792771781162471
0.28103247568779355 0.9846579133622573
0.9700934166012269 0.5663119205901275
0.408407117409348 0.9073745478689619
0.9636816754531974 0.7587167466231792
0.09470894644069405 0.32495367754597004
0.4681399958961294 0.05140436883069066
0.45857413974198313 0.4941177575778548
0.5453628184427419 0.9076829859646534
0.44959986845215916 0.9532935002330409
0.019101173353148315 0.7626723668072708
0.7525971366147608 0.2677650511112073
0.25818521245350134 0.4800022507892132
0.6953634753334512 0.9602505471847356
0.6174836802757862 0.19797647268434604
0.30806342567438016 0.5556752236244564
0.29035150971680146 0.9289199051028783
0.3771894888035354 0.09228171193582324
0.6600798073750362 0.26594819925952806
0.6811298990178776 0.631451160598999
0.8405079232550972 0.27709372251351416
0.47111484487695643 0.6752934075034547
0.5177881519804719 0.14267278554489282
0.6045987971357227 0.37837898379806223
0.92087043962118 0.5985477765354024
0.6972092965710375 0.28230049914803934
0.48346897335511696 0.13691405970585446
0.44188286838797386 0.5325424822745488
0.3680536170075719 0.540787009684131
0.8184611267988233 0.7432515988547312
0.5124245674351078 0.16909944143367617
0.7506284175986997 0.14902944546792352
0.2947300141311193 0.6628864986941199
0.7908194928745373 0.9835433006996717
0.8557229037891865 0.865089860688347
0.5829951584427315 0.6262675118274825
0.40489121360035063 0.9504893601335258
0.08932442253321726 0.6228845950590227
0.7574749505039673 0.29506244831992423
0.39152090341753776 0.3097093585430535
0.11156015861330593 0.8464590882448271
0.86011171467014 0.4379974590507296
0.5990120792974991 0.9593245062563303
0.6713382670262904 0.09960071564848816
0.18329423605699713 0.1519155287391174
0.2129672628018695 0.49412688052344267
0.7297439429166295 0.4269342080364953
0.42220878458009636 0.04907019246809008
0.2118641019407912 0.3281958279389994
0.6921700651866329 0.8935462134938825
0.202556837555794 0.9289313443934095
0.3499768294876773 0.5787018763837863
0.07363611407229897 0.9933345002230625
0.5850368494598599 0.27114191207014393
0.4814066350269519 0.6028117639349968
0.5266045359562037 0.6139393829007307
0.9066852812833108 0.022070039665917474
0.3980096292812332 0.8600767923608488
0.9044259883735466 0.42354303425697015
0.13585770748173243 0.5753766155104973
0.98372440366213 0.6250949791892129
0.9453160363074025 0.27522700152783064
0.9558471845566288 0.39840660259854355
0.4031001098154796 0.4490359662321184
0.9923045117725744 0.01964440712996951
0.25643644456344616 0.7711275931313066
0.14059051840905878 0.39697899803955883
0.5050327816690554 0.754891512218689
0.7724063698815047 0.7074632242688017
0.23601844652843673 0.052097761463727466
0.8649747117351536 0.49646502988357666
0.20399489840782348 0.8561600887134864
0.49965280306015436 0.6469542437110143
0.4251500302664051 0.17095113167420073
0.9241836723592027 0.8998669365765541
0.4620406507149153 0.26233550460449595
0.5295106306722455 0.8435600471203097
0.41023757781704395 0.8909085262832765
0.11218800712740218 0.34570591804076733
0.5795434249775127 0.5154546553133426
0.4396762016211566 0.20833637621012824
0.4587792991728725 0.9410427073084184
0.8999299658254718 0.9854791294684015
0.6935885708271945 0.693648802364287
0.40941092621456443 0.8687570335049772
0.6159106319928631 0.40525831957810077
0.6665401667026278 0.5634777684686385
0.769882616954068 0.8025498392993486
0.36565809274262806 0.19875734668761424
0.23523537973532993 0.15337491478085585
0.020082571754454825 0.39600123036443735
0.43359098133919804 0.806091560837833
0.5022564399610918 0.18047892708843838
0.25998912161027277 0.7824500378803516
0.22053201104663467 0.07804539377464947
0.4553039649109376 0.23140103027749648
0.3343726400146505 0.7890968077775027
0.437532223738893 0.4359420949581958
0.8922148868809296 0.5115957584487789
0.9929531954322859 0.8962485868015955
0.8262930556389192 0.933386634833137
0.10615596673899286 0.6532532776149498
0.19276479710197547 0.9502072940515012
0.584600602298736 0.1906021609988533
0.18811209024749287 0.20927276286428653
0.4046513363017288 0.24322477107057416
0.4325311058451169 0.6198807212838933
0.7012686928048031 0.3019698685851111
0.5934256115826684 0.37457877461148303
0.9600286531153635 0.6840911442191111
0.9423070984194577 0.3004139995224868
0.4497909342065243 0.8415539023026466
0.16364643540398127 0.008313177449166043
0.557170876216091 0.13418543023994922
0.18213805679920325 0.6032146400640452
0.3720692173463944 0.5159714729087526
0.12297483326996406 0.9269967729347286
0.8681643087935171 0.6328558747835085
0.366746461326918 0.5321831667012877
0.026187464980010677 0.22180677472857258
0.15404690726886217 0.11859006569949959
0.7480416502677381 0.5238766455987292
0.6575823296837442 0.646650880794698
0.18937345657596372 0.8151063100994729
0.6826072573897362 0.08894530867446204
0.6198875607197636 0.6508270984526372
0.891632452393291 0.854858520531971
0.8564240913715149 0.7642479608127626
0.2814825659114961 0.4372740906033672
0.03498517270080481 0.15671563351800355
0.44239489237994545 0.5779683396081925
0.37080775205468175 0.49308763899640695
0.5274396489559832 0.6131110553809354
0.7939307087200653 0.20058911805602242
0.6195079980670011 0.5580268704740334
0.7978558752272933 0.6173620746122646
0.813670073684104 0.665905500205143
0.5090040274067031 0.6529436722178295
0.2921566152445647 0.6879321476542397
0.5867645566653414 0.7385987038821014
0.3456177938716969 0.6701613802616493
0.11208471028445666 0.7358401185080363
0.44948086436373846 0.8093519426614848
0.14730828507200666 0.1359218854255997
0.15890676721015407 0.48884100817159126
0.5172162127821447 0.030937761895933447
0.8203816071689622 0.3416603347519014
0.643963371135712 0.6351112196107127
0.6899966962824213 0.18663939223045878
0.3855945449675 0.8683771649490559
0.7044557503008062 0.5423968214830455
0.8378187753512027 0.6391650466080092
0.08302506207675453 0.7695002052527677
0.6440508968001748 0.3749501689280179
0.3486182091991934 0.47125447061029835
0.8725897324773209 0.09265846331314842
0.8523347560833372 0.2836235532239373
0.4085629488798743 0.7226472581195149
0.12011135735859346 0.1150230021123464
0.351210422867575 0.9103075457755199
0.5624590325445997 0.5706086169269815
0.24597473332745623 0.5390760891492663
0.950241587565932 0.31647145744563354
0.8799795763753284 0.6100906784595166
0.34913074305286806 0.4336228890506528
0.8831570665091812 0.3669811820334532
0.8472741742911172 0.2792239717644114
0.08578271091663181 0.9889396041688407
0.4854645820178711 0.10257614674458782
0.38509916090189145 0.8577556756218745
0.7950206966693734 0.5650848603586824
0.956175577510963 0.35679664252427346
0.5520272361183649 0.6931443022479857
0.03902560176385128 0.21243869859901499
0.42287084928094476 0.5000158645651811
0.21254533092091954 0.9229998590389541
0.3047059929880118 0.6716100015428816
0.8233807221502529 0.7414839058461189
0.5282362271270769 0.22442053651378346
0.17531434448150574 0.15780261279183128
0.9079355290341957 0.8476655429715396
0.742648010992004 0.16421906059081093
0.712780357168677 0.1987847523988724
0.9640822211433191 0.46912099145178576
0.7199605518541745 0.6778901085183562
0.2970503671933209 0.08655641301780825
0.5836214709060903 0.6275490091624631
0.4416263870654582 0.673492037061244
0.5145789872888327 0.878226960975677
0.23908615196691563 0.20285913072065154
0.5170983138332939 0.4978779973597265
0.23705545926610427 0.3145362806656693
0.8198470483722304 0.43829311203571764
0.9028669288667537 0.626642489016332
0.5715996432636401 0.6868477003802429
0.5462467623795206 0.7701280322623236
0.6728052576151533 0.39094445032495106
0.5924721145709781 0.3900363317492872
0.27432481692555943 0.459608175538496
0.011003292133778375 0.9087591687399228
0.5744850073103271 0.6229988786597356
0.3979982815986114 0.8684738526796469
0.6033868697663574 0.5191493638638893
0.026440276669608576 0.26345236697926633
0.4470884519835874 0.1764760461504935
0.551600543602357 0.9305682714294217
0.38568538213446235 0.1642620395286385
0.655531211047256 0.3227751421998959
0.8176885038584578 0.6022248292817405
0.07293481730242535 0.899177114502266
0.6543465119544454 0.7552920790638225
0.7162995468439131 0.04384503704915166
0.7850644514476199 0.8145692759613044
0.19648304051109466 0.5108916558735721
0.4822956905955653 0.3243737072820385
0.5131686950521797 0.25966308490516954
0.8764211068506653 0.07976371146896932
0.42500468693188265 0.27135461153463813
0.8007402213790966 0.45271893058123913
0.01017773824803081 0.549687729624645
0.5371951331056801 0.41327610780343393
0.4266911516920513 0.5459841835472374
0.5586277332887988 0.5568900928985443
0.29706320990128443 0.6321924129109273
0.07666505861466777 0.3803410020420048
0.2517977750016316 0.7390524629480961
0.19609351110663864 0.9902764237324764
0.21388144426952005 0.7127973415341096
0.28658788559576953 0.9743303613657033
0.0986372368191546 0.9484542163759615
0.6854970276421641 0.6043360900417192
0.5635521583963863 0.6876397361226119
0.8697822615894764 0.08056116842941874
0.42010534285504786 0.44982340647430563
0.8649164659995816 0.7513319808248529
0.6489334123568355 0.9133684045160393
0.3153249600682273 0.5243996256755932
0.38162524599961567 0.5914272032048202
0.33814906134910205 0.5024124288747862
0.8374576286208848 0.5138352423883519
0.7495810096450326 0.4640377799279318
0.9488522768751524 0.2528969823824252
0.2985175925842367 0.7264256232522281
0.4157861225991124 0.6204437583393942
0.3028789684316615 0.622191241644074
0.5572135641760358 0.46708234691184947
0.8748724204395937 0.15010050429742905
0.16439553026218956 0.0591616639821797
0.3780366521156522 0.7826952344444753
0.572323891329646 0.6561139978373898
0.09245734213756562 0.009134050910210467
0.16659020773794486 0.8442915941939493
0.21495571963086535 0.603242391772995
0.9054931985311954 0.4932872687072791
0.5560266904801441 0.407074739457443
0.5714006381509444 0.951340537688153
0.9036667790053019 0.21986623413650275
0.7251330534712428 0.6699275943685346
0.769688108220485 0.053208376253866874
0.17163600434992543 0.642235171004317
0.5415189297076743 0.6580114290821268
0.7935473819300962 0.4908542981588562
0.9981495533190494 0.9429205629263142
0.8983936725332529 0.9753495939792658
0.00036806141518419544 0.7969679524217865
0.34071229214340293 0.2680222163522974
0.4998480339583451 0.28469350835208695
0.09812517370848473 0.8734426697685214
0.45812941896786463 0.4146360355935266
0.8987981297997436 0.24083683432643777
0.11561065093718659 0.9470743129758419
0.16211881171131703 0.6297423274025669
0.02570103970765225 0.3177228491839592
0.5334249586369328 0.9746373121920371
0.6162433456106657 0.8839668850816784
0.7042413386395645 0.6072089318038547
0.48897018994966324 0.7149629239687392
0.20012766011364058 0.5889428668993295
0.826725012224176 0.18922818168060473
0.08583785638857888 0.45144552668043136
0.39420258056768587 0.5504392270446965
0.6872027475864038 0.08742605580499441
0.7875703848012257 0.2831599788296564
0.9652580973593798 0.6217702838240806
0.1678468180519559 0.8295141579895342
0.25287653037854074 0.7339215849618426
0.07758252388125864 0.16673857402006043
0.20991025575613254 0.5554526369423485
0.9634469665905692 0.7283116039284281
0.358225750163331 0.3632980312806078
0.5469235919044306 0.9490148929088782
0.2603149449065658 0.46796093309105347
0.8007818731026266 0.760467334860272
0.2690961894023596 0.42259656497251274
0.26482164178673684 0.4633128157228876
0.6213813135959552 0.9817514735091986
0.7021871511387694 0.9456961481394333
0.46148302486045467 0.6998951259152417
0.7854398816946719 0.17677195900981602
0.4591196949350329 0.9229564931865126
0.8634940236517239 0.8849652748671684
0.8213520959316745 0.4090239350115814
0.8862076421201779 0.8705098690647344
0.16044682369751007 0.13455984104571517
0.6609356161997111 0.5278573552505503
0.07064187587804382 0.5316387084246801
0.5593910751391133 0.19189713371298445
0.26449407512581047 0.3403007984678703
0.5055830118168088 0.16631128643473714
0.7443934781686712 0.5120437447717752
0.3353741648703161 0.6596114048928137
0.49011688692148225 0.3732910845001789
0.09715359372662058 0.2503351937524003
0.7274794946628096 0.03353361810472166
0.5085746709015382 0.3019721338795682
0.05896942808612193 0.24546681600892972
0.6733187318936713 0.14426016342795744
0.16001640304507014 0.18608277804413298
0.7968586564845186 0.4282358054247062
0.959847082457773 0.9530702896367924
0.0671692885068047 0.17817643457093735
0.22112062617995076 0.4743541605422592
0.1494148616368698 0.33530667866469877
0.1966299242644336 0.7458017701987956
0.1752157177006597 0.7533425481240086
0.6427816370292936 0.5186572763175854
0.608220264839914 0.35337382811792195
0.7830439431697431 0.32252270828601093
0.5193300552998958 0.6050336523369049
0.7985062998562118 0.06361989681096003
0.6701915756593397 0.14116837732079857
0.09666681469544613 0.8500177529605564
0.9908523446349118 0.7840973840038576
0.17273941940815618 0.48864275962529535
0.41114359018290103 0.11258550563210612
0.7422170338453082 0.737118104171895
0.43722175175699185 0.7618010154863653
0.5227040864667192 0.4490198655355049
0.7234292390949304 0.5581251833653618
0.058023022368445476 0.20619060296972425
0.3855874892661677 0.87307424663935
0.8525898379757126 0.9788147030913383
0.014082758220432812 0.926442558565989
0.9135544863969283 0.942050229135335
0.9906456513802275 0.08240850032714353
0.502030528300009 0.6344274260257876
0.22652120102376827 0.6571262029877183
0.2916527415040988 0.6636905373608875
0.5416782521021464 0.0820475624922885
0.6104515111843678 0.7817219428128606
0.1765426388264686 0.9794721454851805
0.45583916436792027 0.5139330453850188
0.8609108696318153 0.19766536684795377
0.4947279332326209 0.4919440239327866
0.9376869208294525 0.759926429834453
0.09402645633072049 0.8227326346895767
0.2964869717326497 0.02375217281779829
0.574550762032364 0.9205694204839678
0.4308596056917817 0.8076113717511064
0.7626146029960539 0.7584867263101849
0.6795199521350144 0.5263152884343603
0.7203450945229237 0.6831237157745806
0.46456791828884225 0.1350198866790162
0.9243370395813544 0.4396247664604418
0.12152057413411388 0.3475676969002326
0.3432399858538633 0.9823635294684079
0.3078442286501111 0.7472067757051346
0.4723778765873523 0.1422478948128456
0.9455074231255494 0.6430343378080563
0.1337016267182034 0.6086799685867241
0.50787216205602 0.2070488790698748
0.711554423163292 0.3119578619137786
0.6501398892863386 0.7463021877123732
0.2033839961292767 0.11765546764263601
0.44839720050899134 0.9568115882200849
0.7654721705727563 0.8035521330398092
0.2336249001964137 0.8390904418769614
0.35860694280244343 0.0071360151426524965
0.8284669188158209 0.6164511943046473
0.9045992861417267 0.6728602418028429
0.7245285721650807 0.4529461335373952
0.9734867633808921 0.26493432934706895
0.525569186897415 0.8513230618965808
0.3568224615455866 0.4877108314322547
0.23263864292768632 0.5637770225240635
0.02854223335435324 0.8316282959107761
0.4277038687053596 0.24254872200934585
0.5715250622603032 0.6920545124055704
0.047790068408025244 0.19217033337498068
0.9029285083820824 0.6780094257786184
0.6903099535210702 0.019625167519677467
0.6476829645174438 0.3585471447801294
0.3199446732843809 0.6732648456715955
0.6298088108390405 0.3924168522829805
0.6547969900557735 0.41876788260014064
0.44723374855916775 0.917391367575551
0.4221682044628996 0.635692409976629
0.10280547248867178 0.6779555415008285
0.2375437689369373 0.2841000056384895
0.33463958337799316 0.9264079260252609
0.6889651301741211 0.36881409777842267
0.6593201451499631 0.8498237058581133
0.5815788058945683 0.20195893701952006
0.7068739974230374 0.8057071160828009
0.43796552741306427 0.7553014636097037
0.4555057174803203 0.767616242491489
0.9892190093189748 0.21305593708657566
0.184846662566158 0.1775560401212517
0.8965317197321205 0.8587303904410919
0.7667893070103486 0.5812933069005051
0.425500879840891 0.605218215787976
0.9131713599113953 0.7693055674782099
0.20149170832656615 0.7000491338479371
0.6897420958692704 0.027161354109001445
0.36039118956084515 0.4426708569625144
0.19586268174585975 0.6041452157525653
0.9981849946001502 0.7398212649852121
0.8929250317862116 0.01116064959089269
0.15586037458075097 0.8132009707041856
0.9638685904272375 0.14238912678635374
0.4323286170683984 0.4958691370888948
0.052428834009067726 0.20359263529954785
0.8959454303383718 0.8897786261199647
0.9715852697190024 0.19882383866752718
0.17056560738866233 0.1952807156196723
0.5471018626551427 0.2658839639826509
0.661176443047691 0.12254164399906298
0.7245848355174502 0.1513824414324314
0.4105190836150865 0.394916077440306
0.6814320876250572 0.5926411593541969
0.5609983018236535 0.5671849582388395
0.9063653156888425 0.49336531794484917
0.5784567217648375 0.8857595336503981
0.6635483898047836 0.3364873590725064
0.4359165714475204 0.39185347095037915
0.02928170441264255 0.9404584548565147
0.9708595136972313 0.10465655423526621
0.909601816274076 0.13990278946215962
0.06180494416168547 0.5591779801084686
0.928400333385758 0.6327470349423028
0.19099071996843864 0.11210239096722474
0.7110960183771595 0.5968964404468762
0.842289323646578 0.8536104521763765
0.33920461489140674 0.7274316473514204
0.6684111616097046 0.7498658603945949
0.9222722536607151 0.6820674249699106
0.6712680945829108 0.5152443828846263
0.44810062459679667 0.2966899429574492
0.0954618224469348 0.21874319824091892
0.13713737363896938 0.4434653450935375
0.3080689077828469 0.9312069691239262
0.9215683488142097 0.46948378968799376
0.21753743900541522 0.7253126187328611
0.11965910680346092 0.2731528570719124
0.3529419554395672 0.7495111335116234
0.6116255961647978 0.08514337601036415
0.5491356575370279 0.17348429596450465
0.11096273243353783 0.3140654192103196
0.059218990138083516 0.3978829501918737
0.13536215789809014 0.5827060638842856
0.12938291873221885 0.9191609279446984
0.4139936073489032 0.8648825269320102
0.7539736763140381 0.5931755414946638
0.8030993854707882 0.17979163680633303
0.9708287767652906 0.4380361767241543
0.6229759867580555 0.8871489038146376
0.6563698830737945 0.9558639451768802
0.06359003524055251 0.6247225358383306
0.2270166028224514 0.8521454544949112
0.5314987578916734 0.4972952346656079
0.5687174447815186 0.27236130445627293
0.879836668160515 0.2684267517749921
0.3263152876379962 0.6443915405797982
0.9439747839815564 0.7980892512394111
0.4433566460600713 0.5787985299686815
0.2752123157216495 0.6626636927523859
0.9585889778405043 0.6453660412965145
0.7034731956897191 0.5708080852324025
0.5437740566392815 0.9552995517170209
0.6283813113078811 0.19686253841462587
0.334094713725257 0.5754677271679409
0.029244758777790647 0.7079820740198557
0.0299252124805911 0.9926963615006861
0.8383624458859338 0.6118866221417645
0.6727214966316004 0.4740869936737431
0.37887568620628853 0.8528746113093708
0.7614916734756401 0.6242919120548727
0.945508325645009 0.40114399007249046
0.8446236106990157 0.9058883522913683
0.7656278055403429 0.9242247526349132
0.3399061142213733 0.17815262142449595
0.5755345340259139 0.05100686491009565
0.1677746983292061 0.2744388299020799
0.6852040967108619 0.4650899577407217
0.07323953414052786 0.49778825932753334
0.35781626443111625 0.08641201213027183
0.3005753629131276 0.6087485502947207
0.21381544998209034 0.6040962179257641
0.0977384607635634 0.08791579111144987
0.6176623180766783 0.48506675668450816
0.535822645555144 0.47599354486438505
0.5459712786601858 0.47500330263481105
0.5429763183181291 0.49659936113447034
0.5814900793280637 0.8911643910319211
0.3100200470193153 0.5571536134277157
0.5375587781535736 0.5386874614725261
0.04787710265037193 0.8889089710106834
0.8562728550203267 0.6061297762816682
0.2092121491142951 0.06278632043998167
0.5164722056241278 0.4954849026878869
0.5572627025151426 0.7364546294249428
0.4987185173299775 0.6218718542508939
0.08792264611534928 0.17354270807188166
0.3806914854630452 0.11460096743627224
0.726137390959785 0.3895859303875395
0.4900165415806852 0.6082341557751099
0.041265580062069374 0.6117897960711776
0.7467521322350428 0.8334273778625987
0.6704457945134192 0.640597518705365
0.39647972707152346 0.9341517590452362
0.6668254319502203 0.5726043207042453
0.14395699492607839 0.6899994011861321
0.9009051481947656 0.07401033637430032
0.48951670999906005 0.952302595477222
0.5034737049900111 0.7662190913089015
0.8263773121600249 0.2597694661418084
0.8913873980499953 0.3036609470256417
0.9398118044594432 0.6890166368397939
0.49005971953049254 0.47506625280366355
0.06087318049308599 0.9594978419074973
0.23586593756590934 0.4258624677394476
0.5915095209620673 0.2153243864321961
0.8784342317950511 0.8588501737204597
0.04805550411530968 0.19940805547859286
0.9026412375013848 0.1672299289703365
0.005578954031426608 0.1906697080557811
0.4352584648616533 0.730739726427768
0.2983336726156838 0.2985501670812487
0.07055681896678179 0.37056868496151774
0.589944294700665 0.6541030360753934
0.5858546413377081 0.5340322495801606
0.06552201290628434 0.4279018067248641
0.32175187345057976 0.208158140222096
0.6549770102543655 0.26033318700152885
0.8487868600738528 0.9554686693106593
0.8188531047410106 0.2133814674034149
0.7177732144737716 0.08325291882001506
0.007728154724977232 0.42978819943768487
0.92007798638825 0.5985004655255011
0.07279122062963617 0.32742716131023597
0.660863730901873 0.8295516116517159
0.9602215017883065 0.46648313298978494
