10 2 100 4
834 1265 1459 1436 626 1308 1081 413 804 1689
1173 646 776 431 1481 1672 559 876 539 1641
873 455 743 772 661 723 1096 1421 862 1218
1079 460 938 1572 1540 454 780 1089 1152 1490
741 427 664 1613 1760 1135 1240 831 1607 421
492 495 451 780 425 441 411 865 560 523
1042 1676 1183 1600 913 1522 1656 616 1715 1194
533 1652 450 412 1637 602 1465 413 981 452
1677 537 1636 1058 620 1603 592 700 558 1612
816 1429 1751 1340 1129 565 1429 1335 472 1458
1 4
2 5
0.9045302228953291 0.7060943143889001 0.7756053624071344 0.7767221032540077 0.36231167562938804
0.8402877826130777 0.8340938033668728
0.722242104898533 0.18884171540461558
0.25506769457855194 0.7565824621578989
0.059917888093754756 0.5560776868338619
0.10983509322801388 0.705740329365099
0.710678822200624 0.35315253514873746
0.6749175476596505 0.11797609119122288
0.7849750130763176 0.902405398610423
0.2712461473959049 0.12227105363622592
0.4922341593468529 0.6773461182224072
0.7677703650958119 0.6397697567415452
0.15691815687038435 0.3436391251251374
0.8269794080639057 0.5645036758648059
0.06636053157804822 0.249063985930976
0.39374883809716144 0.12725933498344721
0.032048031307702285 0.5609429889750213
0.1462356542960357 0.4420024058460408
0.7608668589205676 0.07391370549800258
0.04863457308918884 0.5814610307318451
0.06171305666205895 0.7410121407978216
0.9722784398092288 0.9700793082637098
0.7466148267285664 0.8457347355548794
0.1712001237359546 0.18327234942442905
0.354511070671073 0.7951281359475562
0.8722473835519113 0.13074762167103082
0.8790184380849646 0.8227032722353362
0.41798145408861087 0.5932567287412196
0.42122650013610907 0.43035513391464253
0.7528198305294473 0.6433048765494225
0.2743501876344938 0.560438125764696
0.08366816248759967 0.8562293403172521
0.5850740071123686 0.6426163937873783
0.34094082552649585 0.5736440005433248
0.7794710232624964 0.4074628000531535
0.3363850485476305 0.9778838235196345
0.9339829834532023 0.409965976328619
0.41349138337113156 0.025464446274634733
0.04248686465928864 0.17643661143923306
0.08292357516113613 0.09986247820509142
0.6650457754450343 0.6412945254923483
0.05375717301722216 0.552257731898828
0.8451965522797784 0.5243253667009753
0.14514216790766765 0.6852290468662365
0.5623145044106299 0.005306836083126321
0.21903201132015115 0.7675985582812965
0.1518919943991328 0.9935181855360704
0.130466580531428 0.38144724507462446
0.3246323495824477 0.08865552234938257
0.5548858642114505 0.35846209067362245
0.4990358303456406 0.5074584972833469
0.9650905081124879 0.783733251910977
0.40919217583343803 0.6928862638123643
0.7446663881239157 0.44453557831220203
0.19929020832424182 0.4074618009563491
0.10355839977099301 0.45174654286019367
0.6016051425433666 0.4227916496499309
0.9997460850725763 0.40331081439112504
0.9190651316566882 0.6433634481398478
0.6738845888872309 0.6252672766794263
0.9101322930497053 0.9640669850553849
0.44335347968371774 0.19313922198605837
0.01663403362706939 0.3702007949566193
0.7682273231683134 0.8950381032433246
0.7928235819780527 0.9066388083499193
0.6908173205179942 0.9422983895610053
0.690205838784568 0.9060694820485424
0.3304585625697585 0.04324114256855838
0.4977973336584931 0.7298240005755974
0.5683309263051695 0.6176518452344082
0.3995264392361171 0.9095582367362889
0.23577020287543626 0.8665982670310499
0.7284054034741929 0.9577900623689211
0.35371306391048996 0.36563246616075773
0.27158036558240606 0.3023414427788398
0.3151442358589367 0.5176835473240626
0.14579433449581103 0.19568005088041462
0.823586357018341 0.02113316168210777
0.4976872269042074 0.6506991212697932
0.1130688532713533 0.4352396038451185
0.8512103713213859 0.76285759429914
0.3229301356842511 0.4913042294862424
0.6161290262297194 0.7542449404805076
0.8645326231106079 0.3528405104315677
0.10082271916077246 0.6231244379235352
0.4143634109339098 0.29010547730177083
0.7959723118847915 0.7422716819440398
0.3924639503327638 0.41691769580279714
0.16981918354408387 0.1163807400040684
0.641088386134836 0.19748282836072661
0.7792533757673055 0.8277385734193037
0.9622877335507871 0.7617959660254512
0.6741159621489534 0.4012084389051227
0.7896732551986563 0.6889458529005661
0.25160289622910925 0.22773182979946682
0.7924279731524346 0.01122653591751055
0.7827433261284498 0.9037530672905607
0.37052269284354966 0.6891040874336949
0.13601611609778574 0.4983087290421919
0.4019140802985639 0.15190020632560342
0.8490637898592053 0.05857264418445429
