10 6 100 1
1224 890 1230 964 987 758 842 1184 991 901
931 758 1218 921 1267 751 1240 1036 1057 1220
834 832 924 832 1093 1127 897 1043 1012 1145
980 978 808 839 757 1246 891 1194 1095 844
831 768 1132 908 1045 866 876 1249 1036 1185
991 977 830 1272 899 928 1208 753 1036 1048
947 1240 942 1016 840 1090 1172 1111 1264 758
992 1056 1274 1152 1081 1268 847 866 1120 1188
817 972 1087 1013 751 807 803 1277 873 1069
815 759 1131 760 1021 776 1265 843 1116 1242
0 7
8 1
3 2
8 7
4 6
9 1
0.721370751697918 0.340194054291864 0.5612912701367017 0.4473134129055391 0.3424206159528323
0.7766944783788374 0.5746513337715151 0.8576441151060878 0.7347573714952199 0.2474993070627356
0.9718949702320292 0.8596427484592117 0.7238318481585839 0.3412040553491841 0.2288625977526877
0.6822277629954656 0.4627089977953409 0.34599525642154305 0.9380412757793091 0.1455876492592287
0.669500989060106 0.7876732087575218 0.49033242074238736 0.7992663365992996 0.1483266847905977
0.7914115155691916 0.8030744364298665
0.24313377367604483 0.15621022954753516
0.7516682136909887 0.07498955856551914
0.040858573333859116 0.973272231793954
0.2859299302555667 0.6767240343001419
0.6821385290423092 0.4604363787203183
0.8166546194985995 0.07853070960191633
0.30233683628907126 0.4440838987704443
0.8073671867010022 0.6745109486875609
0.47993534205375354 0.6230893417633558
0.16832152728167915 0.9991099909780707
0.7272296671769802 0.9117535547369944
0.8002380831450104 0.29585786033796135
0.5435943531556491 0.8346107234356208
0.8903380743707487 0.40359661443992034
0.2789739289503279 0.59023893919451
0.5179549644457968 0.42476693851837055
0.37386145875600096 0.6657419116887302
0.5361302210997965 0.37941986637918124
0.8179500392891881 0.778193097325065
0.992438634882757 0.7654357594279957
0.8501797444975738 0.3676667180859281
0.5012734273452935 0.9466016473883059
0.7297051483496761 0.992483360907751
0.15573763707988308 0.2166151726830461
0.9429564874067278 0.2345874497472411
0.01176126813777989 0.46935956968957915
0.9963553321817238 0.16537552790830445
0.6058984220046482 0.5332903480785325
0.5285858253383744 0.777138039644774
0.517426082910281 0.46799829169843443
0.3572187920965144 0.32629950924507245
0.04846093674859353 0.352942639787704
0.5494787755628514 0.947221203256962
0.5253728602673795 0.07319362296799037
0.8221789476086294 0.34785064948967626
0.27671907283564656 0.6098864456088395
0.7835975744449228 0.6115682592523548
0.2247771333858788 0.2595028098227985
0.16499776172571723 0.6084847666714515
0.2231302011117422 0.9759398890729982
0.8908696381443986 0.3613318399573944
0.8945461658451468 0.16821576233849167
0.6534021024051839 0.5026081014738464
0.27935312613339236 0.22522763881097396
0.5631589188510704 0.48738563785222166
0.3084196745425378 0.8555197268101731
0.18835564170448427 0.1774163136571203
0.19479038164460816 0.5018562562329298
0.19971430164007686 0.4197153190756273
0.022566070096388557 0.8223147667690585
0.636277015305631 0.7945233580459323
0.13538882526712293 0.08727505389718182
0.625110201726887 0.005075302567189466
0.015083183866793748 0.3707194798646103
0.096878758722595 0.8200319683135711
0.9994277750537155 0.7450842861205376
0.1243612866360535 0.857971761423671
0.27998702533531694 0.934647761656709
0.39761321987439824 0.7613627844939252
0.15492801403703615 0.1467943344017275
0.46498761524528764 0.6609914470048575
0.5024520922734241 0.9748311522304791
0.9990222141221903 0.7040095054332269
0.8806249459971571 0.5588107662366923
0.4702604433993318 0.15151759123307218
0.09165750183536292 0.713283685384589
0.610773937625988 0.23945939125218185
0.9388001049220167 0.4445721345252802
0.3552750723105018 0.9174935898181582
0.33674313487068996 0.29143548025193855
0.400286284300706 0.5809857037236918
0.8794828637796346 0.3956910193322354
0.048073572385106234 0.5928864935929312
0.9884087186425117 0.21613737725970328
0.8743196817974213 0.49539605085326754
0.2602805161977213 0.7484896781810302
0.6227611353011409 0.08259172760567979
0.3342843589829163 0.5253684859245045
0.3176485467437993 0.0978019589450676
0.5947374225333746 0.5041348329694206
0.5640061021546727 0.9695756344241158
0.2951962018417966 0.6105978011673343
0.5921060179760556 0.9206874725947409
0.6402613073587675 0.763429623839136
0.5601183552441498 0.011404042582667584
0.3716437541262283 0.8349756875033707
0.5796597761073885 0.6698923382368991
0.5321889287091353 0.6069482135648252
0.20170182373567647 0.43566020532085825
0.4022759715764461 0.44473505179135686
0.6995202824826336 0.3432407524448904
0.7419064342382886 0.6528080152347819
0.38545501609451693 0.2939337161065385
0.2352509533864382 0.35409360625739583
0.011745049711951783 0.6002608150782967
0.23197312143977178 0.4624876696321263
0.4401844210406449 0.2700030535315696
0.501732988739023 0.24276176881482225
0.48201935031480425 0.2800483214836378
0.256509711305547 0.4358804050883991
0.3816891649157632 0.4536639330550756
0.40332789601086505 0.7490499802120059
0.7673050836020865 0.7739978762426223
0.7076208926425238 0.8080923838165905
0.6020914879421468 0.7838776801523071
0.9169799034138597 0.8439178816218933
0.36347359182163363 0.7476311591893723
0.958449379345411 0.12300940810235095
0.5489557870626711 0.5355500248290597
0.8736682476942459 0.370744318616526
0.2053944990879113 0.07717900372745734
0.498143987719631 0.2720877330037963
0.14809482009921604 0.728594353958915
0.6976315023605217 0.5380324073655534
0.8928583465373641 0.5313222821973251
0.48195658050286827 0.8490638959320027
0.9101884219222542 0.6216135631725206
0.9596623104475857 0.345325923229848
0.9529469636171906 0.7505653497046463
0.4065178081495804 0.3098671859157147
0.4322552187353501 0.424824263402499
0.5573433428566221 0.01224882075045608
0.24077625205789466 0.869159408268547
0.02846878640654027 0.9857270593216951
0.030527213298233935 0.9245329155710629
0.6732965187484268 0.920117920935843
0.39963201615290966 0.4341712207977506
0.06191886166074401 0.6808498386820583
0.713786738120231 0.3715802957610861
0.3440494635901503 0.42654041937347653
0.5310464066442446 0.695083085707962
0.5682795158691702 0.21568185087765523
0.06195631374622024 0.7259627878354218
0.579426879056554 0.857226201689494
0.9881632890876793 0.6248186617126614
0.5369539609345253 0.40947883022021636
0.07306557006375813 0.47968655324132703
0.6212532385605314 0.7505787990108455
0.9955548389782447 0.04384765289844372
0.008548892480710446 0.06485955184841896
0.3530160757482439 0.9646930781970642
0.7853974052341244 0.2072032114309994
0.11364313406847493 0.8910757408087706
0.3740035369385728 0.7340264013665907
0.4227607001404352 0.32641009431593493
0.6717179967734479 0.11200166097081898
0.5521176227862816 0.028419026176360607
0.2546021453113938 0.748807403663291
0.5931819496249864 0.5682613569880648
0.4383012620851463 0.15611128236633776
0.23688012446980666 0.8088341749803436
0.8554628143361023 0.6061420368785839
0.8469877487866082 0.24637811396623865
0.7911984601195192 0.8340683036212462
0.8475143938086933 0.17431678712084686
0.30013144412273296 0.2725769725365077
0.6793408116143422 0.5992393542889205
0.22195514854334308 0.48277530218112874
0.163860947737001 0.532914492007635
0.335036264443638 0.37577035942654646
0.7293681922256285 0.5011089267831002
0.5691470572918631 0.6910363475094556
0.03672897416769172 0.997055141852226
0.08559471996686918 0.25146428403418075
0.3137976599769625 0.2760434787801058
0.9902857259375601 0.4109944472413336
0.6052190259712922 0.009956644142908866
0.24341334292033956 0.023127401339799958
0.036403156077665644 0.4333795143760384
0.47570491941428106 0.20504964724623886
0.8792707784218905 0.45583601225216785
0.9466750704474474 0.3890489868414384
0.05406662651412297 0.18096761445074638
0.34883786527414506 0.4861051909202927
0.6466770199555636 0.5779820217146341
0.44677104146499524 0.29576468527428057
0.8618432140079622 0.14536872805446377
0.5171137039579572 0.782954352793003
0.28088662636747896 0.5626666212381726
0.26371507603773203 0.4795781876241214
0.2630795699474964 0.7999754898995173
0.8591108887864407 0.9852102437697716
0.025234573867535248 0.9925426734514702
0.29233679912341115 0.005128460220415576
0.01328289132475069 0.2903779507993449
0.17109718683410513 0.7907903207484526
0.3861975743196375 0.02086455538081733
0.9022583092365286 0.28395499699678695
0.016822026701077686 0.18494233268382687
0.9377444545695812 0.824858307520608
0.002398073521770794 0.6605599899186034
0.3302873213199682 0.05919615213682783
0.15392717091177754 0.08742397312796224
0.5157793178243448 0.6675969830921662
0.833670390128306 0.49637303808647704
0.9470452147264561 0.9683570006302891
0.29750880171083294 0.42259983927980027
0.037864117726120305 0.7817000348369241
0.4573822043376763 0.37428398992867007
0.1862500100896609 0.6788983366540253
0.8202277678926277 0.8426513097174639
0.6297998419026762 0.7015639103616509
0.58326064859058 0.5406179059534313
0.6754866462905231 0.8186607512615354
0.012719945871860538 0.8701073973997111
0.2722993041794133 0.1126139011414331
0.2611761147944909 0.06171104426569518
0.41932581943158165 0.2383800158381677
0.12847848403604467 0.3628079508176334
0.8141548561292975 0.27510450461335223
0.796051023995733 0.1483366741739638
0.035930235189809645 0.5476818878503245
0.8802752519817962 0.21810640295149342
0.018234915997080048 0.2777895908252126
0.32690672831824386 0.6200473997913232
0.8950172258626772 0.7199665077795769
0.8655037626339575 0.6457589069648577
0.7718943759793662 0.5806487214503451
0.9019213598636941 0.5885891291496612
0.39112993024453857 0.08419715763410807
0.9475641577659879 0.04138519781216066
0.04032577129255799 0.20793667543792083
0.5460460229463049 0.4321036389604245
0.9024944372918469 0.9967241780727536
0.7562423430026839 0.9069471549358337
0.03084504484846362 0.7624012255084449
0.4660552277926011 0.5174180060786866
0.8699153877172816 0.6680894537769442
0.20716355194843805 0.7876704669964438
0.8227520378109017 0.8206958613362776
0.46966600854710183 0.7396308629590955
0.9010214657868616 0.39312315165690626
0.8635090230025264 0.9991878211566478
0.12397243659611168 0.48569501780733426
0.7487499421263162 0.9685121548249709
0.5525789750456551 0.25631733086154007
0.9690863985104288 0.44331875056344305
0.38580285953882765 0.253918691976065
0.7100174653975633 0.7813933314862105
0.4456744237594643 0.650078869258659
0.18698636468783136 0.039649550082309304
0.7968459247888184 0.9810644546447649
0.8655716374971341 0.046833189535470776
0.1676957951777689 0.1011154611678895
0.2112692460780332 0.3806373490719699
0.2364209682024454 0.7429764767755156
0.3359056324203704 0.7213149286978884
0.03783347789620084 0.29664989685194243
0.7926022203671457 0.12237935855175297
0.1185078928101988 0.7761843456055992
0.5925380405865373 0.39359184925602997
0.15618174884674763 0.9227822408353767
0.4185927205947808 0.6994785273600539
0.7430235358014436 0.8315485261900846
0.17298821375117646 0.5303138615211636
0.21452330527601493 0.4399274384714056
0.6929295138196543 0.3414143641543117
0.9464893520792066 0.0411398813155317
0.9410993076710712 0.4867177667313656
0.28572927699125605 0.14045048517516867
0.4646124077132652 0.443696529832611
0.5171697280815988 0.5196172448301826
0.02678822914536605 0.3046890560385902
0.6870836013450583 0.7119207323150232
0.9496664275453774 0.3892563069574255
0.2919479482789229 0.7081639310345653
0.16496334437040017 0.4415245746164085
0.4333303725886686 0.8906667490834044
0.2705045190538431 0.8118482119195922
0.552600871166135 0.23532886576609546
0.24165617217075508 0.6948293658889191
0.3121876140110371 0.7656363967185036
0.333640463574266 0.12711097672970229
0.295761189845541 0.6596128395838021
0.350782913564611 0.4118974671089817
0.07123024008834444 0.5476851629729169
0.5271029090148496 0.03254094006825814
0.7811641262207225 0.030307098379762643
0.2083578734738254 0.7834959394868573
0.17244561212768472 0.55500671332337
0.41793686913396066 0.7614658870162843
0.1218971556922479 0.015107271925788535
0.810556641846667 0.5415864822798415
0.4245980383327399 0.8556603659305255
0.21917732563694026 0.06949000196557109
0.6371501079445405 0.3065229802157774
0.6799517650321099 0.09151664422468442
0.04678357707480285 0.2777462132592754
0.611052336606972 0.1410494329986649
0.5184438676749519 0.18476159791573732
0.020101834820660303 0.5253987407841638
0.1384948661099581 0.8311684401405799
0.5239815026911849 0.5866883063780572
0.7494953349882361 0.3569678141992676
0.05919335245545865 0.5708237360956407
0.6162447642266988 0.6848429534480409
0.8404728803673565 0.7941891192743731
0.5924196819710346 0.4048906299073376
0.8350249336157205 0.7315717549671714
0.6674937577403601 0.8354544077325685
0.9230342553400837 0.3890173485141013
0.2306130085366498 0.4944988819805105
0.4130731952422646 0.6908727451206489
0.8882970241008807 0.2849198476371686
0.20622030269442715 0.11533092802046951
0.9911599053575197 0.5880157523136107
0.0667566782006106 0.6659819673990344
0.740816232019174 0.5887783260550679
0.8043677195643244 0.9387499641122783
0.5630265200121793 0.08324185004407791
0.16434815028812721 0.727108940258915
0.48891124759562987 0.0009254422360569503
0.10985660205564352 0.006188860065427626
0.2681881678828002 0.43741304749324983
0.9550960750797552 0.7351347396316263
0.1389125027174558 0.2112413636992354
0.4586813067444824 0.6224015905072475
0.6030708810604815 0.5128512335181388
0.6914717722413899 0.2765804061641737
0.8633969804635551 0.24688563304948086
0.8258400758067017 0.41661377310913217
0.4556797415167815 0.03498742236611174
0.34552314194792744 0.2549194134103907
0.7801241126080805 0.9472147328924214
0.6362966529643848 0.5674094457565022
0.05735235724885679 0.22387004340962857
0.21958959518717425 0.771426353439022
0.944801089331184 0.384592264614972
0.6263799923968054 0.6772320862669527
0.22562739536982646 0.08850547320829527
0.018985526663549246 0.017315792110405237
0.36543021415265 0.860844836127739
0.26342675968190377 0.548604427161812
0.13064097038565503 0.5797679565208775
0.5933929327251983 0.24437563001068585
0.40315904755428544 0.05463620549883874
0.23841372769721847 0.11934350042469832
0.8959364584724527 0.6006914296303181
0.618288287540923 0.7242396971269596
0.18327062923809745 0.8710135493726974
0.4547253893691996 0.7600625295286363
0.9609814418433726 0.09990667930901442
0.7106284244533863 0.972384217137316
0.669277881622667 0.16240667550713095
0.226501830913725 0.36663159817791047
0.2789038826820145 0.960060472489147
0.2754158624243135 0.7784167709885168
0.39413916481649824 0.32428826406421063
0.4480969770134027 0.6034988581220018
0.07602514354281298 0.4114384399933324
0.1904157156937305 0.5086999400297885
0.5217111247876336 0.3609723816150805
0.27988138892602055 0.03663398251368588
0.794300258213039 0.2866327294791877
0.044010195400366436 0.9694017044205288
0.532460209182108 0.8196300232276148
0.63363421748005 0.18058287075855906
0.6184756690853244 0.04852105146073593
0.49116814941910136 0.17646009298289078
0.18746054839004378 0.9230166046340491
0.07807728709727435 0.047987649143111266
0.6662782097187916 0.528906106730499
0.3211370430872933 0.41649711270456935
0.23442462745636972 0.44154502974412013
0.3913564658663786 0.47747127230158726
0.8697078534900116 0.5887685879592357
0.9394296018089123 0.6045630465459491
0.4632123492075688 0.3268827584521188
0.13756405326332177 0.7596236819472866
0.6090457552175328 0.9691588099018207
0.1464290282830658 0.5098351900076645
0.7122784358152625 0.9804684339263954
0.30493616207339747 0.4903033598709501
0.331347677026677 0.8898052892388313
0.04102216016156235 0.8437239749975249
0.2846369476401909 0.06810349859602938
0.3387578983301025 0.630963737240734
0.4665135072482669 0.08162118241550598
0.40192309623509037 0.7996859376577661
0.1760602127532851 0.1439066060261176
0.878873503869875 0.721029334462949
0.7212174792986832 0.1603296553101654
0.7103373819802321 0.20223550235631294
0.3857634705898092 0.711864177555491
0.8564952361769078 0.05072829698634629
0.8905278962877805 0.739997343424712
0.6398880323054823 0.7295912111228737
0.49256218080779424 0.26770094269752986
0.09810333532106963 0.013738847350400762
0.03587153337150517 0.8699428671223277
0.890476913454912 0.6731209425863778
0.07257162676932438 0.33941057722913337
0.42399867822951354 0.0777453825108263
0.8523628883648213 0.5557933392545222
0.5124094915195236 0.2098563648263132
0.8658693038941212 0.18169305193774066
0.9797091013937189 0.9249826184704733
0.15645326537566784 0.6306503309018219
0.25002104135703385 0.915841980306721
0.5458766527389465 0.5412681841696454
0.2082254881788157 0.11111682439596793
0.6188828419491408 0.48825527360542753
0.1763611173543469 0.06596343205352828
0.5200660627323508 0.9052767790406622
0.9126747202583592 0.44162075491919883
0.8780899442590955 0.41599149180433703
0.57094563427905 0.12690339398155737
0.7258779902867476 0.41147787107791167
0.9580782074690095 0.4791914452798054
0.32129681520595366 0.34160304502976535
0.9631719242997436 0.09157980809644872
0.42230821160739684 0.38465532556897664
0.15294991241416422 0.3672744767876408
0.9249340251313907 0.8705370106460151
0.1060233202326406 0.6443465649883391
0.36514896406323705 0.30452529563303954
0.03432871543028093 0.5544098755853866
0.6869585149274373 0.2576690152741157
0.09011841790436637 0.16521383099706832
0.8508408459034016 0.8805360650592033
0.026265916552253632 0.06125354606114075
0.7756919982545856 0.4993350430778962
0.5446728253337623 0.9505898591333712
0.2502740106740231 0.5714819288911035
0.10178915396518695 0.9291013477125061
0.9554851930921253 0.6633374123301192
0.5031657598519785 0.6180380165770003
0.5988832067757941 0.40255704566546613
0.9151234957947016 0.9482162659381088
0.9491054394231435 0.8303494206279205
0.20318189732597358 0.054753361755899954
0.6193009526722841 0.5865144329302765
0.10954480059580884 0.5462361694850599
0.8764045370666476 0.7478431644995807
0.6149535444500276 0.9444789494358501
0.21516002376379229 0.18635298278121604
0.9504083312424507 0.6261184040038057
0.13791326626348388 0.010986747087918136
0.5240265542202753 0.4270758284973253
0.8548985668710904 0.23567672608582013
0.9229631890133432 0.9377272242450869
0.8325815570015096 0.8200636035555611
0.586358029527859 0.31078082427537024
0.39847833055898163 0.25127892045741085
0.7186565060640784 0.2386002876203781
0.5302777559243568 0.11150363896254745
0.8936002939426588 0.7705887029680563
0.4402747005598038 0.35031074388744265
0.9827148376861525 0.9591160369871066
0.7699490465879104 0.6370011788273842
0.6094359877658879 0.8525095614928306
0.34220724385237977 0.4810500191796714
0.03449063366558991 0.6709839838253495
0.34553929569508224 0.906261803197614
0.7842781201323132 0.6099208837529833
0.5453620975276634 0.5483494437526981
0.7425625174229558 0.2640351674834269
0.7527889994169277 0.11188309537958796
0.5671832358922921 0.12897447567141151
0.7747990041838717 0.16120559514447064
0.46563252876450556 0.4315512902101861
0.6708014661252968 0.6295437992227682
0.3617382784592693 0.9800113929544838
0.36830804501430525 0.0068973947211388165
0.9536990373667862 0.7043646540880331
0.36529101734759006 0.8230128828535219
0.22396808997185746 0.01792035484022314
0.11930613416064828 0.20978708043280614
0.8637985651160516 0.7870512747487244
0.5181081772680802 0.9258828870443228
0.22717407456750283 0.10960145622279649
0.9335894995893794 0.13891597854719517
0.5597233976570533 0.5880714940903955
0.5334472103805452 0.9085173435533764
0.615605687424611 0.17440462642115517
0.6108021174091556 0.5474271656846739
0.16276583379765652 0.8007168559332556
0.758869157265434 0.5674390795837203
0.8982425564060206 0.17436747879551073
0.7805505439745846 0.9595455208191848
0.6141402956427786 0.7312575460693675
0.3050161405708667 0.885936037248213
0.21156683248971175 0.28730033427209145
0.924092434979205 0.9854517729783085
0.8006935014049512 0.9648729859203788
0.4839478943286195 0.6516956197779868
0.02103659117706247 0.30338290382504596
0.2087651263963919 0.6060457399497239
0.35950926378293224 0.7791716251163052
0.2307138214446971 0.8290055885631082
0.5810626894178235 0.8313444122700813
0.9600288354441389 0.2382979632649851
0.17890877505854186 0.6128398896952356
0.04628984947038339 0.142592833227835
0.09072355818788402 0.5453401227817598
0.30864870228588126 0.072093607528108
0.06701364731293369 0.4317731804643046
0.24805867028241435 0.025811867330849836
0.37838553193452973 0.9561788259375397
