10 4 100 2
701 682 694 418 470 569 540 446 457 377
747 648 789 647 561 574 482 600 444 507
846 844 986 828 788 722 713 621 512 533
1154 1180 1020 1141 1063 827 630 720 542 428
1665 1467 1496 1420 1166 951 989 725 588 403
1936 1668 1735 1388 1417 1528 995 630 485 573
2151 1865 1822 1631 1533 1347 1027 832 599 615
2054 1983 1918 1749 1250 1176 901 789 577 503
2129 2066 1672 1570 1249 938 795 633 538 600
1753 1702 1673 1405 1009 785 813 591 564 517
8 6
7 2
5 3
9 2
0.5667495241627477 0.9734539497017711 0.6944238236971451 0.4251591696396535 0.4343885297587585
0.9715412948141187 0.3756966262355656 0.36122961700220274 0.4769980200410189 0.2914376387134121
0.34072097030838344 0.4392308267391179 0.9946392314242076 0.9929290929751833 0.2683737472885288
0.2381695581753296 0.7006965309260809
0.37440281647043205 0.37842452203342636
0.09424141334148661 0.875551165059675
0.908363791824071 0.10648801985135448
0.17753827000716327 0.6854025318122505
0.3718941062785279 0.9492043077079324
0.5966138948328203 0.1257225546973555
0.8547982660302398 0.17017817399410262
0.6396456224258718 0.0599889322306153
0.7792756453862786 0.11098689935937478
0.7097371836280437 0.7120234317200902
0.1092297262483799 0.8564465966121009
0.2564490721419881 0.3200009147160474
0.599884956473427 0.9517958954564791
0.05760133681261781 0.4503218860919631
0.18843231122528725 0.19696792579820221
0.6225634089800003 0.04037871150332206
0.422807818955675 0.08764393921990266
0.37336845410663333 0.09725948004210183
0.469411350647174 0.5288735529983941
0.2628383447439584 0.1913509453761948
0.3258486125801692 0.6585084052968884
0.5194233961393253 0.6329909218982421
0.8954015290347026 0.9665299002282615
0.9752881799864834 0.8830741406442191
0.15869057403458275 0.4587516624486394
0.7156753460924852 0.9155348986516845
0.5643063231067846 0.8752735656140669
0.8987353780485716 0.510301492685105
0.5495630355018768 0.9938569054975122
0.14647694851912307 0.7438298804485062
0.4659411273299774 0.2534818599800863
0.573523124014081 0.9348355871075986
0.38486947658068327 0.36155090392197553
0.21869064181890074 0.16814338540847995
0.25316909744920024 0.18268985290558315
0.8712973181036052 0.4157165370215363
0.5342910530690819 0.6182737329258963
0.9626480558451032 0.04798930007816549
0.3157682736038654 0.5532118222295739
0.9093154743413112 0.42615564279861995
0.17477490566528164 0.8286867756755643
0.7041566510701822 0.22508772751998074
0.5836298281770993 0.1732861947826756
0.2643050648217127 0.600383366349508
0.93822528897194 0.5762767795342019
0.8083663736937019 0.6139590927653855
0.08549406846133722 0.060788274318185787
0.6988799108553592 0.5656965552063231
0.26541663234377544 0.08270477764824458
0.5940211975527556 0.6564694229924328
0.45031688013155513 0.3973160619749594
0.7081077843980341 0.5832958194123394
0.34904274853902884 0.998476418838115
0.340010734065767 0.24050140369127537
0.862035998663309 0.56865277819384
0.9902181601635296 0.24678702622806137
0.9834155154714546 0.6551460228220942
0.6765600479379599 0.18425617448142795
0.267318178107973 0.8457279599391123
0.3372358925520589 0.6916400954486515
0.22891184798094066 0.23969391426553077
0.9433991068627865 0.42089759193351206
0.08392126978615777 0.8792015938210351
0.9573784181086302 0.41339005405001994
0.5253041048275375 0.40124728707267066
0.6273855029668789 0.5921654574687023
0.9441909500073493 0.065979131346672
0.2719267232179945 0.9280271562375664
0.6949867816919566 0.13754827407212233
0.7857786352713432 0.6714092614503426
0.33041813787818275 0.5517588721906252
0.9263327082230053 0.46248878582606023
0.8362208342539392 0.6830641844769427
0.7649468213279482 0.46208700644109624
0.28108976651358764 0.5501650474285853
0.6476056426726833 0.23917270299149718
0.8470368940578326 0.2709716643995508
0.3643579835987347 0.891324574057528
0.47185891003451697 0.5302612922018992
0.9095837665597151 0.6407092807424468
0.17020038844776164 0.39342775009311404
0.6422612933970822 0.8803134063314282
0.24661418610369035 0.5791649320820473
0.5870206945411043 0.4447200776946807
0.5252090250913601 0.4863732690237952
0.7389404344760393 0.9768861013486239
0.8170865827539122 0.41091302870309887
0.45920506940508 0.8754404883196871
0.9997339578401707 0.769042562787732
0.3982700435279871 0.191504835647333
0.04806745444362903 0.10713895532752993
0.8176716902639249 0.24240786522829283
0.7853000970875916 0.16945424239091533
0.7871555254481992 0.46092325316517613
0.8310435013863202 0.05597389856217472
0.5565398429331114 0.6440239249174178
0.2906827362994586 0.6472413174641269
0.6254828333414333 0.09412077153694187
0.9691195655236251 0.7490833835242798
0.4651583615104893 0.7413486081172094
0.27159817791947694 0.7025892521989272
0.9709754447522096 0.9454725097002856
0.6700798124056901 0.7184189995004049
0.7126728079213616 0.39673941686690495
0.7746197246426303 0.3256703649858246
0.3820299713310231 0.43496084479485586
0.9309028531088517 0.1283135511211193
0.03384142614241403 0.5655529597162992
0.4095142484911234 0.6034077431820692
0.6562191591087505 0.29947611032584986
0.8831876660011622 0.28609368753952924
0.33742035133452153 0.04935241310992833
0.517186491533276 0.6948026019734319
0.47073847060727103 0.870382107210661
0.7535780237630652 0.1645205068248481
0.521803379919829 0.5917698448484852
0.36496071928840523 0.7903388701022083
0.4173911790303837 0.8609489858027417
0.669659752486411 0.5547310213411141
0.3900835334678381 0.6947679229909001
0.05786123494251694 0.954618585196654
0.0032529452046998752 0.4224304914828805
0.10095426795184603 0.463645905460629
0.5327722214671731 0.6978704091476193
0.09849892912012037 0.865386803911115
0.04933600683150119 0.9890403266561243
0.29866283862055254 0.4043276650258427
0.29870439291858286 0.19429506423438414
0.842450433637757 0.04752786659779007
0.4396484183257645 0.47951641639956777
0.9788256863493763 0.21665649944627452
0.7741544340855862 0.138137508364939
0.17233547413108896 0.6434025435894386
0.7602758154232714 0.8495175455457451
0.8557997040941427 0.8170866778598529
0.4725584895087003 0.5712372002193049
0.7528163413831717 0.6557117403817925
0.3294153704773257 0.25223345089480165
0.6780479207901176 0.7874123658276961
0.1741043627339598 0.7065187898172851
0.20621442552889047 0.06891002651552647
0.007251593253574162 0.3271116251112878
0.47424521168336753 0.01549445784495207
0.48594600374924 0.13236355149157575
0.18189868537573473 0.7378036572534044
0.5008899514625194 0.21838353585263315
0.016628338580008784 0.3201299245885014
0.830441167049907 0.6525825540228851
0.01190333376771946 0.5533636969898794
0.014895619005699023 0.430343348296661
0.17437821159407862 0.715662131868833
0.8452476216336171 0.38085904335692566
0.32338856936689697 0.7245353520831976
0.23533224381890094 0.5394716543441953
0.6217188467432948 0.07879342547678747
0.17026503211306476 0.33670661418521597
0.05697934556797701 0.21160393990054915
0.42682481259335514 0.8376915182863711
0.03400170617995513 0.086157215953103
0.6886723798945549 0.049692770981893286
0.32729123625148593 0.9555521917759588
0.4664718602926321 0.6167217875770894
0.4274604874524395 0.7729921505396129
0.12484272039499622 0.038978612155960546
0.4546854734607457 0.7689111645836972
0.33377898509371606 0.5867076536708835
0.7420834736279562 0.5564748225318248
0.04378203251854362 0.18753746254620407
0.8861708082751125 0.011779829860973035
0.4230457690710343 0.5188787823451806
0.052683134358288086 0.0383461607839406
0.7248223305407762 0.8900854330675476
0.5057594116640263 0.07379551976287124
0.6707478708343244 0.368675695765907
0.25498497333218983 0.6260817048029139
0.9723537898985679 0.03876356701708272
0.8136090871268336 0.5051785530941713
0.8797293385892764 0.624995452587036
0.08475748651957216 0.39102655116411156
0.11646555103878242 0.5827635754838367
0.28137849082605104 0.32711030557768406
0.31235039212772997 0.6828629417949148
0.8545479718944957 0.6168426093672017
0.05456173327739089 0.51065085631617
0.02430214957664556 0.2255835490272693
0.8194428644226823 0.6661604308551314
0.7296515397467498 0.6070415837975913
0.3024224733618479 0.07637624102987473
0.41970115471992564 0.11734026161413591
0.32541743369878184 0.5813264621282586
0.5283397216694579 0.6951168132613199
0.10224226226075461 0.21454711141737492
0.12765269407875235 0.7037815773454652
0.8069138858563951 0.8928524625095104
0.053823103330570055 0.4847063394106861
0.4672119045598302 0.3847787073200093
0.8112020985374486 0.4392231973376721
0.7240720014556732 0.6663073158190593
0.694207229178321 0.3808241751804635
0.541463646037238 0.788462347792038
0.05149989304828617 0.6003245579977432
0.15835630264811962 0.2648074485051335
0.9044883204753278 0.060742661450979174
0.8308332386384163 0.48243209646661955
0.43924725456686864 0.8927324994685877
0.61612087681107 0.8923353746620468
0.3540166252604502 0.4345102802695415
0.9974905687746043 0.07225890055461504
0.1536665607339236 0.4250526601468585
0.48304307993139517 0.2850732789776831
0.3241128814362111 0.053097438332888824
0.8600159483913421 0.5696763698205376
0.738707427660646 0.3243578765523616
0.35158928604761974 0.5104763517180428
0.9949775212299679 0.639977530833747
0.4595422265413065 0.38184115682232167
0.600508104274964 0.586145773083603
0.79993306765402 0.6994260667714769
0.9156490128728807 0.5547631863897673
0.2545571814691423 0.36216250034364883
0.2945196685750453 0.19124656348979574
0.01618560062198271 0.5971601637514747
0.9568425170026513 0.4432178117805601
0.2979252268042851 0.6905232543452078
0.09490804192604552 0.06627136542072476
0.0971809224972855 0.6822913366169374
0.1220746319989392 0.2569614409028642
0.36419024166411207 0.836240110618903
0.9083344642976712 0.29957001366115255
0.639801973546972 0.4132465153857119
0.2328773241062414 0.23133147308413182
0.3130362346508404 0.021497454412849892
0.39359164376358424 0.7974691248182635
0.7486596628086013 0.7468724107375642
0.04292932775868463 0.7002661642978527
0.26255329495524493 0.2713630768926292
0.3090065877495012 0.06434125421690617
0.6031862587462307 0.19874535701182272
0.9352941762040516 0.3026918982753122
0.8211435087897394 0.7120562799364323
0.6511628107516756 0.8851885103279422
0.4789839619276859 0.5988351040712263
0.15452330039085194 0.42141543293649564
0.05544668599125524 0.43499686903859325
0.9757550278535712 0.958625112588747
0.07926940387996728 0.09621215067251576
0.011427373920309014 0.8576629767665958
0.5869409682033422 0.02555472713185436
0.8625114762158779 0.06740825255351557
0.24169649706551843 0.7530141062070024
0.16177770726511853 0.2577950680578942
0.3606816085178497 0.33696571212448534
0.9699405145009574 0.08905911395618893
0.3093211181587441 0.41579232994630067
0.08097935150283475 0.3248349215094162
0.5921763009761707 0.6106393456559367
0.2358154914658157 0.9915691043648267
0.917835240774157 0.19099165829208453
0.11402090886370142 0.9527133492382747
0.11884035356178257 0.722584255282102
0.31990904605014014 0.11053136663395624
0.8396728593403682 0.6546856341057528
0.13538110696352357 0.5992921411825216
0.27469085841978713 0.8508952705859025
0.7244875463629643 0.5270482045851204
0.8766723684911968 0.65720872515179
0.6610161546625357 0.7230696082244219
0.4404263733383791 0.3567639684607673
0.1717838265757834 0.8222253800496269
0.12776112896484992 0.07766352642792329
0.6950372309729123 0.2951046437599465
0.2863205564072133 0.5637616419804008
0.09492409702756954 0.15687611101218102
0.10705186467174777 0.0808324844102466
0.14188515584000405 0.9428302682343075
0.46591632162902963 0.8069551118297178
0.2455258637765061 0.4033367298969843
0.5846871876889204 0.47530494088860564
0.1700449047023016 0.4251041036723455
0.20644461357962407 0.8816672813972914
0.4310422585224438 0.01794223053711308
0.41681968777193035 0.3292224550812466
0.6492289875404165 0.042216183980066546
0.25401497754091706 0.9935435778083459
0.4260601876470129 0.6323076938579024
0.9997371430923263 0.10627198541594085
0.5774590675801685 0.7972217596034818
0.18435317650206007 0.9374559135351612
0.734369621690367 0.11386394766356567
0.9584776628812708 0.7750368983937987
0.05364985414206802 0.05969418806697524
0.08447574024890803 0.39961053283946635
0.8776735098315085 0.5912769034268608
0.37766607428024623 0.6688406014224528
0.8130664437328285 0.05669425386344429
0.6274494121610705 0.41109050702418215
0.3278063862175764 0.3782323501385194
0.5731602487623297 0.12419806871276662
0.5728197404359494 0.4371463928847361
