10 2 100 4
1059 1243 1288 1373 1284 1232 1158 1027 1011 986
1156 1158 1311 1478 1312 1229 1091 983 914 941
1040 1226 1341 1272 1233 1176 1057 993 1011 902
1086 1118 1199 1140 1173 1097 1006 970 901 851
978 1067 1105 1051 1081 1048 1031 922 941 899
1014 1029 942 1082 952 952 938 926 932 807
944 924 926 934 974 920 967 975 845 821
933 963 983 946 985 969 895 939 888 762
922 797 811 947 808 910 790 793 781 789
901 826 815 919 881 890 855 881 741 727
3 0
5 1
0.6214136775199828 0.5972174239239283 0.36573087141080024 0.7710939337518157 0.3337157581126444
0.5043304012792369 0.1532755847847853
0.7096034018563966 0.971735513571804
0.4543139844656099 0.20861961333090506
0.6687974065348217 0.47520365666815456
0.4784034109486137 0.03897719360487484
0.015614284613024054 0.6685438681123785
0.17393580902341066 0.6201590350217789
0.8039959208844931 0.8219326193740721
0.7211041896159305 0.20071448610710285
0.3814466923031057 0.5572529276583862
0.5484602293352887 0.30795774529794606
0.9906736575819901 0.6010929781293513
0.7746315146677325 0.9537691844147713
0.7407399673731949 0.7356283473891683
0.04805317393087005 0.8256227873016555
0.8318503872006364 0.737890573531653
0.60880213415086 0.001664828950678432
0.12142961694491938 0.3327314798056158
0.8546649657644492 0.6721678009903398
0.6702975892057654 0.2284447266280223
0.7683101697665655 0.9898301871797173
0.34385920102150136 0.5075577157811544
0.16237804183678306 0.37744308863084086
0.8748595952800862 0.278686024821756
0.9008027860845274 0.4744334896856319
0.7169351702746349 0.5465159114148006
0.23355009993071896 0.6326824941782996
0.9559660392542177 0.6710913657442352
0.03559334676515857 0.6875498027401865
0.5361927053526059 0.19096823495412263
0.8377379028054535 0.5894901081130364
0.21705465628803244 0.7169067002901486
0.49813626481206996 0.3120454796074239
0.9283753547431259 0.6753936832025669
0.15968514267853906 0.6364924248229051
0.8161991858768176 0.9332763774635591
0.3262799354793251 0.3254549279399386
0.20323797229819585 0.6407087452896969
0.8978218227581889 0.7424378972622521
0.05317383728322955 0.7013904174108849
0.79628200742019 0.33189491946407035
0.3542124415920598 0.7289884614272444
0.6427796811139819 0.7523461308028423
0.0792438818719794 0.9305732187280382
0.08776810257928269 0.012506571494909524
0.6852000783020396 0.10239107320224039
0.06282803863301978 0.36135835915187364
0.16845755482647995 0.14736793552793181
0.6555023868932333 0.625958364669678
0.009558286886981238 0.5884411276152328
0.8075261532302886 0.03215964023500817
0.3824427749267729 0.46428349070058506
0.2914715241860193 0.5728472035757737
0.2637817800762081 0.8100447714572969
0.8966074176243253 0.10796166778097338
0.22337959737674984 0.5209028891679273
0.4560038362118728 0.5153191801768038
0.7066248237309918 0.8032266273278159
0.13773904924225588 0.603498335232449
0.3639446849118202 0.4387547187687324
0.6752974745789 0.9567542775680777
0.6440300957854401 0.8509874658884913
0.7857909834261991 0.867450488296708
0.4125734714200202 0.6625584551299633
0.2791912977634434 0.5124103749330398
0.47409471409179904 0.0528547870479561
0.9197344775521514 0.7848692290842059
0.831610075780862 0.37463084944159775
0.8871143878361321 0.7424154030119057
0.9441268766726845 0.30522228141940744
0.10822443930553827 0.38442873035713876
0.4531372655772019 0.15846341065464342
0.45493129518625053 0.4956902492118518
0.31361177464447754 0.09034031852898017
0.23260165303471014 0.5457097638556736
0.39763243810811577 0.4520557223920667
0.03395960886524252 0.7192541908913705
0.8143648093569917 0.1693097588731145
0.8934132990802861 0.674878626304187
0.39500904016757366 0.5092535215790595
0.33567186689426354 0.3615250634735059
0.6896241566879362 0.02762579830651002
0.04131576170739448 0.5901368477494795
0.5758411593636983 0.8334282838890981
0.10697603378036402 0.6429498522758719
0.1363618488244771 0.9483097774963247
0.7567163134389538 0.5720171666394129
0.7501407089951262 0.5213516402202238
0.19480549390107105 0.37206771633004854
0.2104946319566834 0.8673808705130759
0.3799250733505628 0.5568562409486437
0.032232532439599115 0.35735195572866996
0.44025699744693925 0.10666850275260731
0.3111384727127471 0.5031512580206348
0.6509495613467071 0.9432303893308249
0.6916479232012043 0.13038013886635502
0.670144073146643 0.39444803054397504
0.5672587758499752 0.18300092953487668
0.3406377269926555 0.7251925438588234
0.17280324382524714 0.33843847237972846
