10 8 100 3
597 666 669 672 713 818 808 544 530 755
827 582 878 610 912 713 1000 885 955 742
738 885 727 877 950 936 893 1482 812 695
1172 1069 1117 1184 833 954 804 855 700 740
1162 1414 1271 1126 1179 865 768 744 700 519
1348 1672 1365 1492 1198 973 1040 743 681 518
1672 1766 1679 1573 1497 1087 875 683 635 452
1788 1594 1622 1427 1488 1142 852 863 604 516
1661 1722 1479 1658 1243 1115 1007 587 730 621
1324 1520 1553 1446 1069 1075 755 557 516 470
9 1
7 3
0 7
0 6
2 0
9 6
8 8
9 9
0.9751221502448535 0.4163429888537948 0.3317152559586392 0.3848748823182706 0.28342209317718214
0.5946535223548802 0.35878062383314874 0.8429500331788466 0.5899777442515892 0.4033154110240257
0.5196097588362041 0.4433002268220598 0.7306950077121959 0.8108174629933822 0.28022350283061515
0.6414256932239971 0.8936104453026099 0.8220763582543071 0.7380842411644839 0.3893177644848843
0.3949361376508199 0.6096602920401258 0.5729195626380936 0.4430735518995361 0.4496997840574424
0.32123853211837927 0.37586249253007864 0.3546584322978406 0.49509270042036585 0.27465102285317333
0.8372118874498555 0.6707518578581453 0.6784617814042906 0.6217410222084447 0.4640180471783759
0.7013853135870318 0.6204834784850717
0.054898810479512505 0.4985121833198587
0.36332670161864344 0.8537280311277684
0.8304447280383085 0.9069425280808272
0.7961003674583023 0.24498376170944902
0.2913175511613213 0.9233297379552734
0.8885873054732345 0.32240508226595654
0.4209423144496507 0.9521871449451762
0.35118346739166273 0.2238970685968853
0.9322646937761236 0.7698245194396478
0.24716828349415532 0.14942539068125793
0.7087586425618522 0.24804826772064192
0.9121259015519987 0.2278583792576887
0.6220208438458563 0.3981332108566493
0.3797680525700011 0.9246757829589007
0.4538088264707505 0.26280034971327804
0.1730562176595345 0.587131365159629
0.36322828726204404 0.4720383975251945
0.8663223487258171 0.5514520106711025
0.6582179538068973 0.7379180970662109
0.7774105966367326 0.36718237425479705
0.6450912197760534 0.5565295489823703
0.9558980393704182 0.08626532563107747
0.024627955192246587 0.9040663493526264
0.26348848602083086 0.5103295327831765
0.5605899421281555 0.5926993488812642
0.30808961041923344 0.6931452494898558
0.6827047732813007 0.28314047047121216
0.7120294697113958 0.49873488423536294
0.10675319357754942 0.5114654961972249
0.41069889062826004 0.35982529557067955
0.49872422753084455 0.5133193730080523
0.6069154871490023 0.3768350839322836
0.7807147319281531 0.714356634823827
0.9935246383326988 0.7630893384733004
0.10113321358455574 0.8048990529907221
0.7411776728295587 0.3850939387521435
0.6728566822057924 0.5280485106714163
0.7549557920177943 0.9178878837940396
0.15709209273047398 0.5677739431107145
0.045939083971297645 0.08905969322114915
0.3642699808089185 0.7305679757357422
0.5666531337617389 0.19707974189032962
0.4584893073392162 0.9704031598713949
0.1383421033592811 0.10056923859089917
0.8918832339300811 0.615256993793883
0.132998591526865 0.2587851209095804
0.06853072952117611 0.07405675075555784
0.8197354421670053 0.37998830786180093
0.33791233429403933 0.11899590242907765
0.6628713895613612 0.7153717348350321
0.885509280650074 0.7240964181610856
0.5320119814089252 0.6959352018533771
0.28963140378499386 0.061519713571626555
0.9032546299683908 0.34112227352083035
0.051475417407462976 0.8251080588468387
0.1480481711308379 0.5805475475581239
0.720916341705784 0.021733059259165577
0.5213025347171449 0.17955230208249362
0.5906839058944628 0.6631957388090897
0.6565943710518405 0.22702627118926344
0.28889809903142516 0.9213259382704209
0.47553618862506575 0.5294089664792649
0.764370210210529 0.6527960646226925
0.7628217548148737 0.22862251254705934
0.9672023487255339 0.9792556023596986
0.36513379241693866 0.8465307137823799
0.39250836668559463 0.12957978891403843
0.28152728077756817 0.9276409738509606
0.9434139607204897 0.45604292044112205
0.04938869241191712 0.23715442967026035
0.35821621172101037 0.6489837392343041
0.8126974617036393 0.5388400995681693
0.14374970125231723 0.13651448391227117
0.9290217787623913 0.5603897369566069
0.9834274375370677 0.10587148168828331
0.8955645320092462 0.14587985888275834
0.5880650460323877 0.5305637618884453
0.05785488757254775 0.7560680737103433
0.05510203348803011 0.22616551750755587
0.6623602974131475 0.4981202737525203
0.01770386374961741 0.9199024077921794
0.04931155079371097 0.7743212307885043
0.43521575623481934 0.21115240278179725
0.852719954586818 0.0621252971756745
0.5582560627324018 0.08721576150921018
0.28677909472838525 0.7414576202216008
0.3287877311116645 0.23816696386463643
0.5619420696832937 0.5089464577917517
0.29331363000397626 0.1715557259210605
0.7661535417066849 0.35465998100685336
0.6340599208570241 0.377563738473188
0.7076750155182054 0.9606247093424003
0.09905525015643724 0.2863251311860979
0.5169678569763647 0.2627021120827797
0.4725617009725951 0.1666315443384987
0.5706507725046013 0.8763626565179996
0.7347545748479345 0.21439641630579476
0.22020852399080892 0.7357391813902829
0.49283814372298673 0.610993708770643
0.5020759114263098 0.34253550988956727
0.22186076627548879 0.9976897701266978
0.2704329919845454 0.9001187102470971
0.8980985829942385 0.8103321102650538
0.3858116476284119 0.245254711010356
0.08175126310842828 0.051531476721952796
0.17959329575110616 0.7655827009159628
0.036209978596044134 0.3656605577360914
0.8524713877380374 0.7590539823005709
0.6936305739226043 0.591996553959903
0.29254685380747025 0.7851734505380943
0.49185708435435593 0.6832359346767045
0.17665747220783068 0.042280634706269415
0.32255876063972844 0.8077936283533249
0.948878840223224 0.7540800261867653
0.46550166741709353 0.02800767861297415
0.3478120054710643 0.233425587253685
0.39499016127510833 0.1504789967815594
0.20268590896106153 0.5565366010446806
0.11437291420663942 0.01661495514997302
0.1518830640589386 0.8980919794640796
0.3116654546284361 0.13728778816262022
0.22076651660086566 0.19521778600511674
0.8352712763361636 0.21382638366960172
0.5359860580060472 0.32100327380070715
0.2132259939328598 0.676734191953585
0.9008166812748164 0.07487532122877671
0.5178631641711571 0.7507316783949061
0.16070720822606632 0.9935222444553109
0.8603222230641432 0.009847509790232856
0.11126444585033024 0.7798940945691337
0.021269490273557068 0.16533965158815844
0.2079581486769806 0.5674544334611997
0.4190592486155902 0.16941109472705085
0.8775762609248718 0.5772107846480625
0.1846297975872444 0.26040929019238623
0.2417988084959084 0.0928702114738893
0.1435921802408573 0.42401159709603164
0.2759928703379735 0.10984361569201329
0.09038383849998177 0.23663337646134397
0.116148352191356 0.17105481850693005
0.5783617325090082 0.39003397971319154
0.6790804538301536 0.8916771308358284
0.0440361421137212 0.4759740610908929
0.038473809439102835 0.9882661034439628
0.7943754185822764 0.9201354096859673
0.6130586620362519 0.6642716368785417
0.45431204260239966 0.5969107438640806
0.2611487723853889 0.40810307462924245
0.096566363711863 0.2218766680458928
0.18664135891746425 0.9445011517267339
0.1058817864584447 0.15032242535661866
0.988755555896093 0.6784983905563313
0.05370843493991306 0.7684777836677306
0.9179888948377193 0.37612929316648036
0.02992443061643346 0.22322846518646222
0.2620730336024286 0.7065717794055679
0.8663487570595425 0.7852612490558635
0.8140194887807939 0.31114155814319244
0.9754669428163458 0.26642644262931037
0.8243430166147079 0.6692192117714952
0.48772837699108007 0.7742053183594804
0.41048826570035035 0.9255118280895887
0.3388644630599973 0.6019102402514986
0.4637273749501909 0.2735998755607263
0.22771065421137782 0.051509083972455905
0.5624967883930276 0.9287501761104087
0.9564871281209775 0.8395932066142568
0.7770301800050441 0.9665324631127572
0.8938891911051596 0.20569998191356098
0.26043427740007785 0.3434963550297361
0.9121447072233542 0.702432896001491
0.1224926998420457 0.4687850138359353
0.6864291738022072 0.41194646418276193
0.9828264775646387 0.2300583860575678
0.6400472226828562 0.22589030855083014
0.1629009023808412 0.0812023111871607
0.13136564936928696 0.7030224574963211
0.9354968804098962 0.44096144892148614
0.9759972546604696 0.5234483470087565
0.6961044369301901 0.3118498824445106
0.2885640869325996 0.04187266150581537
0.04962328477597633 0.9728281553860592
0.8626559602304906 0.4912374663440653
0.686079693969597 0.9757579683553004
0.4067262382524346 0.3605751747256958
0.38471906659489985 0.7776552647865249
0.42592740357312864 0.05335469866257614
0.3889201384314023 0.06506944512375168
0.7876623279552084 0.5886042316934894
0.75678930671691 0.33998243107923964
0.016462269856043266 0.621871933874067
0.23413761225355056 0.4496879329954324
0.22148579287800363 0.4538015926000558
0.8273009141124361 0.028206263780994556
0.5079390854441201 0.913838347352516
0.672305207503705 0.6199933637263049
0.9539604660002643 0.6552766833758346
0.4029629371047412 0.585069339820226
0.3019959758473558 0.9343361829053431
0.9849839184168798 0.5672608672095818
0.08779980426849021 0.7730728069263118
0.8080553864466427 0.19772540235915126
0.11984179786284388 0.4709766466575567
0.5298321581122167 0.9378118354696952
0.46478700096824577 0.8288950477836154
0.4963759845226421 0.7907017770031146
0.35362054192784154 0.637518575756709
0.12381036155354774 0.1577335283156791
0.5237739898321174 0.402948550568087
0.001932606486834132 0.1580841762369971
0.9441258593040229 0.9689703552108673
0.8381955228402098 0.017810161315173545
0.006211759323778487 0.11579558961851877
0.32168100053795 0.5874566581380254
0.8565406941958085 0.47993680046856513
0.47878611222364675 0.017549035497464782
0.9484812316855247 0.7695380722570508
0.5190600453814473 0.8664493147668921
0.6544888810690779 0.574645994483421
0.8799264906851008 0.1851309818267819
0.07132004181506235 0.44633794523614667
0.14828968656287822 0.3313458101276314
0.2501700095381296 0.6861826731861524
0.2590457456950781 0.9076053073211983
0.2652560754888078 0.03523979064796401
0.3445372473724142 0.35414584906301316
0.17099730940444724 0.8816771087283752
0.5041065107223068 0.8005369711408166
0.3970975091840747 0.1712980951965224
0.8449341177463463 0.082423709734041
0.1291125684115222 0.685146865976338
0.4155034341355486 0.263740155676613
0.9525280266040099 0.7782098910003572
0.3470622174335227 0.4650505204954303
0.22516509411880348 0.07936734231692144
0.5128144104461425 0.38833287427472984
0.05243970067519754 0.9669899814707634
0.2105600854801828 0.7128590449242151
0.4564110787800211 0.6215011092313378
0.0985583009170945 0.9791627121828939
0.9999436248845219 0.0998836664131979
0.4134182737433709 0.16154297778049442
0.17697577242913898 0.5247665824235248
0.019430764632600628 0.10668802022108315
0.1058888527579378 0.772434280776007
0.28030888507843144 0.9020289243323041
0.41635603832341816 0.8918811320814908
0.447494045059039 0.7728537087288365
0.18711847225785272 0.5314187694669674
0.6721166177781508 0.6238406357746522
0.374163508516167 0.8569568362357125
0.7147194188544572 0.3133401613971054
0.33856192563606125 0.5739514726822998
0.5578870442969388 0.16073194634484067
0.4547417505205502 0.5525675012406623
0.034462523804069445 0.01188028497388105
0.8084604321652622 0.5358817319582867
0.5004404101875448 0.2853031215769737
0.13166640689769515 0.812092805389097
0.953246662518207 0.5458291470256065
0.2817318937309601 0.7873745135364072
0.9713744422212414 0.5243646162370283
0.24264938565235683 0.12773362011500078
0.40881760733835515 0.829984175219608
0.8664901980889603 0.6382194948949984
0.8426720753383472 0.0731088176886201
0.11891987593766062 0.059695756000339495
0.6934347205685876 0.7528882723930308
0.2142457380610847 0.7450543458232233
0.9261685604198413 0.7330653743744568
0.6679423950361312 0.13683054704152942
0.3849888930789609 0.052611770215401865
0.9876935918148662 0.12670779378009334
0.30935812684507913 0.11752419166166272
0.6481154313268203 0.741391317432583
0.4046495848823537 0.5584975196618209
0.8724106427202369 0.14400874172607692
0.8369486311155072 0.7991559900486
0.9171325616942732 0.6416570640229036
0.005874421116104811 0.8268635470223082
0.01975945589770256 0.39477683811846376
0.9504016683655936 0.5547718928594099
0.8617044573612125 0.8508881214086446
0.7172939899902464 0.971541262341082
0.6672964414942582 0.8083511883724066
0.24254105201024156 0.6580266919671371
0.8770670645658829 0.15031072975846982
0.4524402303925974 0.5034249828766846
0.5360813670329372 0.29912688929500897
0.9461996712103871 0.16145831283461387
0.6751707052798006 0.7502647262426758
0.5045305378590452 0.7955071137164345
0.683969412461402 0.18793151467121594
0.8961037117501103 0.42494539864396397
0.027835244464201825 0.1305558125413162
0.23493109824192326 0.19025958981517088
0.4074144114588565 0.32609698926615294
0.5158697127751877 0.7517106064199495
0.2476395387084036 0.8350384790194796
0.7733779606817255 0.03294641871103421
0.9491561673799365 0.4882014407885531
0.557279662294804 0.8731187253112902
0.5639528949956643 0.07240661301398688
0.6894775968518156 0.0006433507530105853
0.09183009762989358 0.25574015821875196
0.02976086547187795 0.2692465124992063
0.16987186986528724 0.8137692794335123
0.7000119195584744 0.6195018048609116
0.6595701401158203 0.982007687098607
0.13003689065967294 0.2733756149180373
0.03858332592120295 0.12417439572166877
0.5245087271677087 0.38990231730130476
0.8097756570442602 0.35107240448786436
0.06566104713361298 0.596252184469485
0.4721646792317009 0.2920128415002494
0.5173805929622262 0.6272895181484333
0.9084299932364435 0.11031658752877815
0.773638972933955 0.026931725890729563
0.8671686590024621 0.0459123511863746
0.9369557968137412 0.7197970303630024
0.2664279653837378 0.5419098465357064
0.459571582741096 0.8668277769218744
0.6954987770019898 0.4668292413207342
0.6252324067614867 0.6628157639024619
0.786409257924856 0.1913215375720254
0.5746506009757257 0.7921916269642737
0.18675191546790026 0.492199937812382
0.4365180002702034 0.8835374133794118
0.7553685648268826 0.3745626149887227
0.7050503531771091 0.1133743205856581
0.9845179108480926 0.3932040705442543
0.6353588856510468 0.5633787312833458
0.5479278953563371 0.20026711442878975
0.33794582787709104 0.8055509846655018
0.24997287025110393 0.9870184629939214
0.2075888876891825 0.9579074101708775
0.5839834810897997 0.4316816568459372
0.83555921910115 0.9700579938220582
0.9169309800859242 0.7720540781170788
0.2009445989638845 0.6789627862252521
0.3296629610098947 0.33167489603314215
0.3642394408885017 0.4803655814747081
0.5110487011698606 0.3934409260177847
0.8167473730715682 0.2834493189284446
0.8792521478279738 0.6318322876373179
0.891601052537766 0.9557058583473326
0.45991461818378787 0.33805295427429094
0.654294265396808 0.40467166074341754
0.40401717557253813 0.33622634586017464
0.2777873913606139 0.46989219410007466
0.45297857147829657 0.1422260784779794
0.8157560876594301 0.19024342623327462
0.9986482345060079 0.04189830379412096
0.7086218802254718 0.7156527741252521
0.5325817546668281 0.40240798344332873
0.07042724245133036 0.5061598434629253
0.7508869524896125 0.9271536758743852
0.8042862040033223 0.7472813345952933
0.8818986975105954 0.8079008985088685
0.7167153679006968 0.12615227364354475
0.39114617693520537 0.08081946861585898
0.9624967395462682 0.7409697185514446
0.4006947830796854 0.9886552060794322
0.3125537832699121 0.8402162646087634
0.216693679962501 0.4441239644505113
0.8483334158006628 0.6604210149798473
0.9109216073895254 0.7735337619451323
0.6869344638924721 0.2797976043968806
0.7387139086350811 0.6525587038691918
0.6286172732546693 0.3086730176359962
0.0449331290684063 0.2882356552629515
0.20604997599858987 0.5910784744658781
0.2649002404509657 0.7696667365172853
0.8513022899018958 0.6118147682812269
0.4064521550358593 0.630844113889429
0.7114123256013472 0.3616849460356586
0.3901091648677637 0.9091713454604413
0.3440563537584449 0.003923286476499532
0.07151345192841196 0.00006796333119196696
0.5984276631225887 0.7011877160479361
0.8079344156437349 0.04297851250515783
0.7796617565725126 0.46208190018915407
0.7615557989464989 0.07409856191401043
0.7366219354084516 0.8569949430097907
0.5906715333219263 0.11953752532118433
0.6987785507560149 0.16171944362567503
0.3586458396895098 0.5129519955198982
0.03714171549159939 0.1857880126313156
0.889379955527801 0.7729194095921261
0.09817113144026535 0.770500012776749
0.5289047795217201 0.6467239530464144
0.036014360243312726 0.6420143158694016
0.032319599711580826 0.3681643878614289
0.7257983337317799 0.14963306945313137
0.9396347252710266 0.6865681560390793
0.9917779802599271 0.01658594939850544
0.5760506784069839 0.750244162811214
0.6974495621758825 0.11629386218025317
0.9577478687041701 0.429813666269671
0.9285931502891647 0.9320077087115919
0.9032756954102694 0.8972344092968008
0.1448668500811201 0.9032135700608144
0.35603723693643086 0.9806570028142299
0.8814249168562438 0.1564441901453406
0.04815990945359605 0.06938261893481412
0.7194142976663715 0.9151226327764752
0.9422884883635407 0.14377722196255927
0.7548957226564064 0.8480313868929243
0.3572071108229973 0.6289037328699418
0.3869136744327224 0.206504461449303
0.3646712800676486 0.39933913546531663
0.5718315326109407 0.9732186482212137
0.06945459245184193 0.5967304400616849
0.7688327488091173 0.3181847654589931
0.21931987274881104 0.6876762316925304
0.6422618596004204 0.35272300412454793
0.059801661025378205 0.4170438023641725
0.30886737722581725 0.2659518596095618
0.3794340121937865 0.05873268395537723
0.1888366028780859 0.7338435376174874
0.3617111830620843 0.9379078677446244
0.33486631769808817 0.7795664663587847
0.029531597621979877 0.10736155632341271
0.39750323965998535 0.2116198549321784
0.7898221382241517 0.5559230943604587
0.3151644333862247 0.4729029086195973
0.6447542600384466 0.5263648670227588
0.021958351417558974 0.32900889868143657
0.7549934074020004 0.549458513370966
0.22593159153169173 0.18657557536303715
0.2627939573126443 0.7097605417660826
0.8776266467087062 0.9192273596700218
0.3489895545825876 0.41175210243947147
0.835803919870713 0.5920553868348841
0.3027303257716927 0.6630741310530239
0.3717252865590275 0.13629055365696408
0.5418364979301475 0.6571779171370202
0.8761930913226521 0.3134245767083379
0.238015182121476 0.7994190615513916
0.4050429147743839 0.9212324860409062
0.3550708589748275 0.9839974215063088
0.7859313637029279 0.641640813384246
0.1980018463637787 0.34396078733468727
0.5098968939285511 0.7208666434206046
0.42895637376345896 0.07812307442444055
0.12224913799040604 0.9574090399180637
0.15215933062506592 0.5903978112259549
0.3050289518200582 0.4768597952643501
0.4218614177193203 0.808568525984374
0.1467921257962077 0.22349000800502017
0.11837093657019526 0.810800010724672
0.3893980789780407 0.07709145798322847
0.15002709919971036 0.8796847584261358
0.6424682707566636 0.6516125574516929
0.9968086370670881 0.43309030424038686
0.40727939402545643 0.11148537506839351
0.40245822129946385 0.3363833050500147
0.6432544549581674 0.4487440842000461
0.7552205669658063 0.8614765897334637
0.005016228525617894 0.3518256762292755
0.7985170664408854 0.6352999173398837
0.7148833894133733 0.8159313299985675
0.9053438666097116 0.9545646757359803
0.3684549678463833 0.16096719385763736
0.868326077899036 0.26075366009290013
0.3839861336593233 0.6751056921960885
0.34612377647605097 0.031084632938514378
0.16830147981001953 0.7350539492607109
0.350130866083491 0.40111765955779166
0.14840218655902349 0.20704742222796657
0.19803887233970197 0.12046418954531424
0.913359784830515 0.09737129930326116
0.865029895539974 0.584577459154942
0.7990061924601874 0.7957449733193671
0.9155963016301287 0.3945863383833288
0.15827880932502048 0.4803337384251163
0.5164629128663816 0.707717407720782
0.5943291980413206 0.5499587577218708
0.36471672262972876 0.6677287733092139
0.9944728218550707 0.9862631802119568
0.7124777481537061 0.23197145934446484
0.03615156977935974 0.3574494731212694
0.35441506073054363 0.365709602509076
0.7122181632982518 0.5129479182024186
0.17009402949377672 0.7623427530904243
0.44377003678034077 0.19460161492008865
0.6089558723807145 0.19359348212458594
0.9864859976252529 0.06310741800630715
0.4227688602910469 0.3073182309593183
0.5733714415479338 0.09845597004850504
0.561577903864459 0.14409383981279156
0.2084301288446535 0.4347184189430544
0.18032875611100674 0.5614054529284649
0.9848324254440137 0.1818979845114681
0.5018054003153558 0.2827423747988127
0.64274429525338 0.194524639322047
0.6333115286123492 0.9104312877772511
0.8214825797096945 0.9465068047603689
0.8234012030570632 0.5060634874845586
0.5224290806472145 0.44639978501196476
0.5800755337144747 0.7752964258747448
0.4469210979433471 0.060948000680741465
0.1858397809523875 0.14978903327398574
0.9887159500312339 0.010718469672776454
0.71949114738539 0.7405992276629372
0.647553107589323 0.5994205856044175
0.24033704072708484 0.34333036793827887
0.02606256410814778 0.5284370244111818
0.6885817718953751 0.3886651279537081
0.4371483113444228 0.22240618974060689
0.5949429492409037 0.7231629439131797
0.9322905141693014 0.015130408485789726
0.44986629994165517 0.2635313587090262
0.07410655735143745 0.22993850496144597
0.21859090637702994 0.6972766638078329
0.6014669918856985 0.5009807300848388
0.31192084441877976 0.7456282260603446
0.9139339618018834 0.7241824975856508
0.36750431223452984 0.18831831822433198
0.7104116866311181 0.45076414367465545
0.9177764079248409 0.9448601306203726
0.8100556248048332 0.20123004098016706
0.4308113691199922 0.5987016055325098
0.8379071005228331 0.8475021737221287
0.7785762997973904 0.7022670178360031
0.3661550794058348 0.6709467169611398
0.8614819266528828 0.08767960912940675
0.7742849795664561 0.7753549385461693
0.7217623593854603 0.6540574531956003
0.6068537952053912 0.9568797507562423
0.902349432642934 0.8122280709848997
0.9266149979154867 0.0201907794668037
0.4482719219791107 0.5983067509986417
0.8986605612764165 0.5047015244216981
0.5630389468062766 0.3805525293731511
0.5696918689762036 0.12671984461918284
0.7036289785179382 0.267885958050315
0.11391610924551765 0.8342267501452487
0.38049376221165976 0.557736132003448
0.19054530681202597 0.15190520425531173
0.9998272847982443 0.016612269435269722
0.299412001214862 0.30492546684360167
0.6196817866258355 0.8412029798783405
0.5661861746375241 0.2828515011859536
0.5149523653631802 0.6092393600603401
0.4509898667884822 0.17647305881674935
0.7280455475742587 0.7499867079731515
0.3829726023962947 0.8205876484439942
0.8530557051016407 0.896825637752112
0.5348248533802005 0.5781205999729788
0.25033630328819956 0.6388494608389699
0.005275413932364081 0.7532717089660832
0.7492807002397002 0.0631305448352193
0.46258892466383705 0.6938902326552541
0.6872029920317726 0.7388918100404254
0.9617355588563254 0.5033359712685057
0.6878275300337366 0.3262412671344723
0.6773789331732549 0.479121219225878
0.2821295518579443 0.5335534201445364
0.020137961777381808 0.7420377643207126
0.16659227307966784 0.6893905996423519
0.07503421781666764 0.709934622510267
0.3647603695381838 0.11751326105044968
0.22766678902588455 0.1404392813268882
0.1375388889176683 0.2501328098712179
0.3142569108097457 0.7362813855964607
0.41702829189850155 0.00017288972112528
0.10540928192429533 0.17692964385403265
0.9507118740203024 0.0284489199050173
0.8191838766872912 0.7709918190734397
0.28235421392754567 0.33958922564963046
0.5288674798171276 0.7225945835776149
0.6058941203385613 0.7337319856324889
0.33014061036953946 0.6326449513354351
0.06706705972001203 0.1322004725748347
0.866636769772982 0.08474608123147465
0.5205064240285369 0.8263706117376546
0.5011532905325351 0.5951858534644905
0.9879512762801415 0.6677108646531715
0.373573814969526 0.18373218662852753
0.4374160046768829 0.9531184353999016
0.30261625906752077 0.6096052274709862
0.6175314196541584 0.6438595137483409
0.572232226854597 0.19900275885484198
0.05793405782511396 0.10562695665526878
0.5285094768833212 0.4554512534796946
0.9381861225116119 0.2671835117550452
0.8489277042189805 0.5632050648287217
0.31327982409535315 0.8236061516210074
0.44222400675718987 0.2923059231641201
0.3411936902050192 0.4072353491657126
0.5655806271911668 0.1393858463583788
0.1358936940915585 0.18909940122299118
0.2592222466705534 0.2592392018706964
0.29275956686208193 0.43201320290035605
0.29227528364503286 0.863136255757615
0.5680201810655219 0.8862921230897804
0.28333473839010215 0.9797911477321188
0.4904561057480501 0.8790386688051919
0.0262407860899454 0.21405654172235367
0.21007799723404652 0.061304558255647734
0.08179315656160235 0.5845556076293856
0.2510221017892449 0.3484665776066993
0.8773292455577684 0.9315522726485166
0.832333339503778 0.13438294963904407
0.007236965196741663 0.7998747592976079
0.4750449952780098 0.31086483221084293
0.5902969218875498 0.4390164628582678
0.5528570391403191 0.7864856190525402
0.15330262822382057 0.8547147151316121
0.32633418150434657 0.7598360862980615
0.07658843089457035 0.9120668314953801
0.4416200308797147 0.12022081836541543
0.27979392660105695 0.6118463342761984
0.8348641193109261 0.43203148336481356
0.2277484829384342 0.6130748267691579
0.5093782800059881 0.5644187454030232
0.5779948641295751 0.3519789329223404
0.6239125256100957 0.7467702232184747
0.9323479521513511 0.5444883370555116
0.8896852537371414 0.06229896379622546
0.5215301127584906 0.4178094116809239
0.8928568509492765 0.5640381190655215
0.9176052886228512 0.14657869658444556
0.27149054391484784 0.22133880519646687
0.9294050387024879 0.34893492769544343
0.19638860841083372 0.6208719208448128
0.4464581591672838 0.37563219020927985
0.02914506902796754 0.5898417318988229
0.5752447560472245 0.4276163269673574
0.3559078138160914 0.8934337992764065
0.18778119168215857 0.5316882595398209
0.321319864224787 0.6014302236785696
0.28985391439210595 0.961082723026842
0.6058392446800018 0.03819862216652736
0.8870958559548767 0.007768112640307301
0.9314839767159011 0.525466888717353
0.03253359691168756 0.033777110245200026
0.7612376332441921 0.7036654926353367
0.7870514891034219 0.9903159104220274
0.9872525001010939 0.6808556390451872
0.8052940728115467 0.02555865188377182
0.023597109681299466 0.8480553048137731
0.7100636476865063 0.4839130283156421
0.8937905327241127 0.8909896575036815
0.4630932684640048 0.3486303993680353
0.1847366333824194 0.09903900250466324
0.17540267901282114 0.14178952753560248
0.7591494296460026 0.4656166933919128
0.9314431518905797 0.48672456426302957
0.6430098174642971 0.3836090665518159
0.06448935049073357 0.11722407833344706
0.43000422264050076 0.056320869763874626
0.07787713643820893 0.9154762144942874
0.6776177747363519 0.7694534385092069
0.8372323322245978 0.4509815256629355
0.7009579130765633 0.3346157828755929
0.7866827667391325 0.33126765614556763
0.14350440166916467 0.8532302774879006
0.48040898925207376 0.5871778863157708
0.13299396777036887 0.7832791297792854
0.7149420959501414 0.07648076491396716
0.2639451794403589 0.1199831792865671
0.5881126385360218 0.07252141107816645
0.8543478618845142 0.44962169310861677
0.5911114682969949 0.16357781437944796
0.2883731683722517 0.729977521940131
0.3184741642397315 0.7157776668732898
0.2943486708234153 0.6695310276853612
0.8477061078317638 0.24055944967185705
0.967504209903167 0.8652394074096943
0.08065895829777725 0.545096302059674
0.8453554118548832 0.8673405641895569
0.3652146202177118 0.6667893452196474
0.49721701451039335 0.2890398210159535
0.561754785580088 0.846656920095282
0.9808976908127891 0.7730617005155191
0.16929657298614575 0.7940399123599022
0.6146938825451835 0.6038667216624378
0.0063303838140349455 0.5515005906833255
0.16716620218346168 0.4743146424245752
0.6540112983091764 0.45669192672843173
0.2187846240635296 0.43158382642481663
0.7582194486492853 0.9333712365300324
0.4647921762412406 0.26604527310173354
0.4962428315785281 0.9475736784124587
0.7351537816987126 0.026289183098171076
0.18117965250493495 0.26552028723108134
0.41336775046337326 0.8131725650341621
0.6700812322087433 0.00032468155668263776
0.9944077807352625 0.8074099518776752
0.3946674710703517 0.2480239171455445
0.32260526352257934 0.5870997569368699
0.7430657043712319 0.3380513621983636
0.4611990999870079 0.6845685678216118
0.06953267593781343 0.2958954252938655
0.5303761416628072 0.3321460030959298
0.09070092942843422 0.1685259843197522
0.7111702146405439 0.9359468277090295
