10 4 100 3
955 720 1123 786 1569 1183 1365 2359 1393 1417
789 628 880 1025 775 1340 1302 1716 1966 1219
1339 1411 1304 957 1209 787 985 1183 1739 981
1147 1231 528 1301 1498 839 1580 1317 1617 924
898 1217 1301 771 757 734 1599 767 799 1377
558 1037 723 665 643 737 880 1297 802 931
660 1210 550 546 955 1102 1050 1536 873 958
471 731 691 628 799 832 625 891 597 541
1010 771 1351 936 749 919 863 1165 596 930
660 462 737 1044 449 1066 1344 727 595 500
4 9
9 0
4 2
2 8
0.5941834317070338 0.5886950323348197 0.43025666550985775 0.8374075606050764 0.3315719831068029
0.5730042505157094 0.4289194558981362 0.4215339099890889 0.8869646944097578 0.19286047642932128
0.9087046227139386 0.6763637550509999 0.35311791739881343 0.3982227500557921 0.26734641350818206
0.6526183191341197 0.7304770093193491
0.6530336062504083 0.40777944377745445
0.21138056342913503 0.9477947041431005
0.7476595765487593 0.4071437830639051
0.7939385752482779 0.22871034549125935
0.3567340510762125 0.7805397807945986
0.19446905934329517 0.9268729991501303
0.052219529387504515 0.6249106883466462
0.6439383022432554 0.6800004821893064
0.7068453530169305 0.9341191718433715
0.3251035439401484 0.3198137359635558
0.8640758387104694 0.8234421616583025
0.4554658060385208 0.9869052629127151
0.3415870462063946 0.2593352291395048
0.7619287405195503 0.10194456188327217
0.42778150016319905 0.9127980103253688
0.8229482105670336 0.37614492118086695
0.2555251338322917 0.43649547777515063
0.5878935871127997 0.7593824056469587
0.09773757434103758 0.3861959332873208
0.9165747639573791 0.19983721435326363
0.7642180256473265 0.3692550140973183
0.8742454235720609 0.05925283627855804
0.8010816531910909 0.6948762336719119
0.19165054023763695 0.26915477227035645
0.4892085505980832 0.9620362862123171
0.5226417179453338 0.8605022818405677
0.998340729491205 0.3683736492001599
0.6788557710722396 0.8741839408392968
0.3147354127751487 0.9933068942792174
0.5354955935997292 0.36637272251639286
0.8625889175917547 0.3680835738659305
0.602073286236871 0.4247680408030199
0.3968105673216513 0.1773205975913219
0.6967649298817296 0.33117263396418184
0.4351983789654119 0.31431562455408524
0.7385245560763527 0.7027120781977387
0.5589952017718962 0.3324119367667093
0.6122249691675621 0.5997749853084009
0.17745233708129415 0.37591754110639575
0.8947427511966379 0.8061370506936745
0.45400195444100366 0.39943446734729937
0.5815390277387518 0.8951691152233983
0.3678879000099644 0.11356980383865722
0.016684192184877933 0.01859137265724775
0.26929040690288364 0.7823297417054405
0.6507485388874958 0.34245212389174506
0.01195811622089793 0.3780563175791005
0.8149921085455105 0.9492602448552545
0.5409870592249753 0.5319800702783495
0.7721502678205729 0.3675714007986097
0.7267656559271787 0.4528699087476591
0.44459653089207407 0.4411682877654286
0.8224987251578169 0.7834565403682607
0.10960024359673115 0.5832949925494957
0.7925833084136693 0.5794937703237502
0.09007763195288288 0.6013864457863074
0.8183362079858074 0.357321901696652
0.2893900040040518 0.4129023083658052
0.41987439567551954 0.8545298666302894
0.27727669733339866 0.8027068637902302
0.05732470569339854 0.3361687394331534
0.5972714852244441 0.3788521229376447
0.30823118216193723 0.9313372539348612
0.44658373330916534 0.18587656816131792
0.9923942038465612 0.885319294355978
0.32185779070014364 0.6450320696292615
0.29505967810711065 0.5632529928426282
0.7685187489765442 0.5717682414272789
0.03683509619609593 0.935574248906748
0.7001300095923475 0.5011580745698574
0.6138378467031431 0.7673625106507351
0.46924350109337376 0.003491439542135044
0.2827869415537798 0.8911416451281908
0.5615884288401785 0.24658283248834034
0.3218928778639927 0.6917909723370756
0.1837672759428004 0.4963887833019647
0.10496718121169168 0.5902820259828896
0.272145077388781 0.25640628697752166
0.8676565858244956 0.7819255183296265
0.6502928750172845 0.9108042297426704
0.61430061153345 0.6623130950807496
0.8539878050832477 0.3614441852010304
0.6981535522831486 0.6858085662443554
0.038573964778793934 0.03394952287638642
0.9864866767606195 0.7139750007523269
0.03903369797904066 0.20847510976696837
0.13464220328649268 0.5939173334922216
0.5726389027677214 0.6393110370135615
0.9422373193847589 0.14422722074343675
0.60732236067635 0.6897293238292923
0.7011663349447215 0.8621755357373457
0.4899513011640433 0.7959972660389323
0.8981974570658307 0.8301113253707364
0.20350459215210415 0.23714484986762296
0.04970523784810399 0.6257056608976681
0.4835197524578465 0.04212077634814704
0.6074287576305519 0.005280642301726202
0.17019219294715593 0.7861846263129324
0.16057093327650884 0.12952187840664364
0.0543349310544905 0.6382906009286431
0.5962755093268857 0.6105981791856023
0.4603876660665511 0.6930297313977802
0.3947298443103502 0.15793076659414274
0.6236273477463665 0.5907478332244533
0.23010575281813495 0.8649064049694635
0.48057378665699035 0.466269063863997
0.25316391798947757 0.11547879408300488
0.021497635487262245 0.9019761556032451
0.10480396401429348 0.893961983771502
0.3116078224397083 0.6046104612738417
0.5264305019691433 0.9696083376414089
0.7069336090807756 0.3918911390311417
0.42784959217695673 0.4352362486917871
0.1075897752597954 0.4008547944019405
0.38663260636609786 0.059642248594887315
0.17466414245805306 0.2865222197124653
0.7852793156866806 0.5074058402788051
0.046319403814657045 0.004664552512479325
0.03501309796948848 0.7230289146065145
0.2880474833340694 0.9618436057891284
0.5557539523449486 0.3262562434443328
0.08929190408633314 0.04838145288232498
0.3978542125568716 0.16663819681926095
0.24678664098410485 0.031859962961454436
0.9039238625317962 0.05896945355029204
0.8375280431220098 0.32934885459482466
0.3193805409104864 0.2355591377501529
0.6869845091769295 0.5055924979031845
0.33496069326147615 0.0448854738228055
0.1770950430299565 0.4883288843138731
0.6055522438939076 0.2485622141456374
0.4386975958857686 0.7033882747824396
0.5507015351072162 0.9872717926965093
0.4990186669472634 0.3008951902614232
0.9817297168496042 0.6582527427023133
0.5631516078865728 0.6595749125851644
0.9627797377815721 0.20226306396695737
0.8833520207755674 0.33413990810701666
0.63541709814305 0.14973244364544125
0.3269521331894323 0.007555388446936151
0.42998090839075265 0.22331909052518117
0.6446643275607125 0.1672520750491593
0.8007704031862317 0.9367080071335656
0.4145425646301395 0.2029608963159144
0.181699982721931 0.7853040406558751
0.7122492884319616 0.23312181028834633
0.3823132597605976 0.858749772953473
0.41179556530968475 0.4399583514594494
0.7513821076850755 0.02435112578642218
0.1250588003330031 0.647745738087016
0.7815637217736229 0.8327287667828829
0.0034377743112801173 0.6090788280590496
0.0908131203271676 0.38612037025996493
0.030975908204887714 0.30941707971134935
0.6478336369259039 0.1944766313719697
0.4767036633085948 0.3230454699435277
0.15213033104155027 0.8179486321157821
0.162480125690728 0.02728481265905125
0.9751401887872402 0.7228621059724427
0.9277445767388242 0.5365714667233752
0.9057086366487124 0.7338544244538603
0.10253282999287228 0.8024375939051702
0.222674127161536 0.3059872141759763
0.6773327023534925 0.5694946181070615
0.14007115284976424 0.5682809593897795
0.056845327876474006 0.45650989167026057
0.09812563738514335 0.9949968354901808
0.04058001265453637 0.9080220958606111
0.8069091751392898 0.5342032860065802
0.3268780672016234 0.5997987809231615
0.360254663816302 0.3350918041711266
0.8027970222729484 0.5273659606265673
0.9225856356896824 0.9865934740223732
0.6701467856243033 0.7246435361635712
0.2368472142567939 0.7160024957861046
0.49020612291727295 0.4055971218204064
0.5539687945334253 0.7219996337866008
0.9553835289466179 0.5169196421979276
0.5690520257046803 0.3958705751682077
0.4965791479209296 0.5640584354025331
0.2116499505927243 0.2685219258497902
0.09056926076941796 0.5935907997539025
0.7540729206435239 0.303735023976456
0.38096321562300894 0.1462463338777633
0.1939261673853656 0.468237958533698
0.8071210234757822 0.06464937831086126
0.6260751054801197 0.13585043724452417
0.4062507045053021 0.3579688415896656
0.6388571861634509 0.022623909579498225
0.40019043348890304 0.6413175954430077
0.4161860499595613 0.576869148685456
0.8884552452489705 0.15236759069446748
0.7397905199483421 0.16350065744049114
0.010500553681503044 0.20149235292356393
0.1563637648147116 0.651663418263281
0.9442901421707386 0.7681227941626507
0.2486509183818182 0.08156978732472897
0.026784990569485023 0.18674216400376142
0.1491386096918672 0.97579226347009
0.4612304398527838 0.28632570754832765
0.6801967091660421 0.7807321591514547
0.605350523467638 0.0018485198901065925
0.3481849784557913 0.05320604635740134
0.7127410000010945 0.27742162294115125
0.13859293238570314 0.6390507055395782
0.9629174518391941 0.45788088714971664
0.9712028490368765 0.4442491515867111
0.8793435568839902 0.977915851182334
0.6245444406765006 0.7770387683945543
0.1161137618530399 0.8217938124245183
0.8529233453071055 0.7907877274150261
0.028186660635294736 0.7571099281517006
0.586349047242358 0.7801246195138971
0.1422631309090594 0.40758836696734924
0.07854725207237867 0.9037937578998556
0.6686896604959092 0.22088002264784712
0.6476442458599725 0.18766163090174337
0.9577195855585754 0.24943715498383834
0.8282846012168636 0.3594986624838339
0.07992779838074404 0.5403409981392044
0.08148811582939985 0.05823507240954906
0.6250022363953298 0.10533160884364667
0.5197667281210896 0.0844153490529107
0.7141107778331426 0.42064927078945735
0.015684850090134317 0.18904211319895126
0.40735059096543247 0.9588288290121361
0.3569170688081491 0.8699456812343385
0.9604733823965879 0.3703375845763712
0.3136719692537602 0.22925996216856226
0.8820974431635058 0.44971867105819396
0.09799233386588235 0.2886835580226039
0.6362259050758317 0.39697838701265176
0.18543999953774226 0.9434843239044644
0.5093908350047387 0.027605957073087106
0.08595346354377509 0.062238644962065326
0.5360639727279051 0.04356183359988841
0.8319798533544918 0.7444110367200716
0.7838190093588167 0.7077550347757771
0.49777489292379795 0.7901250821274723
0.44939144960523825 0.7679696657081923
0.9322288054490939 0.5696372978177737
0.37594910021212646 0.35916287009503156
0.30974902505462776 0.9796191314134177
0.7054437970449634 0.9936926819432637
0.9299200683478508 0.8099612769366111
0.3273962654485145 0.4972060066247457
0.3382542596350162 0.45939420411089493
0.7256779039973129 0.08439398985122692
0.7169045598941224 0.5179215886805348
0.96578916742542 0.6503796223116327
0.5439767453858617 0.5300186555301918
0.1964479705222364 0.19306757526931295
0.4184769708486611 0.5483166130645509
0.3363952902371321 0.668010246157045
0.22649111770230745 0.4730043121204459
0.3362136768133597 0.34590869595606266
0.19073443259333356 0.7460583269101289
0.8096398803883393 0.9836114377045644
0.2063460651114335 0.272675374240098
0.07288014888142347 0.20184499898536168
0.5016824157714614 0.5135525124546898
0.8367300597286977 0.5982087216708301
0.48086851245668316 0.22446390485145562
0.045069527312302515 0.9697192814313276
0.46709956385020357 0.49490963287241385
0.4886348381675294 0.275394259780362
0.44750595106825264 0.10819758069892038
0.5274483968025117 0.8606804324658615
0.005057251770051341 0.3988343260521041
0.4505291367526769 0.07420482838080078
0.7784455078153627 0.6475039380941094
0.08870041563188447 0.6483494258919538
0.9089362819625779 0.26891978878041933
0.35076678773412384 0.7072860497316695
0.6048891611562492 0.5244162425506314
0.3492191317907014 0.8526159182393327
0.058463715914478964 0.16052576713559774
0.2603561950657516 0.30720442906586864
0.7629522562298456 0.5865458217139454
0.18040612883739682 0.8425301525124826
0.6267067017748789 0.6955968864372781
0.17008157563768478 0.44532783077868743
0.5261752887974058 0.9131547790360399
0.814885011130484 0.7822119101826508
0.9658771249189528 0.396925829203048
0.5816540293032708 0.22796445963112788
0.22322754728283312 0.7647618737845834
0.03097176495657772 0.01518087088815645
0.26531036186455226 0.6858179631688972
0.4093972195003399 0.5880455222162337
0.027849831881610276 0.06063770742684049
0.5254376260517934 0.7298807844643567
0.20899502072712095 0.2932793394662292
0.697558792896745 0.7687962526632277
0.2993098744949114 0.5881653427189015
0.16112661465452005 0.5618262405597574
0.8861240679772959 0.7524258948571074
0.8325762956654177 0.9700405432991626
0.6322020430696558 0.29020997625771594
