10 5 100 3
568 651 629 402 647 689 772 479 813 433
1038 924 472 1031 1019 1535 1071 1066 935 496
953 801 423 434 2038 1394 1870 580 1005 656
499 681 452 1553 1417 1389 1895 1824 829 866
576 989 1737 1870 1952 1420 1965 2012 1650 1034
1041 839 637 2002 1781 1955 2044 1993 990 1009
963 666 810 667 1682 1549 1682 450 1007 820
904 689 612 888 454 1660 410 506 780 978
891 433 929 521 898 651 879 911 795 801
813 490 914 645 1062 552 771 737 770 635
2 8
5 6
5 4
5 5
0 1
0.9937106166751382 0.5434886870859259 0.5583819143773985 0.8379858436108856 0.4095178643805233
0.9589789305106271 0.7899536134241496 0.8936095715721308 0.9980560686398081 0.17492137358643892
0.5563445089505801 0.6753880352417709 0.45277232232899844 0.5127535485939241 0.10281760342739643
0.6174998568056937 0.9336884241094043 0.36622688551430094 0.40488075129627044 0.200630191617144
0.5517080124182865 0.9495888759095192
0.9803551726399911 0.42912872604761065
0.5729684264649255 0.24993070975652953
0.8495969704055533 0.19987844499416418
0.11960394204884084 0.8939614954336119
0.7811525611503181 0.06755482584050232
0.5494016338253671 0.4194637018963987
0.6924470313078313 0.8113035501094001
0.6019993914275026 0.020702497135966835
0.6088825619043299 0.5928866000444248
0.942415174857894 0.21655381908157456
0.7763647764836052 0.042017403606320114
0.5934323060190501 0.1884139672340024
0.8261274197554973 0.6637758349013603
0.10625741540361955 0.68763690172622
0.725181200653062 0.4612186249667596
0.03905283594136266 0.33387713454248336
0.28798547660143625 0.5478507130157457
0.22271262012519788 0.8454222884011904
0.3148052217329089 0.6371371107026607
0.40939051392693915 0.1828024293894448
0.8331068962149817 0.5342895302171982
0.2337537343559497 0.499446062979253
0.8179587631452434 0.9970989901404508
0.19433262879374946 0.9140572699803204
0.7482214358606414 0.7339111853411868
0.08812838738332518 0.5325446140480845
0.10114497521434185 0.5416965279082968
0.3688631431900631 0.9611577373982607
0.5002659109134686 0.24327381250614843
0.5646798062611069 0.6368743303551967
0.863693222509835 0.02583742991721638
0.5122680643173665 0.19742847502308591
0.363671478281395 0.9174164095183748
0.8695261693824827 0.7459864477240428
0.8218202311164746 0.18773144359482807
0.5937710956491267 0.8667380852369877
0.49396635185527016 0.9202462153077238
0.4394284060541611 0.577581881172397
0.5190333098677171 0.19889427657503633
0.9034459578846421 0.221779296680656
0.5126222619493717 0.40276673350513725
0.8171440760124078 0.27261208948261273
0.7585705925852857 0.10507954430970035
0.2087575209791761 0.22526373792705834
0.321437351283657 0.4776422647202285
0.5448270837675822 0.19904751638618046
0.52606156556587 0.4833462874551271
0.040421901376324954 0.6258138111877785
0.05234394217220717 0.8818121574836351
0.03676844396367995 0.5486236373913786
0.4288565402239477 0.10408361539208566
0.9268749588839553 0.0018803132493645514
0.24431315332819858 0.3871936579473185
0.021307678509156158 0.264144629889733
0.0705567554756481 0.864802764335431
0.7989015337572967 0.346018874323476
0.8414144734360833 0.39073775942491706
0.4669764286230125 0.8591173667992575
0.5758158619146454 0.6003683268221265
0.484844507488041 0.10071914318014819
0.5069919498913196 0.9195231080111881
0.2280666390813717 0.9993422880942637
0.726811715786924 0.24967484434885678
0.04706101356414849 0.631405227749656
0.5312077474816059 0.3807025438773126
0.04752711125849962 0.634926336726916
0.490537472809385 0.26636269898501697
0.3070120327893817 0.5806500682636744
0.3222071059535321 0.435903150829539
0.526693448752982 0.8446804046741794
0.3573246334299638 0.05868703974588563
0.9311275925697666 0.41873379454526116
0.9375176686267581 0.31829972431982045
0.9680484792903197 0.3793547344231074
0.9849502542557429 0.9421449576527972
0.9056239240293154 0.24536782414048242
0.5558937037832155 0.04767762664672115
0.3380634135744185 0.3875661400541388
0.4827597262699108 0.8293940303145724
0.7923747198255029 0.28765182763155184
0.19583111929474706 0.3200363238033255
0.7899291997972782 0.6629111185471515
0.5211553095865027 0.371047733099547
0.19800451704565525 0.566212639587774
0.877850134794979 0.6661601621864564
0.3308394350113226 0.6370516890174389
0.11516261712352494 0.45304008555816
0.8414299062193262 0.9997320464639341
0.5482480132954253 0.5691196366723243
0.7958593517749462 0.4230076832524783
0.6068167856831923 0.18325654530765045
0.25896553639618314 0.552112494268594
0.29669284362458614 0.6160051142238161
0.26829161595662 0.5835726886341108
0.19173312563880707 0.07877931754743495
0.1018358708646494 0.9195260231796227
0.7482492697040721 0.0017345779289816843
0.0217342974643715 0.1036858354440835
0.3755571145649952 0.7547189675589077
0.611406767401401 0.07742581282296235
0.7473183656941447 0.2450206490395359
0.7309011181138247 0.21689969084998495
0.05748569340468235 0.5028325780359391
0.09694775549603007 0.607562522556157
0.44546401766858823 0.32094466834311186
0.8709936394724083 0.07409271047744626
0.3452820445458704 0.843708403839478
0.23094655655874208 0.06893845058146808
0.7690484992035702 0.9276751020310732
0.6174660796477782 0.8922891896439389
0.45214409137140676 0.3466228268364313
0.8485079172645389 0.1436246285708025
0.5367236538039593 0.9821480978792259
0.5398739252549474 0.9270501345872868
0.9793306600835752 0.4122203412497403
0.49439422325088644 0.23025506136399598
0.9596581393835901 0.7499775823477244
0.5418632468213398 0.7687065187027855
0.9843767987936256 0.9197094409871751
0.6069212583427697 0.9090501953748806
0.38871985710267154 0.2575475467077908
0.42273604209805593 0.8825607012536045
0.9812356666045747 0.5530797082272665
0.6963212308622275 0.8262569690612922
0.31358541597063794 0.9395071685572047
0.000788461821590758 0.47918917272969264
0.8679247169073692 0.568745307699142
0.01999371757572832 0.15379882315126436
0.31740221521501844 0.07517735946576076
0.6277700323347573 0.37367716662447803
0.030362373085333072 0.7861584190741613
0.6928025882267339 0.5969182216024265
0.46130028806201184 0.8987563529570257
0.5019133775626659 0.15063220691298218
0.5618298822953269 0.15784098267159652
0.2544780120237844 0.7457301819123701
0.2707420259160649 0.7574268482405837
0.26280927188582837 0.15523943492933223
0.19923748129574625 0.6913024542967636
0.280956259399743 0.8815241455534049
0.6464918504259041 0.2897167554581257
0.8277241941759124 0.7350310770874764
0.24389957515197924 0.7087656530270336
0.6854460127898208 0.8141127771989909
0.09030958709104642 0.6737579352979379
0.32732605879306 0.8415839896515278
0.22305906678373044 0.3326169059014512
0.4595590168292656 0.3575131254227908
0.16841231477251117 0.6133734084969593
0.8578003302810624 0.9180615906452847
0.4116718619261923 0.34063733037952226
0.15731312754252658 0.8041719356503927
0.9543831284826891 0.11470565155650703
0.4834751890611222 0.6820540564908006
0.20793781696295088 0.10800547140457706
0.21202015147364284 0.4483846840756731
0.7067668447426274 0.9060200794803663
0.3810048653859657 0.5465183984206234
0.5352206128364532 0.06095309529947235
0.5101962398125397 0.6879852785468794
0.34644352190116123 0.9998697611709468
0.3854609732603289 0.369128191417597
0.08657253455078662 0.6574512301850304
0.6265853729797357 0.39136130003914316
0.34812391261374964 0.308643148303263
0.5435497933400608 0.6781825730176132
0.4878056248953111 0.3686025301292508
0.8725498300217556 0.6614911594800614
0.45696667411368774 0.2219842176040454
0.8813083800523862 0.4088446418009426
0.3470581677105755 0.24653892868225924
0.8827249029920288 0.14699774572776536
0.7193118707490203 0.5668619818126885
0.017223614172148682 0.96599090772859
0.28654617141106264 0.8792642277159028
0.55938021460496 0.629811989123453
0.17852025053562248 0.5647074136574601
0.2300999893285527 0.8717321989334554
0.8600140378118126 0.5270155974959123
0.3198551962892138 0.6591092921827979
0.7754300883418326 0.5432367999313881
0.043848926636864904 0.9278963585688877
0.9735670594457115 0.8600541204674126
0.4639288862168849 0.7906992310004803
0.5855750350891977 0.26253524592881683
0.17400777790251354 0.6330838500315834
0.7247274183000676 0.07705817343641841
0.0393216641736609 0.7254426435835066
0.5496242436967114 0.1997248364026254
0.8858700185983899 0.6738850518665085
0.9456627133489335 0.697481430469391
0.6698857577732873 0.9432854900283638
0.5513921776101327 0.023387296463120766
0.30972694037065174 0.8895865552799342
0.7743753667919129 0.820695856302222
0.050231268253673855 0.5022976866332591
0.6669442369069529 0.5228991221636441
0.9745751779926546 0.9901266063435616
0.25645788995150487 0.2866970513184355
0.5881357099911162 0.4275309069731714
0.1123964708582057 0.4209621218230968
0.6647055359545571 0.6339115763246954
0.5943038618532366 0.7517839410113529
0.5585359677893702 0.24060328024469868
0.9293285376693727 0.31368045805280564
0.09868933035843863 0.14852249295065656
0.2785207408674053 0.009884332038713861
0.8314824551836419 0.02649447301189567
0.39094899261134297 0.5602101303761775
0.049450840267247775 0.8516350236277264
0.872777844064131 0.7832765306629805
0.678961860703122 0.6577283303010761
0.14928916082046162 0.3288364624832538
0.5220588681638902 0.1612962124626376
0.33889581638798427 0.5708415553103217
0.47811659434350906 0.08681126595550404
0.4090777344226708 0.9518085737753887
0.13910406083445892 0.8455646305863576
0.053233883370901625 0.7946846452151461
0.1363673881906997 0.33689697489796955
0.01136357275028188 0.6951576471445724
0.032384092046358726 0.033151022989299506
0.0541176153558105 0.7795520335585235
0.5253089680517187 0.4699816619075676
0.7806426171727374 0.11155524212040091
0.04903940092890391 0.41895775860479456
0.7646590660324117 0.18790936796232605
0.27812166016884654 0.18217226472689996
0.5813025741916538 0.2813920578091571
0.6477522216561575 0.3894874399322421
0.6384664260853479 0.5677089388615901
0.0520457901858451 0.22570990274329938
0.4860667793773834 0.5895804439862815
0.17274825138870575 0.17074405131462855
0.5544655546792705 0.09536009484471242
0.5724820165222746 0.44268090307765484
0.4932686352107416 0.6491729850542487
0.38904817037637685 0.3934315221595337
0.02199648986895686 0.0070454330195095505
0.062452957885896776 0.4934349730491916
0.5141003723320958 0.1926371557232276
0.5199826957106357 0.17667197834170567
0.5237895423815906 0.9807279475171433
0.2882765023343763 0.23869402863992595
0.37055181269551385 0.6488829954209381
0.5847262619745779 0.1870757171731776
0.5094887176693828 0.5481324361805482
0.45569714104249814 0.18524309611438672
0.7356331498891375 0.9924390644296697
0.22514796566555328 0.12126542306658661
0.7522851290554611 0.5629047746813949
0.14517687564257487 0.3821578625697022
0.4734631952798227 0.7736471878480882
0.10382088598982686 0.6004613782074748
0.9409117624963803 0.17618167708420773
0.946186240054669 0.43385276336413514
0.3831990475436946 0.5688613493315078
0.775170021582432 0.6103740221920955
0.8267382426829193 0.9797361118290882
0.17766695320314096 0.22179654653620062
0.1359230140667218 0.6776014428301889
0.7383159068769012 0.8966074802694592
0.5760412702724778 0.00618981172723565
0.5674156095762164 0.5889051888140691
0.2820925936825167 0.9118795735835141
0.5142126263631788 0.3400116147020178
0.4401758376528835 0.21646672255540955
0.46189135334078224 0.5327068280650069
0.36151970983878035 0.6054972699197756
0.4794800874515026 0.16997593754618157
0.5114447504823831 0.9474136196768821
0.06242265221757526 0.2143214657175181
0.8285017544457038 0.1692429055342597
0.5190981808485964 0.12898446613504522
0.5261327071331559 0.5491313921775975
0.8406533159969662 0.8320323502163804
0.9653667194462723 0.856654084939616
0.7593134405475286 0.9119548830774922
0.5283904192650142 0.8887527066477605
0.3050822660021142 0.32235740495514276
0.5259731914440566 0.0977545677383409
0.9789715287398455 0.3636683995647487
0.6153622882936667 0.5960954445792159
0.6658125755402053 0.7291118368402023
0.8816884924469879 0.9174284666023003
0.4738850067393685 0.7928069022287598
0.1269465110405008 0.1742290435620233
0.34555676355546927 0.23203501488141876
0.09408127020598256 0.6094460342404677
0.13107795690995028 0.637298785186482
0.33146592216678195 0.823141345448021
0.9060996747307297 0.29746126957445673
0.543763972575876 0.745312093323031
0.46467999334485377 0.1812785111009112
0.011622425364782751 0.049689325860376554
0.230857031607272 0.6625954157536516
0.6689562793616612 0.7211301436888942
0.9591225657957212 0.9659678900136006
0.8935977065121232 0.29266076797794693
0.13065580878076766 0.8146518129696421
0.3210248136373137 0.8299995473707498
0.8973702132743808 0.7339822399530582
0.36294944039598676 0.6519524915895012
0.39692268868926006 0.3286255564787155
0.8285269793741203 0.29249725245267943
0.2592486113546708 0.061396157588400335
0.4169205753923264 0.16596386957101683
0.2591064584403626 0.3507403388849155
0.8836411355768661 0.8631159922333835
0.9722657710249945 0.26226882460161494
0.17839975710953238 0.17040905768114056
0.5417823015789265 0.07584956989729608
0.9599806684659371 0.5589551082607644
0.6668897291592504 0.31264922459154
0.21746258401417085 0.592347815590798
0.054340783656613434 0.46803055064249244
0.8841610173003136 0.5728737007074698
0.07816803400969552 0.6107158467694254
0.9616288734519753 0.29880339526143196
0.011958195197529609 0.13655338443705656
0.7763809751678683 0.561140276616467
0.8853295891192985 0.06620702481565499
0.33744736393716934 0.40239933756153756
0.9305708798947883 0.36068096121635906
0.9595370512938999 0.041070443376606036
0.9314451101005012 0.6666675110353688
0.31926901916349903 0.3700741789664148
0.19932119112970836 0.08617062211959903
0.4125226804198212 0.1935924171308654
0.5997773977192671 0.43913142186938736
0.8626860602211617 0.2745993957539987
0.7747849016673041 0.24103391268062158
0.5445255721979714 0.3396351728801499
0.008084658852083537 0.029103242882807967
0.5024209464389062 0.9993425295315386
0.09992431811455504 0.9376180109080967
0.6174343379579195 0.8650670177855375
0.23430855884823965 0.9818309514599175
0.41051060270611384 0.4155936366563271
0.9950453854158845 0.06946602560515913
0.7236010093989043 0.5998203649472569
0.8330028963953926 0.6771556989271958
0.4954729014670629 0.40852561727812553
0.6117751401154485 0.8018086198293146
0.2204256944743439 0.5275955979623239
0.3573646798091443 0.04584996126070995
0.1654109296713122 0.6466885183107585
0.9830529457700228 0.7881122801776255
0.6296494868915241 0.27583656300102133
0.4861764092118894 0.8395225449743633
0.9749377409350775 0.6319840087954407
0.21698227300913464 0.08354031007296836
0.34250662682937394 0.4958345108221984
0.43181853240222345 0.909709547082264
0.7067861750923485 0.3405700528586153
0.5553492858721862 0.436664560042191
0.19246381430615944 0.5095445433101775
0.20433024603424288 0.14742565262168972
0.1159003116800772 0.2152568086839195
0.5535555385274422 0.6801611202082203
0.8633013785651207 0.3746769490762871
0.5245821118498764 0.7396676678127108
0.42040239049791195 0.7299431063984438
0.40264343361430566 0.6959371159424421
0.23801093236957427 0.4294427718528002
0.41854756045446617 0.583993918201047
0.8715966352268016 0.3187461432673191
0.5881223901907207 0.4918320322088334
0.5915002831091074 0.34512180045566065
0.10907536365377468 0.674350418872931
0.6634520323060338 0.492698612228331
0.16675691330222286 0.33215013356186107
0.6237165974196297 0.9341789632456399
0.3487178910425808 0.1261939629244817
0.1441334106456411 0.608469234068449
0.46934972825904464 0.30745107524659154
0.11084553222141458 0.5099881487691378
0.31149600127297083 0.19449838887255932
0.9468359015883476 0.19254303426748653
0.3552468026575968 0.9493809213725026
0.004687437574950604 0.9748931050306977
0.9055014790592901 0.34143845758814084
0.045808485241269015 0.4909360202254123
0.7148791129699232 0.48668620799884565
0.47266179651113127 0.39097437702607385
0.5586323202327876 0.08344819601037057
0.5919275347611344 0.232928228446162
0.35620260292198647 0.997244694652528
0.46290411089356454 0.2093107236231191
0.7850364634208382 0.43877578834534425
0.8000957993681517 0.13564883428380758
0.8790375514885729 0.9007728285299839
0.8495859117410309 0.04550298189071267
0.14470506730750254 0.49808481186185083
0.1743996716968066 0.3533329978705857
0.3081713976450613 0.2766577137098418
0.4156049301550431 0.3994552110690581
0.6667988816719252 0.7353903512674431
0.3731169687112912 0.6260522385461513
