20 0 1 1000
0010000000000000000
0010000000000000000
0010000000000000000
0001000000000000000
0001000000000000000
0001000000000000000
0001000000000000000
0001000000000000000
0001000000000000000
0001000000000000000
0001000000000000000
0001000000000010000
0001000000000010000
0001010000000010000
0001010000000010000
0001010000000010000
0001010000000010000
0000010000000010000
0000000000000010000
0000000000000000000
00000000000000000000
00000000111111111110
00000000000000000000
00000000000000000000
00000000000000000000
00000000000000000000
00000000000000000000
00000000000000000000
00000000000000000000
00000000000000000000
00000000000000000000
00000000000000000000
00000000000000000000
00000000000000000000
00000000000000000000
00000000000000000000
00000000000000000000
00000000000000000000
00000000000000000000
