20 0 1 1000
0000000000001000000
0000000000001000000
0000000000001000000
0000000000001000000
0000000000001001000
0000000000001001000
0000000000000001000
0000000000000001000
0000000000000001010
0000000000000001010
0100000000000001010
0100000000000001010
0100000000000000010
0100000000000000010
0100000000000000010
0100000000000000010
0100000000000000010
0100000000000000010
0100000000000000000
0000000000000000000
00000000000000000000
00000000000000000000
00000000000000000000
00000000000000000000
00000000000000000000
00000000000000000000
00000000000000000000
00000000000001111110
00000000000000000000
00000000000000000000
00000000000000000000
00000000000000000000
00000000000000000000
00000000000000000000
00000000000000000000
00000000000000000000
00000000000000000000
00000000000000000000
00000000000000000000
