20 0 1 1000
1001000000000000000
1001000000000000000
0001000000000000000
0001000000000000000
0001000000000000000
0000000000000000000
0000000000000000000
0000000000000000000
0000000000000000000
0000000000000000000
0000000000000000000
0000000100000000000
0000000100000000000
0000000100000000000
0000000100000000000
0000000100000000000
0000000100000001000
0000000100000001000
0000000100000001000
0000000100000001000
00000011111111110000
00000000000000000000
00000000000000000000
00000000000000000000
00000000000000000000
00000000000000000000
00000000000000000000
11111100000000000000
00000000000000000000
00000000000000000000
00000000000000000000
00000000000000000000
00000000000000000000
00000000000000000000
00000000000000000001
00000000000000000000
00000000000000000000
00000000000000000000
00000000000000000000
