20 0 1 1000
0000000001000000000
0000000001000000000
0000000001000000000
0000000001000000000
0000000000000000000
0000000000000000000
0000000000000000000
0000000000000000000
0000000000000000000
0000000000000000000
0000000000000000000
0000000000000000000
0001000000010000000
0001000001010000000
0001000001010000000
0001000001010000000
0001000001010000000
0001000001010000000
0001000001010000000
0001000001010000000
00000000000000000000
11111100000000000000
00000000000000000000
00000000000000000000
11111111110000000000
00000000000000000000
00000000000000000000
00000000000000000000
00000000000000000000
00000000000000000000
00000000000000000000
00000000000000000000
00000000000000000000
00000000000000000000
00000000000000000000
00000000000000000000
00000000000000000000
00000000000000000000
00000000000000000000
