20 0 1 1000
0000001000000000000
0000001000000000001
0000001000000000001
0000001000000000001
0000001000000000001
0000000000000000001
0000001000000000001
0000001000000000101
0000001000000000101
0000001000000000101
0100001000000000100
0100001000000000100
0100001000000000100
0100000000000000100
0100000000000000100
0100000000000000100
0100000000000000100
0100000000010000100
0000000000010000000
0000000000010000000
00000000000000000000
00000000000000000000
00000000000000000000
00000111111111111110
00000000000000000000
00000000000000000000
00000000000000000000
00000000000000000000
00000000000000000000
00000000000000000000
11111111111000000000
00000000000000000000
00000000000000000000
00000000000000000000
00000000000000001111
00000000000000000000
00000000000000000000
00000000000000000000
11000000000000000000
