20 0 1 1000
0000000000010000000
0000000000010000000
0000000000010000000
0000000000000000000
0000000000000000000
0000000000000000000
0000000000000000000
0000000000000000000
0000000000000000000
0000000000000000000
0000000000000000000
0000000000000000000
0000000000000000000
0000000000000000000
0000000000000000000
0000000000000000000
0000000000000000000
0000000000000000000
0000000100000000000
0000000100000000000
00000000000000000000
00000000000000000000
00000000000000000000
00000000000000000000
00000000000000000000
00000000000000000000
00000000000000000000
00000000000000000000
00000000000000000000
00000000000000000000
00000000000000000000
01111111111110000000
10000000000000000000
00000000000111111000
01111100000000000000
00000000000000000000
00000000000000000000
00000000000000000000
00000000000000000000
