20 0 1 1000
0001000000000000000
0011000000000000000
0011000000000000000
0011000000000000000
0011000000000000000
0010000000000000000
0010000000000000000
0010000000000100000
0010000000000100000
0010000000000100000
0010000000000100000
0010000000000100000
0010000000000100000
0010000000000000000
0010000000000000000
0010000000000000000
0000000000001000000
0000000000001000000
0000000000001000000
0000000000001000000
00000000000000000000
00000000000000000000
00000000000001111111
00000000000000000000
00000000000000000000
00000000000000000000
00000000000000000000
00000000000000000000
00000000000000000000
00000000000000000000
00000000000000000000
00000000000000000000
00000000000000000000
00000000000000000000
00000000000000000000
00000000000000000000
00000000000000000000
11100000000000000000
00000000000000000000
