20 0 1 1000
0000000000000000000
0000000010000000001
0000000010000000001
0000000010000000001
0000000010000000001
0000000010000000001
0000000010000000001
0000000010000000001
0000000010000000001
0000000010000000000
0000000010000000000
0000000010000000000
0000000010000000000
0000010000000000000
0000010000000000000
0000010000000000000
0000010000000000000
0000010000000000000
0000000000000000000
0000000000000000000
00000000000000000000
00000000000000000000
00000000000000000000
11111110000000000000
00000001111100000000
00000000000000000000
00000000000000000000
00000000000000000000
00000000000000000000
00000000000000000000
00000000000111110000
00000000000000000000
00000000000000000000
00000000011111111111
00000000000111111111
00000000000000000000
00000000000000000000
00000000000000000000
00000000000000000000
