20 0 1 1000
0000000000000100000
0000000000000100000
0001001000000000000
0001001000000000000
0001001000000000000
0001001000000000000
0001001000000000000
0001001010000000000
0000001010000000000
0000001010000000000
0000000010000000000
0000000010000000000
0000000010000001000
0000000010000001000
0000000010000001000
0000000010000001000
0000000010000001000
0000000010000001000
0000000010000001000
0000000010000001000
00000000000000000000
00000000000000000000
00000000000000000000
00000000000000000000
00000000000000000000
00000000001111111111
00000000000000000011
00000000000000000000
00000000000000000000
00001111111100000000
01111111110000000000
00000000000000000000
00000000000000000000
00000000000000000000
00000000000000000000
00000000000000000000
00000000000000000000
00000000000000000000
00000000000000000000
