20 0 1 1000
0000000000000000000
0000000000000000000
0000000000000000000
0000000000000000000
0000000000001000000
0000001000001000000
0000001000001000000
0000001000001000000
1000001000101000000
1000001000101000000
1000001000101000000
1000001000111000000
1000001000111000000
1000000000111000000
1000000000111000000
0000000000111000000
0000000000111000000
0000000000110000000
0000000000010000000
0000000000010000000
00000000000000000000
00000000000111111110
00000000000000000000
00000000000000111110
00000000000000000000
00000000000000000000
11100000000000000000
00011111111110000000
00000000000000000000
00000000000000000000
00000000000000000000
00000000000000000000
00000000000000000000
00000000000000000000
00000000000000000000
11111100000000000000
00000000000000000000
00000000000000000000
00000000000000001111
