20 0 1 1000
0000000000000000000
0000000000000010000
0000000000000010000
0000000000000010000
0000000000000010000
0000000000000010000
0000000000000010000
0000000000000010000
0000000000000010000
0000000000000010000
0000000000000010000
0000000000000010010
0000000000000010010
0000000000000010010
0000000000000010010
0000000000000000010
0000000000000000010
0000000000000000010
0000000000000000000
0000000000000000000
00000000000000000000
00000000000000000000
00000000000000000000
00000000000011111111
00000000000000000000
00000000000000000000
00000000000000000000
00000000000000000000
00000000000000000000
00000000000000000000
00000000000000000000
00000000000000000000
00000000000000000000
00000000000000000000
00000000000000000000
00000000000000000000
00000000000000000000
00000000111111100000
00000000000000000000
