20 0 1 1000
0000000000000000000
0000000000000000000
0000000000000000000
0000000000000000000
0000000000000000000
0000000000000000000
0000000000000000000
0000000000000000001
0000000000000000001
0000000000000010001
0000000000000010001
0000000000000010001
0000000000000010001
0000000000000010001
0000000000000000001
0000000000000000001
0000000000000000001
0000000000000000000
0000000000000000000
0000000000000000000
00000000000000000000
00000000000000000000
00000000000000000000
00000000000000000000
00000000000000000000
00000000000000000000
00000000000000000000
00000000000000000000
00000000000000000000
00000000000000000000
11111111111111111000
00000000000000000000
00000000000000000000
00000000000000000000
00000000000000000000
00000000000011111100
00000000000000000000
00000000000000000000
00000000000000000000
