20 0 1 1000
0000000000000000000
0000000000000000000
0000000000000000000
0000000000000000000
0000000000000000000
0000000000000000000
0000000000000000000
0000000000000000000
0000000000000000000
0000000000000000000
0000000000000000000
0000000000000000000
0000001000000000000
0000001000000000000
0000001000000000000
0000001000000000000
0000001000000000000
0000001000000000000
0000001000000000000
0000001000000000000
00000000000000000000
00000000000000000000
00000000111111110000
00000000000000000000
00000000000000000000
00111111111111111000
00000000000000000000
00000000000000000000
00000000000000000000
00000000000000000000
00000000000000000000
00000000000000000000
00000000000000000000
00000000000000000000
00000000000000000000
00000000000000000000
00000000000000000000
00000000000000000000
00000000000000001111
