20 0 1 1000
0000000000000000010
0000000000100000010
0000000000100000010
0000000000100000010
0000000000100000010
0000000000100000010
1000000000100000010
1000000000100000010
1000000000100000010
1000000000100000010
1000000000000000010
1001000000000000000
1001000000000000000
1001000000000000000
1001000000000000000
1001000000000000000
1001000001000000000
1001000001000000000
0001000001000000000
0001000001000000000
00000000000000000000
00000000000000000000
00000011111111110000
00000000000000000000
00000000000000000000
00000000000000000000
00000000000000000000
00000000000000000000
00000000000000000000
00000000000000000000
00000000000000000000
00011111111100000000
00000000000000000000
00000000000000000000
00000000000000000000
00000000000000000000
00000000000000000000
00000000000000000000
00000000001111110000
