20 0 1 1000
0000000000100000000
0000000000100000000
0000000000100000000
0000000000100000000
0000000000100000000
0000000000100000000
0000000000100000000
0000000000100000000
0000000000101000000
0000000000101000000
0000000000001000000
0000000000001000000
0000000000001000000
0000000000001000000
0000000000000000000
0000000000000000000
0000000000000000000
0000000000000000000
0000000000000000000
0000000000000000000
00000000000000000000
00000000000000000000
00000000000000000000
00000000000000000000
00000000000000000000
00000000000000000000
00000000000000000000
00011111111110000000
00000000000000000000
11000000000000000000
00000000000000000000
00000001111111111100
00000000000000000000
00000000000000000000
00000000000000000000
00111111111000000000
00000000000000000000
00000000000000000000
00000000000000000000
