20 0 1 1000
0100000000000100000
0100000000000100000
0100000000000000110
0100000000000000110
0100000000000000110
0000000000000000110
0000000000000000110
0000000000000000110
0000000000000000110
0000000000000000110
0000000000000000100
0000000000000000100
0000000000000000100
0000000000000000100
0001000000000000100
0001000000000000100
0001000000000000100
0001000000000000100
0001000000000000000
0001000000000000000
00000000000000000000
00000000000000000000
00000000000000000000
00000000000000000000
00000000000000000000
00000000000000000000
00000000000000000000
00000000000000000000
00000000000000000000
00000000000000000000
00000000000000000000
00000000000000000000
00000111111000000000
00000000000000000000
00000000000000000000
00000000000000000000
00000000000000000000
00000000000000000000
00000000000000000000
