20 0 1 1000
0000000000000000000
0000000001000000000
0000000001000000000
0000000001000000000
0000000001000000000
0000000001000000000
0000000001000001000
0000000001000001000
0000000001000001000
0000000001000001000
0000000001000001000
0000000001100000000
0000000001100000000
0000000001100000000
0000000001100000000
0000000000100000000
0000000000100000000
0000000000100000000
0000000000100000000
0000000000100000000
00000000000000000000
00000000000000000000
00000000000000000000
00000000000000000000
00000000000000000000
00000000000000000000
00000000000000000000
00000000000000000000
00000000000000000000
00000000000000000000
00000000000000000000
00000000000000000000
00000000000000000000
00000000000000000000
00000000000000000000
00000000000000000111
00000000000000000000
00000000000000000000
00000000000000000000
