20 0 1 1000
0000000000000000000
0000000000000000000
0000000000000100000
0000000000100100000
0000000000100100000
0000000000100100000
0000000000100100000
0000000000100000000
0000000000100000000
0000000000100000000
0000000000100000000
0001000000100000000
0001000000100000000
0001000000100000000
0001000000100000000
0001000000100010000
0001000000000010000
0001000000000010000
0001000000000010000
0000000000000010000
00000000000000111111
01111111111111000000
00000000000000000000
00000000000000000000
00000000000000000000
00000000000000000001
00000011111111111110
00000000000000011111
00000000000000000000
00000000000000000000
00000000000000000000
00000000000000000000
00000011111100000000
00000000000000000000
00000000000000000000
00000000000000000000
00000000000000000000
00000000000000000000
00000000000000000000
