20 0 1 1000
0000010000000001001
0000010000000001001
0000010000000001001
0000010000000001001
0000010000000011000
0000010000000011000
0000010000000011000
0000010000000011000
0000010000000011000
0000010000000011000
0000010000000011000
0000000000000011000
0000000000000011000
0000000000000010000
0000000000000000000
0000000000000000000
0000000000000001000
0000000000000001000
0000000000000001000
0000000000000001000
11110111110000000000
00000000000000000000
00000000000000000000
00000000000000000000
00000000000000000000
00000000000000000000
00000000000000000000
00000000000000000000
00000000000000000000
00000000000111110000
00000000000000000000
00000000000000000000
00000000000000000000
00000000000000000000
00000000000000000000
00000000000000000000
00000000000000000000
00000000000000000000
00111111111000000000
