20 0 1 1000
0001000000000000000
0001000000000000000
0000000000000000000
0000000000000000000
0000000000000000000
0000000000000000000
0000000000000000000
0000000000000000000
0000000000000000000
0000000000100000000
0000000000100000000
0000000000100000000
0000000000100000000
0000000000100000000
0000000000100000000
0000100000100000000
0000100000100000000
0000100000100000000
0000100000000000000
0000100000000000000
00000000000000000000
00000000000000000000
00000000000000000000
00000000000000000000
00000000000000000000
00000000000000000000
00000000000000000000
10000000000000000000
00000000000000000000
00000000000000111111
00000000000000001111
00000000000000000000
00000000000000000000
00000000111111111111
00000000000000000000
00000000000000000000
00000000000000000000
00000000000000111111
00000000000000000000
