20 0 1 1000
0000000000100000000
0000000000100000000
0000000000100000000
0000000000000000000
0000000000000000000
0000000000000000000
0000000000000000010
0000000000000000010
0000000000000000010
0000000000000000010
0000000000000000010
0000000000000000010
0000000000000000010
0000000000000000010
0000000001000000010
0001000001000000010
0001000001000000010
0001000001000000000
0001001001000000000
0001001000000000000
00000000000000000000
00000000000000000000
00001111111111111110
00000000000000000000
00000000111111111100
00000000000000001111
00000000000000000000
00000000000000000000
00000000000000000000
01111110000000000000
11111100000000000000
00000000000000000000
11111111111111000000
00000000000000000000
00000000000000000000
00000000000000000000
00000000000000000000
00000000000000000000
00000000000000000000
