20 0 1 1000
0000000000000000000
0000000000000000000
0000000000000000000
0000000000000000000
0000000000000000000
0000000000000000000
0000000000000000000
0000000000100000000
0000000000100000000
0100000000100000000
0100000000100000000
0100000000100000000
0100000000100000000
0100000000100000000
0010000000100000010
0010000000100000010
0010000000000000010
0010000000000000010
0010000000010000010
0010000000010000010
00000000000000000000
00000000000000000000
00000000000000111111
00000000000000000000
00000000000001111111
00000000000000000000
00000000000000000000
11111111100000000000
00000000000000000000
01111111110000000000
00000000000000000000
00000000000000000000
00000000000000000000
00000000000000000000
00000000000000000000
00000000000000000000
00000000000000000000
00000000000000000000
00000000000000000000
