20 0 1 1000
0000000000000000000
0100000000000000000
0100000000000000000
0100000000000000000
0100000000000000000
0100000000000000000
0000000000000000000
0000000000000000000
0010000000000000010
0010000000000000010
0010000000000000010
0010000000000000010
0010000000000000010
0010000000000000010
0010000000000000010
0010000000000100010
0010000000000100010
0010000000000100010
0010000000000100010
0010000000000100010
00000000000000000000
00000000000000000000
00000000000000000000
00000000000011111111
00000000000000000000
00000000000000000000
00011111111100000000
10000000000000000000
00000000000000000000
00000000000000000000
00000000000000000000
00000000000000000000
00000000000000000000
00000000000000000000
00000000000000000000
00000000000000000000
00000000000000000000
00000000000000000000
00000011111000000000
