20 0 1 1000
0000000000000000000
0000000000010000000
0000000000010000000
0000000000010000000
0000000000010000000
0000000000010000000
0000000000010000000
0000000000010000000
0000000000110000000
0000000000110000000
0000000000110000000
0000000000100000000
0000000000100000000
0000000000100000010
0001000000100000010
0001000000100000010
0001000000100000010
0001000000100000010
0001000000100000010
0001000000000000010
00000000000000000000
00000000000000000000
00000000000000000000
00000000000000000000
00000000000000000000
00000000000000000000
00000000000000000000
00000000000000000000
00000000000000000000
00000000000000000000
00000000000000000000
00000000000000000000
00000000000000000000
00000000000000000000
00000000000000000000
00000000000000000000
00000000000000000000
11100000000000000000
00000000000000000000
