20 0 1 1000
0000000000000000010
0000000000000000010
0000000000000000010
0000000000000000000
0000000000000000000
0000000000000000000
0000000000000000000
0000000000000000000
0000000001000000000
0000000001000100000
0000000001000100000
0000000001000100010
0000000001000100010
0100000001000100010
0100000001000000010
0100000000000000010
0100000000000000010
0100000000000000000
0100000000000000000
0000000000000000000
00000000000000000000
00000001111110000000
00000000000000000000
00000000000000000000
00000000001111111100
00000000000000000000
00000000000000000000
00000000000000000000
00000000000000000000
00000000000000000000
00000000000000000000
00000000000000000000
00000000000000000000
00000000000000000000
00000000000000000000
00000000000000000000
00000000000000000000
00000000000000000000
00000000000000000000
