20 0 1 1000
0000000010100010000
0000000010100010000
0000000010100000000
0000000010100000000
0000000010100000000
0000000010100000000
0000000000100000000
0000000000000000000
0000000000000000000
0000000000000000000
0000000000000000000
0000000000100000000
0000000000100000000
0000000000100000000
0000000000100000000
0000000000100000000
0000000000100000000
0000000000100000000
0000000000100000000
0000000000000000000
00000000000000000000
00000000000000000000
00000000000000000000
00000000000000000000
00000000000000000000
00000000000000000000
00000000000000000000
00000000000000000000
00000000000000000000
11111110000000011111
00000000000000000000
00000000111111111100
00000000000000000111
00000000001111111111
00000000000000000000
00000000000000000000
11111100000000000000
00000000000000000000
00000000000000000000
