20 0 1 1000
0000000000000000000
0000000000000000000
0000000000000100001
0000000000000100001
0000000000000100001
0000000000000100001
0010000000000100001
0010000000000100001
0010000000000101001
0010000000000101001
0010000000000101001
1010000000000101001
1010000000000101001
1000000000000001001
1000000000000000001
1000000000000000000
0000000000000000000
0000000000000000001
0000000000000000001
0000000000000000001
00000000000000000000
00000000000000000000
00000000000000000000
00000000000000000000
00000000000000000000
00000000000011111110
00000000000000000000
00000000000000000000
00000000000000000000
00000000000000000000
00000000000000000000
00000000000000000000
00000000000000000000
00000000000000000000
00000000000000000000
00000000000000000000
00000000000000000000
00000000000000000000
00000000000000000000
