20 0 1 1000
1000000000000010011
1000100000000010011
1000100000000010011
1000100000000010011
1000100000000010011
1000100000000010011
1000100000000010011
1000100000000010011
1000100000000010011
0000100000000010010
0000000000000000010
0000000000000000010
0000000000000000010
0000000000000000010
0000000000000000010
0000000000000000000
0000000000000000000
0000000000000000000
0000000000000000000
0000000000000000000
00000000000000000000
00000000000000000000
00000000000000000000
01111111000000000000
00000000000000000000
00000000000000000000
00000000000000000000
00000000000000000000
00000000000000000000
00000000000000000000
00000000000000000000
00000000000000000000
00000000000000000000
00000000000000000000
00000000000001111110
00000000000000000000
00000011111111111110
00000000000000000000
00000000000000000000
