20 0 1 1000
0000000000000000000
0000000000000000000
0000000000000000000
0000000000000000000
0000000000100000000
0000000000100000000
0000000000100000000
0000000000100000000
0000000000100000000
0000000000100000000
0000000000100000000
0000000000100000000
0000000000000000000
0000000000000000000
0000000000000000000
0000000000000000000
0000000000000000000
0000000000000000000
0000000000000000000
0000000000000000000
00000000000000000000
00000000000000000000
00000000000000000000
11111111100000000000
00000000000000000000
00000000000000000000
00000000000000000000
00000000000000000000
00000000000000000000
00000000000000000000
00000000011111110000
11100000000000000000
00000000000011111110
00000000000000000000
00001111111111100000
11110000000000000000
00000000000000000000
00000000000000000000
00000000000000000000
