20 0 1 1000
0000000000000000000
0000000000000000000
0000000000000000000
0000000000000000000
0000000000000000000
0000000000000000010
0000000000000000010
0000000000000000010
0000000000000000010
0000000000000000010
0000000000000000010
0000000000000000010
0000000000000000010
0000000000000000010
0000000000000000010
0000000000000000010
0000000000000000010
0000000000000000010
0000000000000000010
0000000000000000000
00000000000000000000
00000000000000000000
00000000000000000000
00000000000000000000
00000000000000000000
00001111111111111100
00000000000000000000
00000000000000000000
00000000000000000000
00000000000000000000
00000000000000000000
00000000000000000000
00111111111111000000
00000000000000111110
00000000000000000000
00000000000000000000
00000000000000000000
00000000000000000011
00000000000000000000
