20 0 1 1000
0000000000000000000
0000000000000000000
0000000000000000000
0000000000100000000
0000000000100000000
0000000000100000000
0000000000100000000
0000000000100000000
0000000000100000000
0000000000100000000
0000000000100000000
0000000000100000000
0000000000100000000
0000000000100000000
0000000000100000000
0000000000000000000
0000000000000000000
0000000000000000001
0000000000000000001
0000000000000000001
00000000000000000000
11111111000000000000
00000000000000000000
00000000000000000000
00000000000000000000
00000000000000000000
00000000000000000000
00000000000000111111
00011111111000000000
00000000000000000000
11111110000000000000
00000000000000000000
00000000000000000000
11110000000000000000
00011111111111111100
00000000000000000000
00000000000000000000
00000000000000000000
00000000000000000000
