20 0 1 1000
0000000001000010000
0000000001000010000
0000000001000010000
0000000001000010000
0000000001000010000
0000000000000010000
0000000000000010000
0000000000000010000
0000000000000010000
0000000000000010001
0000000000000010001
0000000000000000001
0000000000000000011
0000000000000000011
0000000000000000010
0000000000000000010
0000000000000000010
0000000000000000011
0000000000000000011
0000000000000000001
00000000000000000000
00000000000000000000
00000000000000000000
00000000000000000000
00000000000000000000
00000000000000000000
00000000000000000000
00000000000000000000
00000000000000000000
00000000000000000000
00000000000000000000
01111111111110000000
11111111000000000000
00000000000000000000
00000000000000000000
00000011111111000000
00000000000000000000
00000000000000000000
00111110000000000000
