20 0 1 1000
0000000000110001000
0000000000110001000
0000000000110001000
0000000000111001000
0000000000101001000
0000000000101001000
0000000000101001000
0000000000001001000
0000000000001001000
0000000000001001000
0000000000001001000
0000000000001001000
0000000000001001000
0000000000000001000
0000000000000000000
0000000000000000000
0000000000000000000
0000000000000000000
0000000000000000000
0000000000000000000
00000000000000000000
00000000000000000000
00000000000000000000
00000000000000000000
00000000000000000000
00000000000000000000
00000000000000000000
00000000000000000000
00000000000000000000
11000000000000000000
00000000000000000000
00000000000001111110
00000000000000000000
00000000000000000000
00000000011111000000
11111100000000000000
00000000000000000000
00000000000000000000
00000000000000000000
