0 0 0 0 1
0 0 0 1 1
0 0 0 2 1
0 0 0 3 1
0 0 0 4 1
0 0 0 5 1
0 0 0 6 1
0 0 0 7 1
0 0 0 8 1
0 0 0 9 1
0 0 0 10 1
0 0 0 11 1
0 0 0 12 1
0 0 0 13 1
0 0 0 14 1
0 0 0 15 1
0 0 0 16 1
0 0 0 17 1
0 0 0 18 1
0 0 0 19 1
0 0 0 20 1
0 0 0 21 1
0 0 0 22 1
0 0 0 23 1
0 0 0 24 1
0 0 0 25 1
0 0 0 26 1
0 0 0 27 1
0 0 0 28 1
0 0 0 29 1
0 0 0 30 1
0 0 0 31 1
0 0 1 0 1
0 0 1 1 1
0 0 1 2 1
0 0 1 3 1
0 0 1 4 1
0 0 1 5 1
0 0 1 6 1
0 0 1 7 1
0 0 1 8 1
0 0 1 9 1
0 0 1 10 1
0 0 1 11 1
0 0 1 12 1
0 0 1 13 1
0 0 1 14 1
0 0 1 15 1
0 0 1 16 1
0 0 1 17 1
0 0 1 18 1
0 0 1 19 1
0 0 1 20 1
0 0 1 21 1
0 0 1 22 1
0 0 1 23 1
0 0 1 24 1
0 0 1 25 1
0 0 1 26 1
0 0 1 27 1
0 0 1 28 1
0 0 1 29 1
0 0 1 30 1
0 0 1 31 1
0 0 2 0 1
0 0 2 1 1
0 0 2 30 1
0 0 2 31 1
0 0 3 0 1
0 0 3 1 1
0 0 3 3 2
0 0 3 4 2
0 0 3 5 2
0 0 3 6 2
0 0 3 7 2
0 0 3 8 2
0 0 3 9 2
0 0 3 10 2
0 0 3 11 2
0 0 3 12 2
0 0 3 13 2
0 0 3 14 2
0 0 3 15 2
0 0 3 16 2
0 0 3 17 2
0 0 3 18 2
0 0 3 19 2
0 0 3 20 2
0 0 3 21 2
0 0 3 22 2
0 0 3 23 2
0 0 3 24 2
0 0 3 25 2
0 0 3 26 2
0 0 3 27 2
0 0 3 28 2
0 0 3 30 1
0 0 3 31 1
0 0 4 0 1
0 0 4 1 1
0 0 4 3 2
0 0 4 4 2
0 0 4 5 2
0 0 4 6 2
0 0 4 7 2
0 0 4 8 2
0 0 4 9 2
0 0 4 10 2
0 0 4 11 2
0 0 4 12 2
0 0 4 13 2
0 0 4 14 2
0 0 4 15 2
0 0 4 16 2
0 0 4 17 2
0 0 4 18 2
0 0 4 19 2
0 0 4 20 2
0 0 4 21 2
0 0 4 22 2
0 0 4 23 2
0 0 4 24 2
0 0 4 25 2
0 0 4 26 2
0 0 4 27 2
0 0 4 28 2
0 0 4 30 1
0 0 4 31 1
0 0 5 0 1
0 0 5 1 1
0 0 5 3 2
0 0 5 4 2
0 0 5 27 2
0 0 5 28 2
0 0 5 30 1
0 0 5 31 1
0 0 6 0 1
0 0 6 1 1
0 0 6 3 2
0 0 6 4 2
0 0 6 6 3
0 0 6 7 3
0 0 6 8 3
0 0 6 9 3
0 0 6 10 3
0 0 6 11 3
0 0 6 12 3
0 0 6 13 3
0 0 6 14 3
0 0 6 15 3
0 0 6 16 3
0 0 6 17 3
0 0 6 18 3
0 0 6 19 3
0 0 6 20 3
0 0 6 21 3
0 0 6 22 3
0 0 6 23 3
0 0 6 24 3
0 0 6 25 3
0 0 6 27 2
0 0 6 28 2
0 0 6 30 1
0 0 6 31 1
0 0 7 0 1
0 0 7 1 1
0 0 7 3 2
0 0 7 4 2
0 0 7 6 3
0 0 7 7 3
0 0 7 8 3
0 0 7 9 3
0 0 7 10 3
0 0 7 11 3
0 0 7 12 3
0 0 7 13 3
0 0 7 14 3
0 0 7 15 3
0 0 7 16 3
0 0 7 17 3
0 0 7 18 3
0 0 7 19 3
0 0 7 20 3
0 0 7 21 3
0 0 7 22 3
0 0 7 23 3
0 0 7 24 3
0 0 7 25 3
0 0 7 27 2
0 0 7 28 2
0 0 7 30 1
0 0 7 31 1
0 0 8 0 1
0 0 8 1 1
0 0 8 3 2
0 0 8 4 2
0 0 8 6 3
0 0 8 7 3
0 0 8 24 3
0 0 8 25 3
0 0 8 27 2
0 0 8 28 2
0 0 8 30 1
0 0 8 31 1
0 0 9 0 1
0 0 9 1 1
0 0 9 3 2
0 0 9 4 2
0 0 9 6 3
0 0 9 7 3
0 0 9 9 4
0 0 9 10 4
0 0 9 11 4
0 0 9 12 4
0 0 9 13 4
0 0 9 14 4
0 0 9 15 4
0 0 9 16 4
0 0 9 17 4
0 0 9 18 4
0 0 9 19 4
0 0 9 20 4
0 0 9 21 4
0 0 9 22 4
0 0 9 24 3
0 0 9 25 3
0 0 9 27 2
0 0 9 28 2
0 0 9 30 1
0 0 9 31 1
0 0 10 0 1
0 0 10 1 1
0 0 10 3 2
0 0 10 4 2
0 0 10 6 3
0 0 10 7 3
0 0 10 9 4
0 0 10 10 4
0 0 10 11 4
0 0 10 12 4
0 0 10 13 4
0 0 10 14 4
0 0 10 15 4
0 0 10 16 4
0 0 10 17 4
0 0 10 18 4
0 0 10 19 4
0 0 10 20 4
0 0 10 21 4
0 0 10 22 4
0 0 10 24 3
0 0 10 25 3
0 0 10 27 2
0 0 10 28 2
0 0 10 30 1
0 0 10 31 1
0 0 11 0 1
0 0 11 1 1
0 0 11 3 2
0 0 11 4 2
0 0 11 6 3
0 0 11 7 3
0 0 11 9 4
0 0 11 10 4
0 0 11 21 4
0 0 11 22 4
0 0 11 24 3
0 0 11 25 3
0 0 11 27 2
0 0 11 28 2
0 0 11 30 1
0 0 11 31 1
0 0 12 0 1
0 0 12 1 1
0 0 12 3 2
0 0 12 4 2
0 0 12 6 3
0 0 12 7 3
0 0 12 9 4
0 0 12 10 4
0 0 12 12 1
0 0 12 13 1
0 0 12 14 1
0 0 12 15 1
0 0 12 16 1
0 0 12 17 1
0 0 12 18 1
0 0 12 19 1
0 0 12 21 4
0 0 12 22 4
0 0 12 24 3
0 0 12 25 3
0 0 12 27 2
0 0 12 28 2
0 0 12 30 1
0 0 12 31 1
0 0 13 0 1
0 0 13 1 1
0 0 13 3 2
0 0 13 4 2
0 0 13 6 3
0 0 13 7 3
0 0 13 9 4
0 0 13 10 4
0 0 13 12 1
0 0 13 13 1
0 0 13 14 1
0 0 13 15 1
0 0 13 16 1
0 0 13 17 1
0 0 13 18 1
0 0 13 19 1
0 0 13 21 4
0 0 13 22 4
0 0 13 24 3
0 0 13 25 3
0 0 13 27 2
0 0 13 28 2
0 0 13 30 1
0 0 13 31 1
0 0 14 0 1
0 0 14 1 1
0 0 14 3 2
0 0 14 4 2
0 0 14 6 3
0 0 14 7 3
0 0 14 9 4
0 0 14 10 4
0 0 14 12 1
0 0 14 13 1
0 0 14 18 1
0 0 14 19 1
0 0 14 21 4
0 0 14 22 4
0 0 14 24 3
0 0 14 25 3
0 0 14 27 2
0 0 14 28 2
0 0 14 30 1
0 0 14 31 1
0 0 15 0 1
0 0 15 1 1
0 0 15 3 2
0 0 15 4 2
0 0 15 6 3
0 0 15 7 3
0 0 15 9 4
0 0 15 10 4
0 0 15 12 1
0 0 15 13 1
0 0 15 15 2
0 0 15 16 2
0 0 15 18 1
0 0 15 19 1
0 0 15 21 4
0 0 15 22 4
0 0 15 24 3
0 0 15 25 3
0 0 15 27 2
0 0 15 28 2
0 0 15 30 1
0 0 15 31 1
0 0 16 0 1
0 0 16 1 1
0 0 16 3 2
0 0 16 4 2
0 0 16 6 3
0 0 16 7 3
0 0 16 9 4
0 0 16 10 4
0 0 16 12 1
0 0 16 13 1
0 0 16 15 2
0 0 16 16 2
0 0 16 18 1
0 0 16 19 1
0 0 16 21 4
0 0 16 22 4
0 0 16 24 3
0 0 16 25 3
0 0 16 27 2
0 0 16 28 2
0 0 16 30 1
0 0 16 31 1
0 0 17 0 1
0 0 17 1 1
0 0 17 3 2
0 0 17 4 2
0 0 17 6 3
0 0 17 7 3
0 0 17 9 4
0 0 17 10 4
0 0 17 12 1
0 0 17 13 1
0 0 17 18 1
0 0 17 19 1
0 0 17 21 4
0 0 17 22 4
0 0 17 24 3
0 0 17 25 3
0 0 17 27 2
0 0 17 28 2
0 0 17 30 1
0 0 17 31 1
0 0 18 0 1
0 0 18 1 1
0 0 18 3 2
0 0 18 4 2
0 0 18 6 3
0 0 18 7 3
0 0 18 9 4
0 0 18 10 4
0 0 18 12 1
0 0 18 13 1
0 0 18 14 1
0 0 18 15 1
0 0 18 16 1
0 0 18 17 1
0 0 18 18 1
0 0 18 19 1
0 0 18 21 4
0 0 18 22 4
0 0 18 24 3
0 0 18 25 3
0 0 18 27 2
0 0 18 28 2
0 0 18 30 1
0 0 18 31 1
0 0 19 0 1
0 0 19 1 1
0 0 19 3 2
0 0 19 4 2
0 0 19 6 3
0 0 19 7 3
0 0 19 9 4
0 0 19 10 4
0 0 19 12 1
0 0 19 13 1
0 0 19 14 1
0 0 19 15 1
0 0 19 16 1
0 0 19 17 1
0 0 19 18 1
0 0 19 19 1
0 0 19 21 4
0 0 19 22 4
0 0 19 24 3
0 0 19 25 3
0 0 19 27 2
0 0 19 28 2
0 0 19 30 1
0 0 19 31 1
0 0 20 0 1
0 0 20 1 1
0 0 20 3 2
0 0 20 4 2
0 0 20 6 3
0 0 20 7 3
0 0 20 9 4
0 0 20 10 4
0 0 20 21 4
0 0 20 22 4
0 0 20 24 3
0 0 20 25 3
0 0 20 27 2
0 0 20 28 2
0 0 20 30 1
0 0 20 31 1
0 0 21 0 1
0 0 21 1 1
0 0 21 3 2
0 0 21 4 2
0 0 21 6 3
0 0 21 7 3
0 0 21 9 4
0 0 21 10 4
0 0 21 11 4
0 0 21 12 4
0 0 21 13 4
0 0 21 14 4
0 0 21 15 4
0 0 21 16 4
0 0 21 17 4
0 0 21 18 4
0 0 21 19 4
0 0 21 20 4
0 0 21 21 4
0 0 21 22 4
0 0 21 24 3
0 0 21 25 3
0 0 21 27 2
0 0 21 28 2
0 0 21 30 1
0 0 21 31 1
0 0 22 0 1
0 0 22 1 1
0 0 22 3 2
0 0 22 4 2
0 0 22 6 3
0 0 22 7 3
0 0 22 9 4
0 0 22 10 4
0 0 22 11 4
0 0 22 12 4
0 0 22 13 4
0 0 22 14 4
0 0 22 15 4
0 0 22 16 4
0 0 22 17 4
0 0 22 18 4
0 0 22 19 4
0 0 22 20 4
0 0 22 21 4
0 0 22 22 4
0 0 22 24 3
0 0 22 25 3
0 0 22 27 2
0 0 22 28 2
0 0 22 30 1
0 0 22 31 1
0 0 23 0 1
0 0 23 1 1
0 0 23 3 2
0 0 23 4 2
0 0 23 6 3
0 0 23 7 3
0 0 23 24 3
0 0 23 25 3
0 0 23 27 2
0 0 23 28 2
0 0 23 30 1
0 0 23 31 1
0 0 24 0 1
0 0 24 1 1
0 0 24 3 2
0 0 24 4 2
0 0 24 6 3
0 0 24 7 3
0 0 24 8 3
0 0 24 9 3
0 0 24 10 3
0 0 24 11 3
0 0 24 12 3
0 0 24 13 3
0 0 24 14 3
0 0 24 15 3
0 0 24 16 3
0 0 24 17 3
0 0 24 18 3
0 0 24 19 3
0 0 24 20 3
0 0 24 21 3
0 0 24 22 3
0 0 24 23 3
0 0 24 24 3
0 0 24 25 3
0 0 24 27 2
0 0 24 28 2
0 0 24 30 1
0 0 24 31 1
0 0 25 0 1
0 0 25 1 1
0 0 25 3 2
0 0 25 4 2
0 0 25 6 3
0 0 25 7 3
0 0 25 8 3
0 0 25 9 3
0 0 25 10 3
0 0 25 11 3
0 0 25 12 3
0 0 25 13 3
0 0 25 14 3
0 0 25 15 3
0 0 25 16 3
0 0 25 17 3
0 0 25 18 3
0 0 25 19 3
0 0 25 20 3
0 0 25 21 3
0 0 25 22 3
0 0 25 23 3
0 0 25 24 3
0 0 25 25 3
0 0 25 27 2
0 0 25 28 2
0 0 25 30 1
0 0 25 31 1
0 0 26 0 1
0 0 26 1 1
0 0 26 3 2
0 0 26 4 2
0 0 26 27 2
0 0 26 28 2
0 0 26 30 1
0 0 26 31 1
0 0 27 0 1
0 0 27 1 1
0 0 27 3 2
0 0 27 4 2
0 0 27 5 2
0 0 27 6 2
0 0 27 7 2
0 0 27 8 2
0 0 27 9 2
0 0 27 10 2
0 0 27 11 2
0 0 27 12 2
0 0 27 13 2
0 0 27 14 2
0 0 27 15 2
0 0 27 16 2
0 0 27 17 2
0 0 27 18 2
0 0 27 19 2
0 0 27 20 2
0 0 27 21 2
0 0 27 22 2
0 0 27 23 2
0 0 27 24 2
0 0 27 25 2
0 0 27 26 2
0 0 27 27 2
0 0 27 28 2
0 0 27 30 1
0 0 27 31 1
0 0 28 0 1
0 0 28 1 1
0 0 28 3 2
0 0 28 4 2
0 0 28 5 2
0 0 28 6 2
0 0 28 7 2
0 0 28 8 2
0 0 28 9 2
0 0 28 10 2
0 0 28 11 2
0 0 28 12 2
0 0 28 13 2
0 0 28 14 2
0 0 28 15 2
0 0 28 16 2
0 0 28 17 2
0 0 28 18 2
0 0 28 19 2
0 0 28 20 2
0 0 28 21 2
0 0 28 22 2
0 0 28 23 2
0 0 28 24 2
0 0 28 25 2
0 0 28 26 2
0 0 28 27 2
0 0 28 28 2
0 0 28 30 1
0 0 28 31 1
0 0 29 0 1
0 0 29 1 1
0 0 29 30 1
0 0 29 31 1
0 0 30 0 1
0 0 30 1 1
0 0 30 2 1
0 0 30 3 1
0 0 30 4 1
0 0 30 5 1
0 0 30 6 1
0 0 30 7 1
0 0 30 8 1
0 0 30 9 1
0 0 30 10 1
0 0 30 11 1
0 0 30 12 1
0 0 30 13 1
0 0 30 14 1
0 0 30 15 1
0 0 30 16 1
0 0 30 17 1
0 0 30 18 1
0 0 30 19 1
0 0 30 20 1
0 0 30 21 1
0 0 30 22 1
0 0 30 23 1
0 0 30 24 1
0 0 30 25 1
0 0 30 26 1
0 0 30 27 1
0 0 30 28 1
0 0 30 29 1
0 0 30 30 1
0 0 30 31 1
0 0 31 0 1
0 0 31 1 1
0 0 31 2 1
0 0 31 3 1
0 0 31 4 1
0 0 31 5 1
0 0 31 6 1
0 0 31 7 1
0 0 31 8 1
0 0 31 9 1
0 0 31 10 1
0 0 31 11 1
0 0 31 12 1
0 0 31 13 1
0 0 31 14 1
0 0 31 15 1
0 0 31 16 1
0 0 31 17 1
0 0 31 18 1
0 0 31 19 1
0 0 31 20 1
0 0 31 21 1
0 0 31 22 1
0 0 31 23 1
0 0 31 24 1
0 0 31 25 1
0 0 31 26 1
0 0 31 27 1
0 0 31 28 1
0 0 31 29 1
0 0 31 30 1
0 0 31 31 1
