0 0 0 0 3
1 0 0 0 0 1
1 0 0 0 0 2
1 0 0 0 0 4
1 0 0 0 0 8
1 0 0 0 0 16
1 0 0 0 1 0
1 0 0 0 2 0
1 0 0 0 4 0
1 0 0 0 8 0
1 0 0 0 16 0
0 1 0 0 4
0 1 0 1 1
0 1 0 2 2
1 0 1 0 0 0
1 0 1 0 4 14
1 0 1 0 5 6
1 0 1 0 6 7
1 0 1 0 6 11
1 0 1 0 10 22
1 0 1 0 20 19
1 0 1 0 28 15
1 0 1 0 29 21
1 0 1 0 30 12
1 0 1 0 31 2
1 0 1 1 0 -4
1 0 1 1 1 -17
1 0 1 1 1 -11
1 0 1 1 2 -10
1 0 1 1 5 -2
1 0 1 1 6 -31
1 0 1 1 8 -20
1 0 1 1 8 -19
1 0 1 1 9 -10
1 0 1 1 11 -25
1 0 1 1 13 -27
1 0 1 1 15 -11
1 0 1 1 18 -1
1 0 1 1 21 -6
1 0 1 1 22 -23
1 0 1 1 24 -17
2 1
0 1 0 0 1
0 1 0 1 4
0 1 0 2 4
1 0 1 0 1 8
1 0 1 0 3 9
1 0 1 0 4 4
1 0 1 0 5 9
1 0 1 0 5 24
1 0 1 0 6 21
1 0 1 0 7 12
1 0 1 0 11 12
1 0 1 0 13 14
1 0 1 0 14 14
1 0 1 0 23 5
1 0 1 0 23 16
1 0 1 0 27 8
1 0 1 0 27 22
1 0 1 0 31 27
1 0 1 1 0 -9
1 0 1 1 1 -18
1 0 1 1 1 -15
1 0 1 1 6 -14
1 0 1 1 19 -8
1 0 1 1 21 -31
1 0 1 1 21 -22
1 0 1 1 22 -30
1 0 1 1 23 -19
1 0 1 1 26 -20
1 0 1 1 27 -18
1 0 1 0 9 20
1 0 1 0 15 18
1 0 1 0 18 28
1 0 1 0 22 25
1 0 1 0 30 10
2 1
0 1 0 0 2
0 1 0 1 4
0 1 0 2 2
1 0 1 0 8 23
1 0 1 0 9 17
1 0 1 0 11 3
1 0 1 0 12 23
1 0 1 0 15 23
1 0 1 0 16 9
1 0 1 0 17 11
1 0 1 0 18 23
1 0 1 0 28 6
1 0 1 0 29 18
1 0 1 0 30 1
1 0 1 0 30 21
1 0 1 0 31 19
1 0 1 1 1 -31
1 0 1 1 9 -30
1 0 1 1 11 -29
1 0 1 1 14 -9
1 0 1 1 15 -28
1 0 1 1 17 -12
1 0 1 1 17 0
1 0 1 1 25 -1
1 0 1 0 12 29
1 0 1 1 16 -22
2 1
0 1 0 0 1
0 1 0 1 1
0 1 0 2 2
1 0 1 0 4 0
1 0 1 0 4 24
1 0 1 0 15 11
1 0 1 0 18 3
1 0 1 0 20 1
1 0 1 1 0 -1
1 0 1 1 4 0
1 0 1 1 5 -12
1 0 1 1 6 -15
1 0 1 1 11 -3
1 0 1 1 16 -31
1 0 1 1 22 -11
1 0 1 1 27 -31
1 0 1 1 28 -26
1 0 1 0 4 7
1 0 1 0 8 6
1 0 1 0 13 29
1 0 1 0 19 17
1 0 1 0 26 11
1 0 1 0 27 13
1 0 1 0 28 25
1 0 1 1 0 -23
1 0 1 1 0 -12
1 0 1 1 1 -14
1 0 1 1 11 -4
1 0 1 1 22 -18
2 1
0 1 0 0 1
0 1 0 1 4
0 1 0 2 2
1 0 1 0 0 5
1 0 1 0 9 23
1 0 1 0 14 5
1 0 1 0 31 9
1 0 1 1 3 -4
1 0 1 1 18 -16
1 0 1 1 20 -14
1 0 1 1 22 -8
1 0 1 1 24 -28
1 0 1 1 27 -30
1 0 1 1 28 0
1 0 1 0 13 0
1 0 1 0 31 17
1 0 1 1 13 -5
2 1
0 1 0 0 2
0 1 0 1 2
0 1 0 2 2
1 0 1 0 7 26
1 0 1 0 9 26
1 0 1 0 10 25
1 0 1 0 13 11
1 0 1 0 21 5
1 0 1 0 26 7
1 0 1 1 1 -28
1 0 1 1 10 -24
1 0 1 1 11 -11
1 0 1 1 18 -18
1 0 1 1 22 -7
1 0 1 0 0 24
1 0 1 0 9 7
1 0 1 0 14 21
1 0 1 0 27 19
1 0 1 1 9 -14
1 0 1 1 10 -5
1 0 1 1 23 -20
2 1
0 1 0 0 2
0 1 0 1 4
0 1 0 2 4
1 0 1 0 5 3
1 0 1 0 5 15
1 0 1 0 18 16
1 0 1 0 25 22
1 0 1 1 16 -4
1 0 1 1 20 -17
1 0 1 1 25 -13
1 0 1 0 1 21
1 0 1 0 6 13
1 0 1 0 14 24
1 0 1 0 24 0
1 0 1 1 0 -6
1 0 1 1 2 -25
1 0 1 1 5 -11
1 0 1 1 11 -7
1 0 1 1 20 -10
1 0 1 1 29 -3
2 1
0 1 0 0 1
0 1 0 1 2
0 1 0 2 1
1 0 1 0 8 26
1 0 1 0 10 4
1 0 1 0 16 13
1 0 1 0 19 0
1 0 1 1 10 -12
1 0 1 1 21 -28
1 0 1 0 0 17
1 0 1 0 26 21
1 0 1 1 16 -27
1 0 1 1 17 -9
1 0 1 1 26 -12
2 1
0 1 0 0 4
0 1 0 1 1
0 1 0 2 1
1 0 1 0 3 29
1 0 1 0 7 4
1 0 1 0 14 10
1 0 1 0 30 24
1 0 1 1 29 -1
1 0 1 0 8 4
1 0 1 0 14 16
1 0 1 0 20 23
1 0 1 0 27 24
1 0 1 1 6 -9
1 0 1 1 26 0
2 1
0 1 0 0 2
0 1 0 1 1
1 0 1 0 10 13
1 0 1 0 12 16
1 0 1 0 14 2
1 0 1 0 17 6
1 0 1 0 17 28
1 0 1 0 19 28
1 0 1 0 21 15
1 0 1 0 24 30
1 0 1 0 28 2
1 0 1 0 31 0
1 0 1 1 2 -8
1 0 1 1 10 -23
1 0 1 1 10 -1
1 0 1 1 14 -4
1 0 1 1 18 -23
1 0 1 1 18 -17
1 0 1 1 19 -26
1 0 1 1 20 -20
1 0 1 1 25 -30
2 1
0 1 0 0 4
0 1 0 1 4
0 1 0 2 2
1 0 1 0 0 10
1 0 1 1 15 -15
1 0 1 0 5 11
1 0 1 0 10 0
1 0 1 0 11 14
1 0 1 0 12 9
1 0 1 0 15 1
1 0 1 0 25 27
1 0 1 0 26 25
1 0 1 1 2 -5
1 0 1 1 2 -2
1 0 1 1 19 -25
1 0 1 1 23 -25
2 1
0 1 0 0 1
0 1 0 1 1
1 0 1 0 0 3
1 0 1 0 15 9
1 0 1 0 29 6
1 0 1 0 29 8
1 0 1 0 29 10
1 0 1 1 1 -30
1 0 1 1 9 -16
1 0 1 1 15 -1
1 0 1 1 19 -15
1 0 1 1 21 -1
2 1
0 1 0 0 4
0 1 0 2 4
1 0 1 0 19 25
1 0 1 0 20 8
1 0 1 0 27 2
1 0 1 0 30 16
1 0 1 0 31 23
1 0 1 1 1 -19
1 0 1 1 19 -19
1 0 1 1 24 -21
1 0 1 1 25 -15
2 1
0 1 0 0 1
0 1 0 1 4
1 0 1 0 6 2
1 0 1 1 3 -9
1 0 1 1 13 -23
1 0 1 1 14 0
1 0 1 1 23 -5
2 1
0 1 0 0 2
0 1 0 1 4
1 0 1 0 22 5
1 0 1 0 30 8
1 0 1 1 0 -16
1 0 1 1 19 -27
1 0 1 1 27 -2
2 1
0 1 0 0 2
0 1 0 1 2
1 0 1 0 6 5
1 0 1 0 8 2
1 0 1 1 5 -13
1 0 1 1 28 -7
2 1
0 1 0 0 1
0 1 0 1 2
1 0 1 0 5 0
1 0 1 0 8 19
1 0 1 0 25 8
1 0 1 1 22 -27
0 0 0 20 2
0 0 0 28 2
0 0 0 29 2
0 0 0 31 2
0 0 1 2 2
0 0 1 6 2
0 0 1 18 1
0 0 1 24 1
0 0 1 28 4
0 0 2 5 2
0 0 2 10 4
0 0 2 11 2
0 0 2 15 1
0 0 2 18 1
0 0 2 31 4
0 0 3 7 4
0 0 3 8 4
0 0 3 18 4
0 0 3 25 2
0 0 4 12 1
0 0 4 17 2
0 0 4 20 2
0 0 6 25 1
0 0 6 30 1
0 0 7 7 4
0 0 7 9 1
0 0 7 15 1
0 0 7 23 2
0 0 7 31 4
0 0 8 10 2
0 0 8 13 2
0 0 8 29 2
0 0 9 0 1
0 0 9 3 2
0 0 9 16 2
0 0 9 31 2
0 0 10 10 2
0 0 11 11 2
0 0 11 18 1
0 0 11 25 1
0 0 12 1 4
0 0 12 3 1
0 0 12 14 1
0 0 12 21 1
0 0 13 17 4
0 0 13 18 4
0 0 13 25 1
0 0 14 0 4
0 0 14 28 4
0 0 14 30 2
0 0 15 15 2
0 0 15 28 1
0 0 16 2 1
0 0 16 7 2
0 0 16 19 4
0 0 16 21 4
0 0 16 26 2
0 0 17 1 2
0 0 17 15 1
0 0 17 18 1
0 0 17 21 2
0 0 17 25 1
0 0 18 2 1
0 0 18 7 4
0 0 18 11 1
0 0 18 21 2
0 0 18 26 1
0 0 20 7 1
0 0 20 22 1
0 0 20 31 4
0 0 21 1 4
0 0 21 19 2
0 0 21 26 1
0 0 21 28 1
0 0 22 10 4
0 0 22 18 2
0 0 23 2 2
0 0 23 10 2
0 0 23 15 1
0 0 24 5 4
0 0 24 17 1
0 0 24 21 2
0 0 24 27 2
0 0 24 29 2
0 0 25 0 2
0 0 25 15 1
0 0 25 21 1
0 0 25 25 1
0 0 25 31 1
0 0 26 6 4
0 0 26 28 4
0 0 27 5 4
0 0 27 7 2
0 0 27 12 4
0 0 27 27 4
0 0 28 9 4
0 0 28 12 1
0 0 28 14 1
0 0 28 21 4
0 0 28 30 2
0 0 29 17 4
0 0 29 26 1
0 0 30 4 1
0 0 30 15 1
0 0 30 27 1
0 0 31 5 4
0 0 31 6 1
0 0 31 16 1
0 0 31 22 2
0 0 31 26 4
0 0 31 31 1
