0 0 1 1 1
1 0 0 0 0 1
1 0 0 0 0 2
1 0 0 0 0 4
1 0 0 0 0 8
1 0 0 0 0 13
1 0 0 0 1 0
1 0 0 0 2 0
1 0 0 0 4 0
1 0 0 0 8 0
1 0 0 0 13 0
0 1 0 0 2
1 1 1 0 0 1
1 1 1 0 0 2
1 1 1 0 0 3
1 1 1 1 0 -31
1 1 1 2 -25 -25
0 2 0 0 2
1 2 2 0 0 1
1 2 2 0 0 1
1 2 2 0 1 0
1 2 2 0 1 0
1 1 2 0 2 2
1 0 1 0 5 5
1 0 1 0 5 19
1 0 1 0 19 5
0 3 0 0 2
1 3 3 0 0 4
1 0 3 0 5 13
1 0 3 0 7 17
1 0 3 0 13 13
1 0 3 0 14 6
1 0 3 1 15 -6
1 0 3 0 17 21
1 0 3 1 20 -16
1 0 3 0 20 17
1 0 3 0 25 13
1 0 3 0 25 20
0 4 0 0 2
1 0 4 0 13 25
1 0 4 0 14 24
1 0 4 0 16 9
1 0 4 0 19 16
1 0 4 0 21 19
1 0 4 0 22 20
1 0 4 0 23 19
1 0 4 0 24 18
2 2
0 2 0 0 2
1 2 2 0 0 1
1 0 2 0 6 15
1 0 2 0 10 13
1 0 2 0 13 11
1 0 2 0 15 7
1 0 2 0 16 6
1 0 2 0 17 6
1 0 2 0 18 13
1 0 2 0 18 17
1 0 2 0 18 22
1 0 2 0 23 16
1 0 2 1 13 -22
1 0 2 1 17 -11
1 0 2 1 24 -10
1 0 2 1 16 -7
1 0 2 1 24 -6
2 1
0 1 0 0 2
1 1 1 0 0 1
1 1 1 0 0 1
1 0 1 0 15 21
1 0 1 0 16 15
1 0 1 1 13 -26
1 0 1 1 11 -16
1 0 1 1 9 -14
1 0 1 1 14 -14
1 0 1 1 21 -8
1 0 1 1 20 -7
2 3
0 3 0 0 2
1 3 3 0 0 1
1 3 3 0 0 2
1 0 3 0 8 13
1 0 3 0 12 13
1 0 3 0 15 11
1 0 3 0 22 22
1 0 3 1 12 -17
1 0 3 1 17 -13
1 0 3 1 22 -9
2 4
0 4 0 0 2
1 4 4 0 0 1
1 4 4 0 0 2
1 4 4 0 0 1
1 0 4 0 13 18
1 0 4 0 17 11
1 0 4 0 21 13
1 0 4 1 8 -18
1 0 4 1 15 -18
1 0 4 1 21 -17
1 0 4 1 21 -15
1 0 4 1 13 -12
