0 0 0 0 4
0 0 0 1 4
0 0 0 2 4
0 0 0 3 4
0 0 0 4 4
0 0 0 5 4
0 0 0 6 4
0 0 0 7 4
0 0 0 8 4
0 0 0 9 4
0 0 0 10 4
0 0 0 11 4
0 0 0 12 4
0 0 0 13 4
0 0 0 14 4
0 0 0 15 4
0 0 0 16 4
0 0 0 17 4
0 0 0 18 4
0 0 0 19 4
0 0 0 20 4
0 0 1 0 4
0 0 1 1 4
0 0 1 2 4
0 0 1 3 4
0 0 1 4 4
0 0 1 5 4
0 0 1 6 4
0 0 1 7 4
0 0 1 8 4
0 0 1 9 4
0 0 1 10 4
0 0 1 11 4
0 0 1 12 4
0 0 1 13 4
0 0 1 14 4
0 0 1 15 4
0 0 1 16 4
0 0 1 17 4
0 0 1 18 4
0 0 1 19 4
0 0 2 0 4
0 0 2 1 4
0 0 2 2 4
0 0 2 3 4
0 0 2 4 4
0 0 2 5 4
0 0 2 6 4
0 0 2 7 4
0 0 2 8 4
0 0 2 9 4
0 0 2 10 4
0 0 2 11 4
0 0 2 12 4
0 0 2 13 4
0 0 2 14 4
0 0 2 20 4
0 0 2 21 4
0 0 2 22 4
0 0 2 23 4
0 0 3 0 4
0 0 3 1 4
0 0 3 2 4
0 0 3 3 4
0 0 3 4 4
0 0 3 5 4
0 0 3 6 4
0 0 3 9 4
0 0 3 10 4
0 0 3 11 4
0 0 3 12 4
0 0 3 15 4
0 0 3 16 2
0 0 3 17 1
0 0 3 18 1
0 0 3 19 2
0 0 3 20 4
0 0 4 0 4
0 0 4 1 4
0 0 4 2 4
0 0 4 3 4
0 0 4 4 4
0 0 4 9 4
0 0 4 10 4
0 0 4 11 4
0 0 4 13 4
0 0 4 14 1
0 0 4 15 1
0 0 4 16 1
0 0 4 17 1
0 0 4 18 1
0 0 4 19 1
0 0 4 20 1
0 0 4 21 2
0 0 4 22 2
0 0 4 23 4
0 0 5 0 4
0 0 5 1 4
0 0 5 2 4
0 0 5 4 4
0 0 5 9 4
0 0 5 10 4
0 0 5 12 2
0 0 5 13 1
0 0 5 14 1
0 0 5 15 1
0 0 5 16 1
0 0 5 17 1
0 0 5 18 1
0 0 5 19 1
0 0 5 20 1
0 0 5 21 1
0 0 5 22 1
0 0 5 23 1
0 0 5 24 4
0 0 6 0 4
0 0 6 1 4
0 0 6 8 4
0 0 6 9 4
0 0 6 11 2
0 0 6 12 1
0 0 6 13 1
0 0 6 14 1
0 0 6 15 1
0 0 6 16 1
0 0 6 17 1
0 0 6 18 1
0 0 6 19 1
0 0 6 20 1
0 0 6 21 1
0 0 6 22 1
0 0 6 23 1
0 0 6 24 1
0 0 6 25 4
0 0 7 0 4
0 0 7 1 4
0 0 7 8 4
0 0 7 10 2
0 0 7 11 1
0 0 7 12 1
0 0 7 13 1
0 0 7 14 1
0 0 7 15 1
0 0 7 16 1
0 0 7 17 1
0 0 7 18 1
0 0 7 19 1
0 0 7 20 1
0 0 7 21 1
0 0 7 22 1
0 0 7 23 1
0 0 7 24 1
0 0 7 25 1
0 0 7 26 4
0 0 8 7 4
0 0 8 9 4
0 0 8 10 1
0 0 8 11 1
0 0 8 12 1
0 0 8 13 1
0 0 8 14 1
0 0 8 15 1
0 0 8 16 1
0 0 8 17 2
0 0 8 18 2
0 0 8 19 2
0 0 8 20 2
0 0 8 21 1
0 0 8 22 1
0 0 8 23 1
0 0 8 24 1
0 0 8 25 1
0 0 8 26 2
0 0 8 28 4
0 0 9 7 4
0 0 9 9 2
0 0 9 10 1
0 0 9 11 1
0 0 9 12 1
0 0 9 13 1
0 0 9 14 1
0 0 9 15 1
0 0 9 16 2
0 0 9 17 2
0 0 9 18 2
0 0 9 19 2
0 0 9 20 4
0 0 9 21 2
0 0 9 22 1
0 0 9 23 1
0 0 9 24 1
0 0 9 25 1
0 0 9 26 1
0 0 10 7 4
0 0 10 9 2
0 0 10 10 1
0 0 10 11 1
0 0 10 12 1
0 0 10 13 1
0 0 10 14 1
0 0 10 15 1
0 0 10 16 2
0 0 10 17 2
0 0 10 18 2
0 0 10 19 4
0 0 10 20 4
0 0 10 21 2
0 0 10 22 1
0 0 10 23 1
0 0 10 24 1
0 0 10 25 1
0 0 10 26 1
0 0 10 27 4
0 0 11 7 4
0 0 11 9 2
0 0 11 10 1
0 0 11 11 1
0 0 11 12 1
0 0 11 13 1
0 0 11 14 1
0 0 11 15 2
0 0 11 16 2
0 0 11 17 2
0 0 11 18 4
0 0 11 19 4
0 0 11 20 4
0 0 11 21 2
0 0 11 22 1
0 0 11 23 1
0 0 11 24 1
0 0 11 25 1
0 0 11 26 1
0 0 11 27 4
0 0 12 7 4
0 0 12 9 2
0 0 12 10 1
0 0 12 11 1
0 0 12 12 2
0 0 12 13 2
0 0 12 14 2
0 0 12 15 2
0 0 12 16 2
0 0 12 17 2
0 0 12 18 2
0 0 12 19 2
0 0 12 20 4
0 0 12 21 2
0 0 12 22 1
0 0 12 23 1
0 0 12 24 1
0 0 12 25 1
0 0 12 26 1
0 0 12 27 4
0 0 13 7 4
0 0 13 9 4
0 0 13 10 1
0 0 13 11 1
0 0 13 12 1
0 0 13 13 1
0 0 13 14 1
0 0 13 15 2
0 0 13 16 2
0 0 13 17 2
0 0 13 18 2
0 0 13 19 2
0 0 13 20 2
0 0 13 21 2
0 0 13 22 1
0 0 13 23 1
0 0 13 24 1
0 0 13 25 1
0 0 13 26 1
0 0 14 9 4
0 0 14 10 2
0 0 14 11 2
0 0 14 12 2
0 0 14 13 2
0 0 14 14 1
0 0 14 15 2
0 0 14 16 4
0 0 14 17 1
0 0 14 18 1
0 0 14 19 2
0 0 14 20 2
0 0 14 21 2
0 0 14 22 1
0 0 14 23 1
0 0 14 24 1
0 0 14 25 1
0 0 14 26 2
0 0 15 9 4
0 0 15 10 2
0 0 15 11 2
0 0 15 12 2
0 0 15 13 2
0 0 15 14 2
0 0 15 15 4
0 0 15 16 2
0 0 15 17 2
0 0 15 18 1
0 0 15 19 2
0 0 15 20 2
0 0 15 21 4
0 0 15 22 2
0 0 15 23 1
0 0 15 24 1
0 0 15 25 2
0 0 16 9 2
0 0 16 10 2
0 0 16 11 2
0 0 16 12 1
0 0 16 13 1
0 0 16 14 2
0 0 16 15 4
0 0 16 16 2
0 0 16 17 2
0 0 16 18 2
0 0 16 19 4
0 0 16 20 4
0 0 16 21 4
0 0 16 22 2
0 0 16 23 1
0 0 16 24 2
0 0 16 25 4
0 0 17 7 4
0 0 17 9 2
0 0 17 10 2
0 0 17 11 1
0 0 17 12 1
0 0 17 13 1
0 0 17 14 2
0 0 17 15 2
0 0 17 16 2
0 0 17 17 2
0 0 17 18 2
0 0 17 19 4
0 0 17 20 4
0 0 17 21 4
0 0 17 22 2
0 0 17 23 1
0 0 17 24 4
0 0 17 25 4
0 0 18 7 4
0 0 18 9 4
0 0 18 10 2
0 0 18 11 1
0 0 18 12 1
0 0 18 13 1
0 0 18 14 1
0 0 18 15 2
0 0 18 16 4
0 0 18 17 2
0 0 18 18 2
0 0 18 19 2
0 0 18 20 4
0 0 18 21 4
0 0 18 22 4
0 0 18 23 2
0 0 18 24 4
0 0 19 9 4
0 0 19 10 2
0 0 19 11 1
0 0 19 12 1
0 0 19 13 2
0 0 19 14 2
0 0 19 15 2
0 0 19 16 2
0 0 19 17 2
0 0 19 18 2
0 0 19 19 2
0 0 19 20 2
0 0 19 21 4
0 0 19 22 4
0 0 19 23 4
0 0 19 24 4
0 0 20 10 2
0 0 20 11 2
0 0 20 12 1
0 0 20 13 1
0 0 20 14 2
0 0 20 15 2
0 0 20 16 2
0 0 20 17 1
0 0 20 18 2
0 0 20 19 2
0 0 20 20 4
0 0 20 21 4
0 0 20 22 2
0 0 20 23 4
0 0 21 8 4
0 0 21 10 4
0 0 21 11 2
0 0 21 12 2
0 0 21 13 2
0 0 21 14 2
0 0 21 15 2
0 0 21 16 2
0 0 21 17 2
0 0 21 18 2
0 0 21 19 2
0 0 21 20 4
0 0 21 21 2
0 0 21 22 4
0 0 22 11 2
0 0 22 12 2
0 0 22 13 2
0 0 22 14 2
0 0 22 15 2
0 0 22 16 2
0 0 22 17 2
0 0 22 18 2
0 0 22 19 2
0 0 22 20 2
0 0 22 21 4
0 0 23 10 4
0 0 23 11 1
0 0 23 12 2
0 0 23 13 2
0 0 23 14 2
0 0 23 15 4
0 0 23 16 4
0 0 23 17 2
0 0 23 18 2
0 0 23 19 2
0 0 23 20 2
0 0 23 22 4
0 0 23 23 4
0 0 24 9 4
0 0 24 10 1
0 0 24 11 1
0 0 24 12 1
0 0 24 13 1
0 0 24 14 2
0 0 24 15 2
0 0 24 16 2
0 0 24 17 2
0 0 24 18 2
0 0 24 19 4
0 0 24 21 4
0 0 24 22 2
0 0 24 23 4
0 0 25 8 4
0 0 25 9 2
0 0 25 10 1
0 0 25 11 1
0 0 25 12 1
0 0 25 13 1
0 0 25 14 1
0 0 25 15 1
0 0 25 16 2
0 0 25 17 4
0 0 25 20 2
0 0 25 21 2
0 0 25 22 2
0 0 25 23 2
0 0 26 5 4
0 0 26 9 4
0 0 26 10 1
0 0 26 11 1
0 0 26 12 1
0 0 26 13 2
0 0 26 14 4
0 0 26 18 4
0 0 26 19 2
0 0 26 20 2
0 0 26 21 2
0 0 26 22 2
0 0 26 23 2
0 0 26 24 4
0 0 27 3 4
0 0 27 6 4
0 0 27 7 2
0 0 27 8 1
0 0 27 9 2
0 0 27 10 2
0 0 27 11 1
0 0 27 12 2
0 0 27 13 2
0 0 27 15 4
0 0 27 17 2
0 0 27 18 1
0 0 27 19 2
0 0 27 20 2
0 0 27 21 2
0 0 27 22 1
0 0 27 23 1
0 0 27 24 2
0 0 28 2 4
0 0 28 4 4
0 0 28 5 2
0 0 28 6 1
0 0 28 7 1
0 0 28 8 1
0 0 28 9 1
0 0 28 10 2
0 0 28 11 4
0 0 28 12 2
0 0 28 13 2
0 0 28 14 4
0 0 28 15 4
0 0 28 16 2
0 0 28 17 1
0 0 28 18 2
0 0 28 19 2
0 0 28 20 1
0 0 28 21 1
0 0 28 22 1
0 0 28 23 2
0 0 28 24 2
0 0 28 25 4
0 0 29 1 4
0 0 29 3 4
0 0 29 4 1
0 0 29 5 1
0 0 29 6 1
0 0 29 7 1
0 0 29 8 1
0 0 29 9 1
0 0 29 10 4
0 0 29 11 4
0 0 29 12 2
0 0 29 13 4
0 0 29 14 4
0 0 29 15 2
0 0 29 16 1
0 0 29 17 1
0 0 29 18 1
0 0 29 19 1
0 0 29 20 1
0 0 29 21 1
0 0 29 22 2
0 0 29 23 2
0 0 29 24 2
0 0 29 25 2
0 0 29 26 4
0 0 30 3 1
0 0 30 4 1
0 0 30 5 1
0 0 30 6 1
0 0 30 7 1
0 0 30 8 1
0 0 30 9 4
0 0 30 10 4
0 0 30 11 4
0 0 30 12 4
0 0 30 13 4
0 0 30 14 2
0 0 30 15 1
0 0 30 16 2
0 0 30 17 1
0 0 30 18 1
0 0 30 19 2
0 0 30 20 2
0 0 30 21 2
0 0 30 22 2
0 0 30 23 2
0 0 30 24 2
0 0 30 25 2
0 0 30 26 2
0 0 31 2 2
0 0 31 3 1
0 0 31 4 1
0 0 31 5 1
0 0 31 6 1
0 0 31 7 1
0 0 31 8 2
0 0 31 9 4
0 0 31 10 4
0 0 31 11 4
0 0 31 12 4
0 0 31 13 2
0 0 31 14 1
0 0 31 15 2
0 0 31 16 1
0 0 31 17 1
0 0 31 18 1
0 0 31 19 1
0 0 31 20 1
0 0 31 21 2
0 0 31 22 2
0 0 31 23 2
0 0 31 24 2
0 0 31 25 2
0 0 31 26 2
0 0 31 27 4
