0 1 0 0 1
1 1 1 0 0 1
1 1 1 0 0 2
1 1 1 0 0 4
1 1 1 0 0 8
1 1 1 0 0 16
1 1 1 0 1 0
1 0 1 0 0 0
1 0 1 0 30 0
1 0 1 1 0 -30
1 0 1 1 0 0
2 1
0 1 0 0 2
1 1 1 0 0 1
1 1 1 0 0 2
1 1 1 0 0 4
1 1 1 0 0 8
1 1 1 0 0 10
1 1 1 0 1 0
1 0 1 0 3 3
1 0 1 0 27 3
1 0 1 1 3 -27
1 0 1 1 3 -3
2 1
0 1 0 0 3
1 1 1 0 0 1
1 1 1 0 0 2
1 1 1 0 0 4
1 1 1 0 0 8
1 1 1 0 0 4
1 1 1 0 1 0
1 0 1 0 6 6
1 0 1 0 24 6
1 0 1 1 6 -24
1 0 1 1 6 -6
2 1
0 1 0 0 4
1 1 1 0 0 1
1 1 1 0 0 2
1 1 1 0 0 4
1 1 1 0 0 6
1 1 1 0 1 0
1 0 1 0 9 9
1 0 1 0 21 9
1 0 1 1 9 -21
1 0 1 1 9 -9
2 1
0 1 0 0 1
1 1 1 0 0 1
1 1 1 0 0 2
1 1 1 0 0 4
1 1 1 0 1 0
1 0 1 0 12 12
1 0 1 0 18 12
1 0 1 1 12 -18
1 0 1 1 12 -12
2 1
0 1 0 0 2
1 1 1 0 0 1
1 1 1 0 1 0
1 0 1 0 15 15
